393 1730
1750 26712
26712 1750
4805 312497
312497 4805
6237 322531
322531 6237
6237 224661
224661 6237
6237 138950
138950 6237
6237 38013
38013 6237
6648 176333
176333 6648
6648 163175
163175 6648
6648 101035
101035 6648
6648 62341
62341 6648
6648 12604
12604 6648
7784 332346
332346 7784
7784 320537
320537 7784
7784 308834
308834 7784
7784 167649
167649 7784
7784 161333
161333 7784
7784 154558
154558 7784
7784 129511
129511 7784
7784 127771
127771 7784
7784 113217
113217 7784
7784 111290
111290 7784
7784 101035
101035 7784
7784 90015
90015 7784
7784 43362
43362 7784
7784 29255
29255 7784
9386 332346
332346 9386
9386 322216
322216 9386
9386 320537
320537 9386
9386 312497
312497 9386
9386 310354
310354 9386
9386 308834
308834 9386
9386 305182
305182 9386
9386 281734
281734 9386
9386 278559
278559 9386
9386 242159
242159 9386
9386 199007
199007 9386
9386 192992
192992 9386
9386 189978
189978 9386
9386 182883
182883 9386
9386 160024
160024 9386
9386 152331
152331 9386
9386 151685
151685 9386
9386 127771
127771 9386
9386 111290
111290 9386
9386 110510
110510 9386
9386 101035
101035 9386
9386 96523
96523 9386
9386 65398
65398 9386
9386 43362
43362 9386
9386 29255
29255 9386
9386 16339
16339 9386
9386 10223
10223 9386
9919 58236
58236 9919
10223 322216
322216 10223
10223 312497
312497 10223
10223 310354
310354 10223
10223 308453
308453 10223
10223 300562
300562 10223
10223 263856
263856 10223
10223 246132
246132 10223
10223 242159
242159 10223
10223 169665
169665 10223
10223 154558
154558 10223
10223 133378
133378 10223
10223 132423
132423 10223
10223 130838
130838 10223
10223 96523
96523 10223
10223 77722
77722 10223
10223 49939
49939 10223
10223 49508
49508 10223
10223 35478
35478 10223
10223 29255
29255 10223
16339 43362
43362 16339
17064 266031
266031 17064
17064 61892
61892 17064
17064 55063
55063 17064
26712 322216
322216 26712
26712 320537
320537 26712
26712 264090
264090 26712
26712 242159
242159 26712
26712 226264
226264 26712
26712 161333
161333 26712
26712 160024
160024 26712
26712 154558
154558 26712
26712 152331
152331 26712
26712 133378
133378 26712
26712 127771
127771 26712
26712 110510
110510 26712
26712 65398
65398 26712
26712 38013
38013 26712
29255 332346
332346 29255
29255 322216
322216 29255
29255 312497
312497 29255
29255 310354
310354 29255
29255 300562
300562 29255
29255 281734
281734 29255
29255 219516
219516 29255
29255 215493
215493 29255
29255 192992
192992 29255
29255 169665
169665 29255
29255 154558
154558 29255
29255 138950
138950 29255
29255 133378
133378 29255
29255 132423
132423 29255
29255 130838
130838 29255
29255 127771
127771 29255
29255 113217
113217 29255
29255 101035
101035 29255
29255 96523
96523 29255
29255 57311
57311 29255
29255 50354
50354 29255
29255 43362
43362 29255
29255 38013
38013 29255
29255 35478
35478 29255
29778 191902
191902 29778
34154 85202
85202 34154
35478 332346
332346 35478
35478 322216
322216 35478
35478 320537
320537 35478
35478 310354
310354 35478
35478 308834
308834 35478
35478 308453
308453 35478
35478 307201
307201 35478
35478 305182
305182 35478
35478 302110
302110 35478
35478 242159
242159 35478
35478 226264
226264 35478
35478 219516
219516 35478
35478 215493
215493 35478
35478 192992
192992 35478
35478 189978
189978 35478
35478 172863
172863 35478
35478 167649
167649 35478
35478 161333
161333 35478
35478 161106
161106 35478
35478 154558
154558 35478
35478 152331
152331 35478
35478 133378
133378 35478
35478 111290
111290 35478
35478 101035
101035 35478
35478 85202
85202 35478
35478 57311
57311 35478
35478 43362
43362 35478
35478 38013
38013 35478
38013 332346
332346 38013
38013 322216
322216 38013
38013 320537
320537 38013
38013 310354
310354 38013
38013 308834
308834 38013
38013 308453
308453 38013
38013 305182
305182 38013
38013 302110
302110 38013
38013 264090
264090 38013
38013 242159
242159 38013
38013 224661
224661 38013
38013 215493
215493 38013
38013 192992
192992 38013
38013 167649
167649 38013
38013 161106
161106 38013
38013 133746
133746 38013
38013 132423
132423 38013
38013 113217
113217 38013
38013 111290
111290 38013
38013 110510
110510 38013
38013 101035
101035 38013
38013 85202
85202 38013
38013 65398
65398 38013
38013 49939
49939 38013
40242 320537
320537 40242
40242 300562
300562 40242
40242 242159
242159 40242
40242 182883
182883 40242
40242 136953
136953 40242
40242 133378
133378 40242
43362 332346
332346 43362
43362 322216
322216 43362
43362 312497
312497 43362
43362 310354
310354 43362
43362 308834
308834 43362
43362 308453
308453 43362
43362 307201
307201 43362
43362 305182
305182 43362
43362 302110
302110 43362
43362 300562
300562 43362
43362 281734
281734 43362
43362 246132
246132 43362
43362 242159
242159 43362
43362 219516
219516 43362
43362 215493
215493 43362
43362 192992
192992 43362
43362 182883
182883 43362
43362 167649
167649 43362
43362 161333
161333 43362
43362 161106
161106 43362
43362 154558
154558 43362
43362 152331
152331 43362
43362 151685
151685 43362
43362 144296
144296 43362
43362 136953
136953 43362
43362 133746
133746 43362
43362 133378
133378 43362
43362 132423
132423 43362
43362 129511
129511 43362
43362 127771
127771 43362
43362 113217
113217 43362
43362 110510
110510 43362
43362 101035
101035 43362
43362 96523
96523 43362
43362 90015
90015 43362
43362 65398
65398 43362
43362 57311
57311 43362
43362 50354
50354 43362
43362 49939
49939 43362
49508 152331
152331 49508
49763 319194
319194 49763
49939 332346
332346 49939
49939 308834
308834 49939
49939 308453
308453 49939
49939 307201
307201 49939
49939 255693
255693 49939
49939 246132
246132 49939
49939 189978
189978 49939
49939 182883
182883 49939
49939 154558
154558 49939
49939 144296
144296 49939
49939 133378
133378 49939
49939 132423
132423 49939
49939 129511
129511 49939
49939 127771
127771 49939
49939 113217
113217 49939
49939 110510
110510 49939
49939 101035
101035 49939
49939 65398
65398 49939
50354 332346
332346 50354
50354 322216
322216 50354
50354 312497
312497 50354
50354 310354
310354 50354
50354 264090
264090 50354
50354 242159
242159 50354
50354 215493
215493 50354
50354 192992
192992 50354
50354 182883
182883 50354
50354 167649
167649 50354
50354 154558
154558 50354
50354 133378
133378 50354
50354 130838
130838 50354
50354 113217
113217 50354
50354 111290
111290 50354
50354 101035
101035 50354
50354 96523
96523 50354
50354 57311
57311 50354
51581 312497
312497 51581
55063 172863
172863 55063
55063 127771
127771 55063
57311 332346
332346 57311
57311 320537
320537 57311
57311 312497
312497 57311
57311 308834
308834 57311
57311 308453
308453 57311
57311 242159
242159 57311
57311 219516
219516 57311
57311 215493
215493 57311
57311 199007
199007 57311
57311 192992
192992 57311
57311 189978
189978 57311
57311 167649
167649 57311
57311 161333
161333 57311
57311 161106
161106 57311
57311 152331
152331 57311
57311 132423
132423 57311
57311 129511
129511 57311
57311 113217
113217 57311
57311 111290
111290 57311
57311 90015
90015 57311
57311 65398
65398 57311
62161 327999
327999 62161
62341 264090
264090 62341
62341 226264
226264 62341
62341 172863
172863 62341
62341 169665
169665 62341
62341 145460
145460 62341
65398 332346
332346 65398
65398 322216
322216 65398
65398 308453
308453 65398
65398 307201
307201 65398
65398 305182
305182 65398
65398 300562
300562 65398
65398 278559
278559 65398
65398 246132
246132 65398
65398 242159
242159 65398
65398 226264
226264 65398
65398 219516
219516 65398
65398 192992
192992 65398
65398 182883
182883 65398
65398 169665
169665 65398
65398 161333
161333 65398
65398 161106
161106 65398
65398 154558
154558 65398
65398 152331
152331 65398
65398 144296
144296 65398
65398 136953
136953 65398
65398 133378
133378 65398
65398 129511
129511 65398
65398 127771
127771 65398
65398 113217
113217 65398
65398 110510
110510 65398
65398 77722
77722 65398
70725 315749
315749 70725
74146 322531
322531 74146
74146 138950
138950 74146
74146 110238
110238 74146
74146 102431
102431 74146
74146 76903
76903 74146
75729 322531
322531 75729
76710 322216
322216 76710
76710 320537
320537 76710
76710 278559
278559 76710
76710 219516
219516 76710
76710 192992
192992 76710
76903 145460
145460 76903
77722 320537
320537 77722
77722 310354
310354 77722
77722 308834
308834 77722
77722 308453
308453 77722
77722 307201
307201 77722
77722 302110
302110 77722
77722 246132
246132 77722
77722 242159
242159 77722
77722 219516
219516 77722
77722 192992
192992 77722
77722 189978
189978 77722
77722 182883
182883 77722
77722 167649
167649 77722
77722 161333
161333 77722
77722 161106
161106 77722
77722 160024
160024 77722
77722 144296
144296 77722
77722 133378
133378 77722
77722 132423
132423 77722
77722 113217
113217 77722
77722 101035
101035 77722
77722 99994
99994 77722
80640 255693
255693 80640
85202 327130
327130 85202
85202 118125
118125 85202
87923 102218
102218 87923
90015 332346
332346 90015
90015 322216
322216 90015
90015 310354
310354 90015
90015 308834
308834 90015
90015 307201
307201 90015
90015 300562
300562 90015
90015 263856
263856 90015
90015 246132
246132 90015
90015 242159
242159 90015
90015 226264
226264 90015
90015 219516
219516 90015
90015 192992
192992 90015
90015 172863
172863 90015
90015 169665
169665 90015
90015 167649
167649 90015
90015 161333
161333 90015
90015 161106
161106 90015
90015 133378
133378 90015
90015 132423
132423 90015
90015 130316
130316 90015
90015 129511
129511 90015
90015 127771
127771 90015
90015 113217
113217 90015
90015 111290
111290 90015
90015 96523
96523 90015
96523 322216
322216 96523
96523 312497
312497 96523
96523 310354
310354 96523
96523 308834
308834 96523
96523 308453
308453 96523
96523 307201
307201 96523
96523 302110
302110 96523
96523 300562
300562 96523
96523 255693
255693 96523
96523 246132
246132 96523
96523 219516
219516 96523
96523 172863
172863 96523
96523 167649
167649 96523
96523 161333
161333 96523
96523 161106
161106 96523
96523 133378
133378 96523
96523 132423
132423 96523
99994 332346
332346 99994
99994 322531
322531 99994
99994 322216
322216 99994
99994 312497
312497 99994
99994 215493
215493 99994
99994 199007
199007 99994
99994 161106
161106 99994
99994 154558
154558 99994
99994 127771
127771 99994
99994 35478
35478 99994
101035 332346
332346 101035
101035 322216
322216 101035
101035 320537
320537 101035
101035 312497
312497 101035
101035 308834
308834 101035
101035 308453
308453 101035
101035 307201
307201 101035
101035 305182
305182 101035
101035 302110
302110 101035
101035 300562
300562 101035
101035 278559
278559 101035
101035 264090
264090 101035
101035 226264
226264 101035
101035 219516
219516 101035
101035 215493
215493 101035
101035 199007
199007 101035
101035 192992
192992 101035
101035 172863
172863 101035
101035 167649
167649 101035
101035 161106
161106 101035
101035 154558
154558 101035
101035 152331
152331 101035
101035 151685
151685 101035
101035 144296
144296 101035
101035 132740
132740 101035
101035 132423
132423 101035
101035 130316
130316 101035
101035 129511
129511 101035
101035 127771
127771 101035
101035 114908
114908 101035
101035 113217
113217 101035
101035 111290
111290 101035
101035 110510
110510 101035
102431 322531
322531 102431
102431 307201
307201 102431
102431 267783
267783 102431
102431 192992
192992 102431
110238 267783
267783 110238
110510 332346
332346 110510
110510 322216
322216 110510
110510 308834
308834 110510
110510 307201
307201 110510
110510 305182
305182 110510
110510 302110
302110 110510
110510 300562
300562 110510
110510 281734
281734 110510
110510 242159
242159 110510
110510 219516
219516 110510
110510 172863
172863 110510
110510 161333
161333 110510
110510 160024
160024 110510
110510 151685
151685 110510
110510 127771
127771 110510
110510 113217
113217 110510
110510 111290
111290 110510
111290 332346
332346 111290
111290 320537
320537 111290
111290 310354
310354 111290
111290 308834
308834 111290
111290 308453
308453 111290
111290 307201
307201 111290
111290 302110
302110 111290
111290 300562
300562 111290
111290 278559
278559 111290
111290 264090
264090 111290
111290 246132
246132 111290
111290 242159
242159 111290
111290 219516
219516 111290
111290 192992
192992 111290
111290 189978
189978 111290
111290 182883
182883 111290
111290 167649
167649 111290
111290 154558
154558 111290
111290 133378
133378 111290
111290 129511
129511 111290
111290 127771
127771 111290
113217 332346
332346 113217
113217 322216
322216 113217
113217 320537
320537 113217
113217 310354
310354 113217
113217 308834
308834 113217
113217 281734
281734 113217
113217 219516
219516 113217
113217 215493
215493 113217
113217 192992
192992 113217
113217 189978
189978 113217
113217 167649
167649 113217
113217 161333
161333 113217
113217 154558
154558 113217
113217 152331
152331 113217
113217 144296
144296 113217
113217 133746
133746 113217
113217 130838
130838 113217
113217 129511
129511 113217
113217 127771
127771 113217
113217 114908
114908 113217
114908 302110
302110 114908
114908 278559
278559 114908
114908 231583
231583 114908
114908 152331
152331 114908
114908 130316
130316 114908
114908 129511
129511 114908
118125 130316
130316 118125
121103 264090
264090 121103
121103 132740
132740 121103
127771 332346
332346 127771
127771 320537
320537 127771
127771 310354
310354 127771
127771 308834
308834 127771
127771 307201
307201 127771
127771 305182
305182 127771
127771 281734
281734 127771
127771 219516
219516 127771
127771 215493
215493 127771
127771 192992
192992 127771
127771 161333
161333 127771
127771 161106
161106 127771
127771 154558
154558 127771
127771 133746
133746 127771
127771 132423
132423 127771
127771 129511
129511 127771
129511 332346
332346 129511
129511 320537
320537 129511
129511 310354
310354 129511
129511 308834
308834 129511
129511 307201
307201 129511
129511 281734
281734 129511
129511 192992
192992 129511
129511 161106
161106 129511
129511 154558
154558 129511
129511 152331
152331 129511
129511 133746
133746 129511
130316 326002
326002 130316
130316 312497
312497 130316
130316 305182
305182 130316
130316 172863
172863 130316
130316 133746
133746 130316
130838 322216
322216 130838
130838 312497
312497 130838
130838 308834
308834 130838
130838 242159
242159 130838
130838 215493
215493 130838
130838 192992
192992 130838
130838 169665
169665 130838
130838 161106
161106 130838
132423 332346
332346 132423
132423 322216
322216 132423
132423 312497
312497 132423
132423 308834
308834 132423
132423 302110
302110 132423
132423 300562
300562 132423
132423 264135
264135 132423
132423 264090
264090 132423
132423 263856
263856 132423
132423 246132
246132 132423
132423 242159
242159 132423
132423 219516
219516 132423
132423 192992
192992 132423
132423 169665
169665 132423
132423 182883
182883 132423
132423 167649
167649 132423
132423 161106
161106 132423
132423 152331
152331 132423
132423 151685
151685 132423
132423 133746
133746 132423
132423 133378
133378 132423
133378 308453
308453 133378
133378 307201
307201 133378
133378 302110
302110 133378
133378 300562
300562 133378
133378 278559
278559 133378
133378 246132
246132 133378
133378 242159
242159 133378
133378 219516
219516 133378
133378 189978
189978 133378
133378 182883
182883 133378
133378 172863
172863 133378
133378 161333
161333 133378
133378 161106
161106 133378
133378 160024
160024 133378
133378 151685
151685 133378
133378 144296
144296 133378
133378 136953
136953 133378
133746 332346
332346 133746
133746 322216
322216 133746
133746 192992
192992 133746
133746 154558
154558 133746
136953 312497
312497 136953
136953 310354
310354 136953
136953 308453
308453 136953
136953 307201
307201 136953
136953 300562
300562 136953
136953 297061
297061 136953
136953 264090
264090 136953
136953 242159
242159 136953
136953 219516
219516 136953
136953 199007
199007 136953
136953 172863
172863 136953
138950 211825
211825 138950
144296 307201
307201 144296
144296 305182
305182 144296
144296 300562
300562 144296
144296 255693
255693 144296
144296 246132
246132 144296
144296 242159
242159 144296
144296 226264
226264 144296
144296 192992
192992 144296
144296 182883
182883 144296
144296 172863
172863 144296
145460 264090
264090 145460
145460 211825
211825 145460
145460 199007
199007 145460
147848 224661
224661 147848
151685 322216
322216 151685
151685 310354
310354 151685
151685 302110
302110 151685
151685 242159
242159 151685
151685 219516
219516 151685
152331 320537
320537 152331
152331 312497
312497 152331
152331 278559
278559 152331
152331 219516
219516 152331
152331 211825
211825 152331
152331 199007
199007 152331
152331 182883
182883 152331
152331 161333
161333 152331
152331 154558
154558 152331
154558 332346
332346 154558
154558 322216
322216 154558
154558 320537
320537 154558
154558 310354
310354 154558
154558 308834
308834 154558
154558 308453
308453 154558
154558 307201
307201 154558
154558 305182
305182 154558
154558 302110
302110 154558
154558 281734
281734 154558
154558 278559
278559 154558
154558 246132
246132 154558
154558 242159
242159 154558
154558 219516
219516 154558
154558 215493
215493 154558
154558 192992
192992 154558
154558 169665
169665 154558
154558 167649
167649 154558
154558 161333
161333 154558
155063 172863
172863 155063
160024 332346
332346 160024
160024 322531
322531 160024
160024 322216
322216 160024
160024 312497
312497 160024
160024 300562
300562 160024
160024 199007
199007 160024
160024 192992
192992 160024
160024 161106
161106 160024
161106 322216
322216 161106
161106 320537
320537 161106
161106 310354
310354 161106
161106 308834
308834 161106
161106 308453
308453 161106
161106 307201
307201 161106
161106 302110
302110 161106
161106 242159
242159 161106
161106 219516
219516 161106
161106 189978
189978 161106
161106 182883
182883 161106
161106 161333
161333 161106
161333 332346
332346 161333
161333 322216
322216 161333
161333 308834
308834 161333
161333 308453
308453 161333
161333 307201
307201 161333
161333 302110
302110 161333
161333 246132
246132 161333
161333 219516
219516 161333
161333 192992
192992 161333
161333 189978
189978 161333
161333 182883
182883 161333
161333 167649
167649 161333
165054 217814
217814 165054
167649 332346
332346 167649
167649 320537
320537 167649
167649 308834
308834 167649
167649 308453
308453 167649
167649 305182
305182 167649
167649 300562
300562 167649
167649 226264
226264 167649
167649 219516
219516 167649
167649 189978
189978 167649
167649 182883
182883 167649
167649 169665
169665 167649
167649 161106
161106 167649
169665 327130
327130 169665
169665 300562
300562 169665
169665 264090
264090 169665
169665 215493
215493 169665
169665 199007
199007 169665
169665 136953
136953 169665
169665 113217
113217 169665
169665 35478
35478 169665
172863 332346
332346 172863
172863 327999
327999 172863
172863 327130
327130 172863
172863 322531
322531 172863
172863 322216
322216 172863
172863 310354
310354 172863
172863 308834
308834 172863
172863 305182
305182 172863
172863 297061
297061 172863
172863 264090
264090 172863
172863 226264
226264 172863
172863 189978
189978 172863
172863 182883
182883 172863
172863 43362
43362 172863
182883 308453
308453 182883
182883 307201
307201 182883
182883 302110
302110 182883
182883 300562
300562 182883
182883 255693
255693 182883
182883 246132
246132 182883
182883 242159
242159 182883
189978 332346
332346 189978
189978 310354
310354 189978
189978 308834
308834 189978
189978 307201
307201 189978
189978 300562
300562 189978
189978 264090
264090 189978
189978 242159
242159 189978
189978 226264
226264 189978
189978 219516
219516 189978
192992 332346
332346 192992
192992 320537
320537 192992
192992 312497
312497 192992
192992 310354
310354 192992
192992 308834
308834 192992
192992 308453
308453 192992
192992 305182
305182 192992
192992 302110
302110 192992
192992 281734
281734 192992
192992 263856
263856 192992
192992 251084
251084 192992
192992 242159
242159 192992
192992 219516
219516 192992
192992 215493
215493 192992
199007 332346
332346 199007
199007 322216
322216 199007
199007 320537
320537 199007
199007 312497
312497 199007
199007 310354
310354 199007
199007 308834
308834 199007
199007 302488
302488 199007
199007 264090
264090 199007
199007 246132
246132 199007
199007 192992
192992 199007
199007 154558
154558 199007
211825 322531
322531 211825
211825 296242
296242 211825
215493 332346
332346 215493
215493 322216
322216 215493
215493 312497
312497 215493
219516 332346
332346 219516
219516 322216
322216 219516
219516 320537
320537 219516
219516 312497
312497 219516
219516 308834
308834 219516
219516 308453
308453 219516
219516 307201
307201 219516
219516 305182
305182 219516
219516 302110
302110 219516
219516 300562
300562 219516
219516 278559
278559 219516
219516 242159
242159 219516
219516 226264
226264 219516
226264 320537
320537 226264
226264 310354
310354 226264
226264 308834
308834 226264
226264 307201
307201 226264
226264 302110
302110 226264
242159 332346
332346 242159
242159 320537
320537 242159
242159 312497
312497 242159
242159 308834
308834 242159
242159 307201
307201 242159
242159 302110
302110 242159
242159 300562
300562 242159
242159 297061
297061 242159
242159 278559
278559 242159
242159 264090
264090 242159
242159 246132
246132 242159
246132 320537
320537 246132
246132 307201
307201 246132
254673 312497
312497 254673
255693 320537
320537 255693
255693 308834
308834 255693
259952 266031
266031 259952
263856 332346
332346 263856
263856 167649
167649 263856
263856 136953
136953 263856
264090 332346
332346 264090
264090 320537
320537 264090
264090 308834
308834 264090
264090 308453
308453 264090
264090 296242
296242 264090
264135 296242
296242 264135
264135 246132
246132 264135
278559 320537
320537 278559
278559 310354
310354 278559
278559 305182
305182 278559
278559 300562
300562 278559
281734 332346
332346 281734
281734 322216
322216 281734
281734 312497
312497 281734
281734 302110
302110 281734
296242 297623
297623 296242
296242 138950
138950 296242
300562 322216
322216 300562
300562 320537
320537 300562
300562 310354
310354 300562
300562 308834
308834 300562
300562 308453
308453 300562
300562 307201
307201 300562
300562 302110
302110 300562
302110 332346
332346 302110
302110 322216
322216 302110
302110 320537
320537 302110
302110 312497
312497 302110
302110 310354
310354 302110
302110 308834
308834 302110
302110 308453
308453 302110
302110 307201
307201 302110
302488 332346
332346 302488
302488 322216
322216 302488
302488 242159
242159 302488
302488 192992
192992 302488
302488 133378
133378 302488
305182 332346
332346 305182
305182 322216
322216 305182
305182 320537
320537 305182
307201 332346
332346 307201
307201 320537
320537 307201
307201 312497
312497 307201
307201 310354
310354 307201
307201 308834
308834 307201
307201 308453
308453 307201
308453 332346
332346 308453
308453 320537
320537 308453
308453 312497
312497 308453
308453 310354
310354 308453
308453 308834
308834 308453
308834 332346
332346 308834
308834 322216
322216 308834
308834 320537
320537 308834
308834 312497
312497 308834
308834 310354
310354 308834
308834 136953
136953 308834
310354 322216
322216 310354
310354 320537
320537 310354
310354 312497
312497 310354
312497 332346
332346 312497
312497 322216
322216 312497
312497 320537
320537 312497
320537 332346
332346 320537
322216 332346
332346 322216
322216 263856
263856 322216
322216 192992
192992 322216
322216 136953
136953 322216
332346 130838
130838 332346
