0	0	1.0
1	0	3.0
1	0	1.0
1	138	2.0
4	0	1.0
4	124	1.0
4	0	1.0
4	25	2.0
4	0	1.0
5	138	1.0
6	18	2.0
6	14	1.0
8	98	2.0
10	176	1.0
11	0	1.0
11	97	3.0
11	0	1.0
11	23	2.0
11	200	1.0
14	18	1.0
14	6	1.0
15	0	1.0
17	154	1.0
17	193	1.0
17	92	1.0
17	0	3.0
18	185	1.0
18	14	1.0
18	6	2.0
19	0	1.0
20	0	1.0
20	0	1.0
20	54	1.0
20	0	2.0
22	0	2.0
23	11	2.0
25	4	2.0
26	209	1.0
26	41	1.0
27	52	1.0
27	39	1.0
27	0	1.0
27	166	1.0
28	221	6.0
28	0	1.0
28	0	1.0
28	0	1.0
28	147	2.0
28	0	1.0
29	232	2.0
31	128	3.0
31	0	2.0
31	223	2.0
33	142	1.0
34	155	1.0
34	123	1.0
34	80	1.0
34	0	1.0
34	166	1.0
34	87	1.0
34	0	1.0
36	0	2.0
37	183	1.0
38	0	1.0
39	0	1.0
39	52	4.0
39	27	1.0
39	166	2.0
40	77	1.0
40	84	1.0
40	135	1.0
40	0	1.0
41	77	1.0
41	26	1.0
41	209	1.0
41	166	1.0
41	113	1.0
43	81	1.0
44	0	1.0
44	0	1.0
44	155	1.0
44	71	1.0
44	0	1.0
44	77	1.0
44	0	1.0
44	205	1.0
44	187	1.0
44	0	1.0
44	0	1.0
44	114	1.0
44	0	1.0
45	90	1.0
45	131	1.0
46	0	4.0
49	68	1.0
50	165	1.0
51	204	1.0
51	98	7.0
51	54	1.0
52	0	2.0
52	27	1.0
52	39	4.0
52	95	1.0
52	0	1.0
52	166	1.0
52	54	1.0
53	0	1.0
53	0	1.0
54	77	1.0
54	52	1.0
54	130	1.0
54	95	1.0
54	98	1.0
54	0	1.0
54	20	1.0
54	166	2.0
54	65	3.0
54	51	1.0
56	128	1.0
56	0	1.0
56	98	1.0
56	0	1.0
60	0	1.0
60	0	1.0
61	0	1.0
61	0	1.0
62	63	1.0
62	206	1.0
63	62	1.0
63	206	1.0
64	127	1.0
64	211	2.0
65	122	2.0
65	77	1.0
65	0	3.0
65	206	1.0
65	166	4.0
65	54	3.0
65	0	1.0
66	179	1.0
67	0	3.0
68	197	1.0
68	49	1.0
70	224	1.0
71	0	1.0
71	0	1.0
71	155	2.0
71	0	1.0
71	77	1.0
71	0	1.0
71	205	1.0
71	44	1.0
71	187	1.0
71	0	1.0
71	0	1.0
71	114	1.0
71	0	1.0
72	207	1.0
72	146	1.0
73	0	1.0
73	0	1.0
73	0	1.0
73	0	1.0
74	0	4.0
75	0	1.0
75	170	1.0
75	0	1.0
75	0	1.0
77	0	1.0
77	0	1.0
77	155	1.0
77	71	1.0
77	0	1.0
77	0	1.0
77	0	1.0
77	205	1.0
77	44	1.0
77	135	1.0
77	40	1.0
77	187	1.0
77	0	1.0
77	0	1.0
77	114	1.0
77	166	1.0
77	54	1.0
77	41	1.0
77	0	1.0
77	65	1.0
78	0	1.0
78	0	1.0
79	91	1.0
79	106	1.0
80	34	1.0
81	43	1.0
84	40	1.0
86	119	2.0
86	237	1.0
87	123	1.0
87	0	1.0
87	34	1.0
87	148	2.0
87	166	1.0
88	0	1.0
89	0	2.0
89	0	3.0
90	45	1.0
91	106	2.0
91	79	1.0
91	0	6.0
92	193	1.0
92	17	1.0
92	0	1.0
94	165	2.0
94	0	2.0
94	0	1.0
95	52	1.0
95	54	1.0
97	116	1.0
97	11	3.0
97	194	1.0
97	0	1.0
97	0	2.0
97	0	1.0
97	99	1.0
97	0	1.0
98	204	1.0
98	0	1.0
98	0	1.0
98	8	2.0
98	54	1.0
98	51	7.0
98	56	1.0
99	97	1.0
99	0	1.0
100	223	1.0
100	0	2.0
102	0	1.0
106	91	2.0
106	79	1.0
108	0	1.0
109	0	1.0
111	223	2.0
111	119	1.0
111	0	1.0
111	0	1.0
111	0	1.0
111	164	1.0
112	223	2.0
112	0	1.0
112	0	1.0
112	119	1.0
112	0	3.0
112	0	2.0
113	0	1.0
113	166	3.0
113	41	1.0
114	0	1.0
114	0	1.0
114	155	1.0
114	71	1.0
114	0	1.0
114	77	1.0
114	0	1.0
114	205	1.0
114	44	1.0
114	187	1.0
114	0	1.0
114	0	1.0
114	0	1.0
115	188	4.0
116	0	2.0
116	0	1.0
116	0	1.0
116	0	2.0
116	97	1.0
116	215	1.0
116	0	1.0
117	0	2.0
119	165	1.0
119	223	1.0
119	86	2.0
119	229	1.0
119	112	1.0
119	111	1.0
120	201	1.0
120	0	1.0
120	0	4.0
120	203	4.0
122	155	1.0
122	123	3.0
122	0	1.0
122	0	2.0
122	166	1.0
122	0	2.0
122	65	2.0
122	0	1.0
123	155	2.0
123	122	3.0
123	0	1.0
123	0	3.0
123	34	1.0
123	166	1.0
123	87	1.0
124	0	3.0
124	0	5.0
124	4	1.0
126	0	2.0
126	0	1.0
127	0	1.0
127	211	1.0
127	64	1.0
128	0	1.0
128	223	3.0
128	31	3.0
128	56	1.0
130	54	1.0
131	176	1.0
131	157	1.0
131	213	1.0
131	45	1.0
134	0	1.0
135	180	3.0
135	77	1.0
135	40	1.0
138	0	2.0
138	1	2.0
138	0	1.0
138	5	1.0
139	0	1.0
139	0	1.0
140	0	1.0
140	164	1.0
142	0	1.0
142	33	1.0
143	234	3.0
143	182	2.0
145	0	2.0
146	207	4.0
146	72	1.0
146	209	2.0
147	221	2.0
147	28	2.0
147	0	3.0
148	87	2.0
149	0	1.0
149	0	1.0
149	0	1.0
150	0	1.0
150	177	1.0
151	0	1.0
151	0	1.0
154	17	1.0
154	174	1.0
155	0	1.0
155	0	1.0
155	123	2.0
155	122	1.0
155	71	2.0
155	0	1.0
155	77	1.0
155	0	1.0
155	205	2.0
155	44	1.0
155	34	1.0
155	187	2.0
155	206	1.0
155	0	1.0
155	0	1.0
155	0	1.0
155	114	1.0
155	0	1.0
155	191	1.0
156	0	1.0
157	176	1.0
157	213	3.0
157	131	1.0
159	0	1.0
160	0	1.0
162	0	1.0
162	0	1.0
163	0	1.0
164	223	1.0
164	0	6.0
164	140	1.0
164	187	3.0
164	111	1.0
165	119	1.0
165	0	1.0
165	50	1.0
165	229	1.0
165	94	2.0
165	0	1.0
166	123	1.0
166	122	1.0
166	77	1.0
166	0	1.0
166	0	1.0
166	52	1.0
166	27	1.0
166	39	2.0
166	0	2.0
166	34	1.0
166	0	2.0
166	54	2.0
166	41	1.0
166	65	4.0
166	113	3.0
166	87	1.0
168	0	1.0
168	0	2.0
169	0	1.0
169	0	2.0
170	75	1.0
171	0	1.0
172	191	1.0
174	154	1.0
175	0	1.0
176	0	1.0
176	157	1.0
176	213	1.0
176	10	1.0
176	0	1.0
176	0	2.0
176	131	1.0
176	0	1.0
177	0	2.0
177	0	2.0
177	150	1.0
178	0	2.0
179	66	1.0
180	135	3.0
181	0	2.0
182	143	2.0
183	37	1.0
184	197	1.0
185	213	1.0
185	18	1.0
187	0	1.0
187	0	1.0
187	155	2.0
187	0	1.0
187	71	1.0
187	0	1.0
187	77	1.0
187	0	1.0
187	205	1.0
187	0	1.0
187	44	1.0
187	0	1.0
187	164	3.0
187	0	1.0
187	0	1.0
187	0	1.0
187	114	1.0
187	0	1.0
187	0	1.0
187	0	1.0
187	0	2.0
188	115	4.0
190	0	1.0
190	216	1.0
191	155	1.0
191	172	1.0
193	17	1.0
193	92	1.0
193	0	1.0
194	0	2.0
194	97	1.0
197	236	1.0
197	184	1.0
197	68	1.0
200	11	1.0
200	0	1.0
201	120	1.0
201	0	1.0
201	203	1.0
201	0	1.0
203	201	1.0
203	120	4.0
203	0	5.0
204	98	1.0
204	51	1.0
205	0	1.0
205	0	1.0
205	155	2.0
205	71	1.0
205	0	1.0
205	77	1.0
205	0	2.0
205	0	1.0
205	44	1.0
205	187	1.0
205	206	1.0
205	0	1.0
205	0	1.0
205	114	1.0
205	0	1.0
206	62	1.0
206	155	1.0
206	0	1.0
206	205	1.0
206	0	1.0
206	63	1.0
206	65	1.0
207	0	1.0
207	0	1.0
207	146	4.0
207	72	1.0
207	209	2.0
208	0	3.0
208	0	1.0
209	207	2.0
209	146	2.0
209	26	1.0
209	41	1.0
211	127	1.0
211	0	1.0
211	64	2.0
212	0	1.0
213	176	1.0
213	157	3.0
213	0	1.0
213	185	1.0
213	131	1.0
214	0	2.0
214	0	2.0
214	0	1.0
215	0	1.0
215	116	1.0
215	0	1.0
215	0	1.0
216	190	1.0
218	0	1.0
220	0	1.0
220	0	1.0
221	28	6.0
221	147	2.0
223	128	3.0
223	0	1.0
223	0	2.0
223	119	1.0
223	0	1.0
223	31	2.0
223	0	1.0
223	164	1.0
223	112	2.0
223	100	1.0
223	111	2.0
223	0	1.0
224	70	1.0
225	0	1.0
227	0	1.0
229	165	1.0
229	119	1.0
230	0	1.0
230	0	1.0
230	0	1.0
231	0	1.0
232	29	2.0
233	0	1.0
233	0	1.0
233	0	1.0
233	0	1.0
234	143	3.0
236	197	1.0
237	0	1.0
237	86	1.0
