0	152	1.0
0	142	1.0
0	90	1.0
0	185	1.0
1	226	1.0
1	2	2.0
2	1	2.0
3	145	2.0
3	233	1.0
4	50	1.0
4	124	1.0
4	25	1.0
4	12	1.0
5	128	1.0
5	138	1.0
6	7	1.0
6	18	2.0
7	165	1.0
7	50	1.0
7	6	1.0
8	155	1.0
8	32	1.0
8	202	1.0
9	197	1.0
9	173	1.0
9	68	1.0
9	200	1.0
10	237	1.0
10	142	2.0
10	229	2.0
11	165	1.0
11	38	1.0
11	72	1.0
11	83	1.0
12	50	1.0
12	237	1.0
12	4	1.0
13	226	1.0
14	85	1.0
14	175	1.0
15	186	1.0
15	232	1.0
15	35	1.0
15	189	1.0
15	212	1.0
16	47	1.0
16	97	1.0
17	193	4.0
18	108	1.0
18	152	2.0
18	45	1.0
18	148	1.0
18	169	1.0
18	131	1.0
18	6	2.0
19	181	1.0
19	175	1.0
20	71	3.0
20	77	1.0
20	87	2.0
20	101	1.0
21	107	1.0
21	59	3.0
22	122	1.0
22	166	1.0
22	65	2.0
23	233	2.0
23	169	1.0
23	61	1.0
23	200	2.0
24	155	2.0
24	205	2.0
24	101	1.0
25	4	1.0
25	67	1.0
26	135	1.0
26	34	1.0
27	39	2.0
28	226	1.0
28	221	2.0
28	220	1.0
29	232	2.0
30	222	1.0
30	170	2.0
31	107	1.0
32	136	1.0
32	8	1.0
33	126	2.0
33	38	1.0
34	123	1.0
34	122	3.0
34	26	1.0
34	87	1.0
35	15	1.0
35	186	1.0
35	232	1.0
35	189	1.0
35	212	1.0
36	53	1.0
37	144	1.0
37	177	1.0
37	183	2.0
38	33	1.0
38	11	1.0
38	68	1.0
38	151	1.0
38	230	1.0
38	49	1.0
39	192	1.0
39	188	1.0
39	52	1.0
39	27	2.0
39	110	1.0
40	138	5.0
41	77	3.0
41	205	1.0
41	159	1.0
42	117	1.0
42	150	2.0
42	177	1.0
43	133	2.0
43	81	3.0
44	232	1.0
44	129	1.0
44	204	1.0
44	135	1.0
44	98	2.0
44	51	2.0
44	87	1.0
45	152	1.0
45	53	1.0
45	148	1.0
45	18	1.0
45	233	1.0
45	131	1.0
46	165	1.0
46	160	1.0
46	163	1.0
46	233	1.0
46	74	1.0
47	97	1.0
47	16	1.0
48	69	2.0
48	174	1.0
49	38	1.0
49	68	1.0
49	151	1.0
49	230	1.0
50	165	1.0
50	7	1.0
50	4	1.0
50	12	1.0
51	190	1.0
51	204	2.0
51	44	2.0
51	135	1.0
51	116	1.0
51	98	5.0
52	188	1.0
52	39	1.0
53	36	1.0
53	45	1.0
53	233	3.0
54	95	1.0
55	165	1.0
56	216	1.0
57	170	1.0
57	230	1.0
58	199	2.0
59	107	1.0
59	130	1.0
59	21	3.0
60	225	1.0
60	66	1.0
61	23	1.0
61	233	1.0
61	200	1.0
62	180	2.0
62	127	1.0
62	64	2.0
62	63	1.0
63	180	1.0
63	62	1.0
63	76	1.0
64	201	1.0
64	120	1.0
64	62	2.0
64	211	2.0
64	203	1.0
65	122	1.0
65	22	2.0
65	166	2.0
65	118	1.0
65	113	1.0
66	225	2.0
66	121	1.0
66	158	1.0
66	60	1.0
67	25	1.0
68	197	1.0
68	38	1.0
68	184	1.0
68	9	1.0
68	151	1.0
68	230	1.0
68	49	1.0
69	48	2.0
69	174	1.0
69	153	1.0
70	224	2.0
71	77	1.0
71	20	3.0
71	208	1.0
72	165	1.0
72	11	1.0
73	165	1.0
74	46	1.0
74	233	1.0
75	192	1.0
76	180	2.0
76	63	1.0
77	71	1.0
77	98	1.0
77	20	1.0
77	206	1.0
77	118	1.0
77	41	3.0
78	116	2.0
79	133	1.0
79	195	1.0
80	234	1.0
80	182	1.0
80	114	2.0
81	133	2.0
81	43	3.0
81	175	2.0
82	180	2.0
82	135	2.0
83	11	1.0
84	210	1.0
84	103	1.0
85	175	1.0
85	14	1.0
86	199	1.0
86	140	1.0
87	155	1.0
87	123	1.0
87	44	1.0
87	34	1.0
87	20	2.0
88	232	1.0
88	132	1.0
89	108	1.0
90	0	1.0
90	158	1.0
91	106	4.0
92	193	1.0
93	218	1.0
93	140	1.0
94	135	1.0
95	122	1.0
95	166	1.0
95	54	1.0
95	100	2.0
96	136	1.0
97	190	1.0
97	47	1.0
97	142	1.0
97	162	1.0
97	16	1.0
98	190	1.0
98	77	1.0
98	204	2.0
98	44	2.0
98	135	1.0
98	51	5.0
99	236	1.0
99	164	3.0
99	233	1.0
99	200	2.0
100	95	2.0
101	20	1.0
101	24	1.0
101	238	1.0
102	159	1.0
103	84	1.0
103	192	1.0
104	237	1.0
105	235	1.0
105	187	1.0
106	91	4.0
106	156	1.0
107	128	1.0
107	223	1.0
107	31	1.0
107	187	1.0
107	59	1.0
107	112	1.0
107	21	1.0
107	172	1.0
108	152	1.0
108	89	1.0
108	18	1.0
109	210	1.0
109	193	1.0
110	39	1.0
111	223	1.0
111	119	1.0
112	128	2.0
112	223	2.0
112	107	1.0
112	187	1.0
112	172	1.0
113	65	1.0
114	80	2.0
115	188	5.0
115	168	1.0
116	78	2.0
116	51	1.0
117	161	1.0
117	42	1.0
117	150	2.0
117	177	1.0
118	155	2.0
118	123	1.0
118	122	2.0
118	77	1.0
118	206	1.0
118	166	1.0
118	65	1.0
119	111	1.0
120	201	2.0
120	211	1.0
120	64	1.0
120	203	2.0
121	225	1.0
121	66	1.0
121	158	1.0
122	155	1.0
122	123	2.0
122	22	1.0
122	135	1.0
122	138	1.0
122	95	1.0
122	34	3.0
122	166	2.0
122	118	2.0
122	65	1.0
123	122	2.0
123	34	1.0
123	118	1.0
123	87	1.0
124	4	1.0
125	196	4.0
125	146	1.0
125	159	1.0
126	145	1.0
126	33	2.0
126	151	2.0
127	62	1.0
127	211	2.0
128	223	2.0
128	107	1.0
128	187	1.0
128	5	1.0
128	112	2.0
128	172	1.0
129	44	1.0
130	59	1.0
130	206	1.0
131	45	1.0
131	148	4.0
131	185	1.0
131	18	1.0
132	232	1.0
132	88	1.0
133	43	2.0
133	134	1.0
133	79	1.0
133	81	2.0
134	133	1.0
135	180	2.0
135	82	2.0
135	122	1.0
135	204	1.0
135	44	1.0
135	138	2.0
135	26	1.0
135	98	1.0
135	216	1.0
135	51	1.0
135	94	1.0
136	32	1.0
136	96	1.0
137	163	2.0
137	198	2.0
138	122	1.0
138	135	2.0
138	40	5.0
138	224	1.0
138	5	1.0
139	148	1.0
140	227	1.0
140	199	2.0
140	86	1.0
140	93	1.0
140	162	1.0
141	185	1.0
142	10	2.0
142	152	1.0
142	97	1.0
142	185	1.0
142	0	1.0
143	236	2.0
144	37	1.0
145	3	2.0
145	126	1.0
145	233	1.0
146	209	1.0
146	125	1.0
146	159	1.0
147	220	1.0
147	231	1.0
148	152	1.0
148	194	1.0
148	45	1.0
148	18	1.0
148	233	1.0
148	139	1.0
148	131	4.0
149	206	1.0
150	161	1.0
150	42	2.0
150	117	2.0
150	177	1.0
151	126	2.0
151	38	1.0
151	68	1.0
151	230	1.0
151	49	1.0
152	108	1.0
152	142	1.0
152	45	1.0
152	148	1.0
152	185	2.0
152	18	2.0
152	0	1.0
152	233	2.0
153	69	1.0
154	210	1.0
154	174	1.0
155	122	1.0
155	205	2.0
155	8	1.0
155	118	2.0
155	24	2.0
155	87	1.0
155	202	1.0
156	201	3.0
156	106	1.0
157	213	2.0
157	185	1.0
158	225	1.0
158	66	1.0
158	90	1.0
158	121	1.0
158	219	1.0
159	146	1.0
159	102	1.0
159	41	1.0
159	125	1.0
159	228	1.0
160	217	1.0
160	46	1.0
161	225	1.0
161	117	1.0
161	150	1.0
162	190	1.0
162	140	1.0
162	168	2.0
162	97	1.0
163	137	2.0
163	46	1.0
164	99	3.0
165	50	1.0
165	7	1.0
165	55	1.0
165	46	1.0
165	72	1.0
165	11	1.0
165	73	1.0
166	122	2.0
166	22	1.0
166	95	1.0
166	118	1.0
166	65	2.0
167	213	1.0
168	188	1.0
168	115	1.0
168	162	2.0
169	171	1.0
169	18	1.0
169	23	1.0
169	200	1.0
170	30	2.0
170	57	1.0
171	169	1.0
172	128	1.0
172	223	1.0
172	107	1.0
172	214	1.0
172	187	1.0
172	112	1.0
173	9	1.0
173	200	1.0
174	69	1.0
174	154	1.0
174	48	1.0
175	176	1.0
175	19	1.0
175	85	1.0
175	14	1.0
175	81	2.0
176	175	1.0
177	181	3.0
177	42	1.0
177	117	1.0
177	150	1.0
177	183	1.0
177	37	1.0
178	180	1.0
179	181	1.0
180	82	2.0
180	62	2.0
180	76	2.0
180	135	2.0
180	178	1.0
180	63	1.0
181	179	1.0
181	19	1.0
181	177	3.0
182	234	1.0
182	80	1.0
183	177	1.0
183	37	2.0
184	68	1.0
185	157	1.0
185	213	1.0
185	152	2.0
185	141	1.0
185	142	1.0
185	0	1.0
185	131	1.0
186	15	1.0
186	232	1.0
186	35	1.0
186	189	1.0
186	212	1.0
187	128	1.0
187	223	1.0
187	105	1.0
187	107	1.0
187	112	1.0
187	172	1.0
188	115	5.0
188	52	1.0
188	39	1.0
188	168	1.0
189	15	1.0
189	186	1.0
189	232	1.0
189	35	1.0
189	212	1.0
190	98	1.0
190	97	1.0
190	216	1.0
190	51	1.0
190	162	1.0
191	233	1.0
192	39	1.0
192	103	1.0
192	75	1.0
193	109	1.0
193	17	4.0
193	92	1.0
194	148	1.0
195	79	1.0
196	125	4.0
197	68	1.0
197	9	1.0
198	137	2.0
199	140	2.0
199	86	1.0
199	58	2.0
200	173	1.0
200	23	2.0
200	233	2.0
200	169	1.0
200	9	1.0
200	99	2.0
200	61	1.0
201	156	3.0
201	120	2.0
201	211	1.0
201	231	1.0
201	64	1.0
201	203	2.0
202	155	1.0
202	8	1.0
203	201	2.0
203	120	2.0
203	211	1.0
203	64	1.0
204	44	1.0
204	135	1.0
204	98	2.0
204	51	2.0
205	155	2.0
205	41	1.0
205	24	2.0
206	77	1.0
206	130	1.0
206	149	1.0
206	118	1.0
207	209	1.0
208	71	1.0
209	207	1.0
209	146	1.0
210	84	1.0
210	109	1.0
210	154	1.0
211	127	2.0
211	201	1.0
211	120	1.0
211	64	2.0
211	203	1.0
212	15	1.0
212	186	1.0
212	232	1.0
212	35	1.0
212	189	1.0
213	157	2.0
213	167	1.0
213	185	1.0
214	172	1.0
215	235	1.0
216	190	1.0
216	135	1.0
216	56	1.0
217	160	1.0
218	93	1.0
219	158	1.0
220	221	1.0
220	28	1.0
220	147	1.0
220	231	2.0
221	226	1.0
221	28	2.0
221	220	1.0
222	30	1.0
223	128	2.0
223	107	1.0
223	187	1.0
223	112	2.0
223	111	1.0
223	172	1.0
224	138	1.0
224	70	2.0
225	161	1.0
225	66	2.0
225	121	1.0
225	158	1.0
225	60	1.0
226	221	1.0
226	28	1.0
226	1	1.0
226	13	1.0
227	140	1.0
228	159	1.0
229	10	2.0
230	38	1.0
230	68	1.0
230	151	1.0
230	49	1.0
230	57	1.0
231	201	1.0
231	147	1.0
231	220	2.0
232	15	1.0
232	186	1.0
232	29	2.0
232	132	1.0
232	88	1.0
232	35	1.0
232	189	1.0
232	212	1.0
232	44	1.0
233	145	1.0
233	3	1.0
233	152	2.0
233	46	1.0
233	53	3.0
233	45	1.0
233	148	1.0
233	23	2.0
233	99	1.0
233	74	1.0
233	61	1.0
233	191	1.0
233	200	2.0
234	80	1.0
234	182	1.0
234	236	1.0
235	105	1.0
235	215	1.0
236	234	1.0
236	143	2.0
236	99	1.0
237	10	1.0
237	104	1.0
237	12	1.0
238	101	1.0
