0	181	1.0
0	142	1.0
1	226	1.0
1	2	1.0
1	138	1.0
2	226	1.0
2	1	1.0
2	0	2.0
3	145	1.0
3	0	1.0
4	50	2.0
4	0	1.0
4	224	1.0
4	19	1.0
4	0	1.0
4	0	1.0
4	0	2.0
4	0	1.0
4	25	1.0
4	0	1.0
4	12	2.0
6	18	1.0
7	165	2.0
7	157	1.0
7	94	1.0
7	0	1.0
8	0	1.0
9	197	1.0
9	68	1.0
10	0	3.0
10	19	1.0
10	237	4.0
10	164	1.0
10	229	3.0
10	131	1.0
10	73	1.0
11	46	1.0
11	0	1.0
12	50	3.0
12	237	1.0
12	4	2.0
12	148	1.0
17	0	1.0
17	193	6.0
17	92	2.0
18	176	1.0
18	131	1.0
18	6	1.0
18	96	1.0
18	0	1.0
19	10	1.0
19	0	2.0
19	168	1.0
19	164	1.0
19	4	1.0
19	131	1.0
19	73	1.0
20	71	1.0
20	98	1.0
20	0	1.0
20	87	1.0
22	77	1.0
22	0	1.0
22	166	1.0
22	65	1.0
22	0	1.0
23	0	1.0
24	208	1.0
25	4	1.0
26	209	1.0
26	41	1.0
27	39	1.0
27	0	1.0
28	221	1.0
28	0	1.0
28	0	2.0
28	147	3.0
29	232	2.0
31	107	2.0
33	142	1.0
33	139	1.0
34	0	1.0
34	155	1.0
34	123	2.0
34	80	1.0
34	114	1.0
36	53	1.0
37	144	1.0
37	198	2.0
39	0	2.0
39	0	3.0
39	188	1.0
39	52	10.0
39	27	1.0
39	95	1.0
39	112	1.0
39	100	1.0
39	110	1.0
39	0	1.0
40	207	1.0
40	146	1.0
40	138	1.0
40	0	1.0
40	209	1.0
40	0	2.0
41	77	2.0
41	26	1.0
41	209	1.0
41	166	2.0
41	159	1.0
42	144	1.0
43	133	1.0
43	81	1.0
45	152	1.0
45	160	1.0
46	137	1.0
46	11	1.0
46	215	1.0
46	90	1.0
46	0	1.0
47	97	1.0
48	170	1.0
50	165	1.0
50	4	2.0
50	12	3.0
50	151	1.0
51	204	2.0
51	98	2.0
52	0	2.0
52	0	3.0
52	188	1.0
52	39	10.0
52	95	1.0
52	112	1.0
52	100	1.0
53	36	1.0
53	0	2.0
53	148	2.0
53	233	1.0
53	169	2.0
53	131	1.0
53	0	1.0
54	95	3.0
56	105	1.0
57	170	2.0
57	230	1.0
58	0	1.0
58	199	1.0
60	0	2.0
61	145	1.0
62	180	5.0
62	63	1.0
63	180	5.0
63	62	1.0
63	0	3.0
63	166	1.0
64	201	1.0
64	120	2.0
64	211	3.0
64	203	2.0
65	77	1.0
65	22	1.0
65	166	3.0
66	179	1.0
67	0	1.0
68	197	2.0
68	184	1.0
68	9	1.0
70	224	1.0
71	20	1.0
72	0	1.0
72	205	1.0
72	207	1.0
72	0	1.0
73	10	1.0
73	19	1.0
73	164	1.0
73	131	1.0
74	137	2.0
74	0	2.0
77	123	2.0
77	122	1.0
77	22	1.0
77	98	1.0
77	206	1.0
77	166	3.0
77	118	3.0
77	41	2.0
77	65	1.0
79	133	1.0
79	106	1.0
80	0	2.0
80	34	1.0
80	114	2.0
81	43	1.0
81	0	1.0
81	0	1.0
81	0	1.0
82	180	1.0
82	155	1.0
82	161	1.0
82	135	1.0
83	0	1.0
83	0	1.0
85	210	1.0
86	0	1.0
86	0	1.0
86	175	1.0
86	229	1.0
87	20	1.0
88	0	3.0
89	0	1.0
89	213	1.0
89	108	1.0
89	0	1.0
89	0	1.0
90	137	1.0
90	46	1.0
91	106	6.0
92	193	4.0
92	17	2.0
92	0	1.0
93	140	1.0
93	0	1.0
94	165	1.0
94	7	1.0
94	183	1.0
94	0	1.0
94	0	1.0
94	0	2.0
95	52	1.0
95	39	1.0
95	0	1.0
95	54	3.0
95	100	2.0
96	18	1.0
96	0	1.0
97	47	1.0
97	237	1.0
97	0	1.0
98	0	1.0
98	77	1.0
98	204	2.0
98	20	1.0
98	51	2.0
98	0	1.0
99	137	1.0
99	0	2.0
100	0	1.0
100	52	1.0
100	39	1.0
100	95	2.0
100	0	1.0
101	121	1.0
101	208	1.0
102	0	2.0
105	56	1.0
106	91	6.0
106	0	1.0
106	156	2.0
106	79	1.0
107	31	2.0
108	89	1.0
108	0	1.0
109	154	1.0
109	0	1.0
110	39	1.0
110	0	1.0
111	223	1.0
111	119	1.0
111	0	1.0
112	223	2.0
112	0	2.0
112	0	2.0
112	52	1.0
112	39	1.0
112	0	1.0
112	0	1.0
113	166	1.0
114	0	1.0
114	80	2.0
114	34	1.0
115	188	4.0
115	0	1.0
115	168	3.0
117	225	1.0
117	161	1.0
117	150	2.0
117	177	2.0
118	155	1.0
118	123	3.0
118	122	1.0
118	77	3.0
118	0	1.0
118	206	1.0
118	166	1.0
119	180	1.0
119	135	1.0
119	111	1.0
120	201	2.0
120	211	3.0
120	64	2.0
120	0	1.0
120	203	3.0
121	215	1.0
121	198	1.0
121	101	1.0
122	123	3.0
122	77	1.0
122	166	1.0
122	118	1.0
123	155	1.0
123	122	3.0
123	77	2.0
123	0	1.0
123	34	2.0
123	166	1.0
123	118	3.0
125	196	4.0
126	197	1.0
126	151	1.0
127	0	1.0
129	0	1.0
131	10	1.0
131	19	1.0
131	53	1.0
131	164	1.0
131	148	1.0
131	18	1.0
131	73	1.0
131	230	1.0
132	0	1.0
133	43	1.0
133	0	1.0
133	79	1.0
133	0	1.0
134	0	1.0
134	0	1.0
135	180	3.0
135	82	1.0
135	119	1.0
136	0	1.0
136	0	2.0
137	46	1.0
137	90	1.0
137	163	1.0
137	0	2.0
137	99	1.0
137	74	2.0
138	1	1.0
138	40	1.0
138	224	2.0
139	33	1.0
140	93	1.0
141	185	1.0
141	0	2.0
142	0	1.0
142	33	1.0
142	160	1.0
142	215	1.0
142	185	1.0
142	0	1.0
142	0	1.0
142	0	1.0
143	182	3.0
143	236	1.0
144	42	1.0
144	37	1.0
145	3	1.0
145	197	2.0
145	0	2.0
145	0	2.0
145	61	1.0
145	151	1.0
146	0	2.0
146	207	1.0
146	40	1.0
146	209	2.0
147	221	1.0
147	28	3.0
147	0	1.0
148	53	2.0
148	237	1.0
148	169	1.0
148	12	1.0
148	131	1.0
149	0	1.0
149	0	1.0
150	161	1.0
150	117	2.0
151	145	1.0
151	126	1.0
151	0	1.0
151	50	1.0
152	45	1.0
153	0	1.0
153	0	1.0
154	210	2.0
154	109	1.0
154	0	1.0
154	174	1.0
155	82	1.0
155	123	1.0
155	205	1.0
155	34	1.0
155	0	1.0
155	118	1.0
155	191	1.0
156	106	2.0
156	0	1.0
157	165	1.0
157	213	2.0
157	7	1.0
157	0	1.0
159	0	1.0
159	41	1.0
159	228	1.0
160	0	1.0
160	142	1.0
160	45	1.0
161	82	1.0
161	117	1.0
161	150	1.0
161	0	1.0
161	0	1.0
162	178	1.0
163	137	1.0
164	10	1.0
164	19	1.0
164	131	1.0
164	73	1.0
165	0	1.0
165	0	1.0
165	157	1.0
165	50	1.0
165	7	2.0
165	94	1.0
165	0	1.0
166	123	1.0
166	122	1.0
166	77	3.0
166	22	1.0
166	63	1.0
166	118	1.0
166	41	2.0
166	65	3.0
166	113	1.0
168	188	1.0
168	115	3.0
168	19	1.0
168	0	1.0
168	0	1.0
168	0	1.0
169	53	2.0
169	148	1.0
170	0	3.0
170	48	1.0
170	0	1.0
170	0	1.0
170	0	1.0
170	57	2.0
173	0	2.0
174	154	1.0
174	0	1.0
174	0	1.0
174	0	1.0
175	0	1.0
175	0	1.0
175	86	1.0
176	18	1.0
176	0	1.0
177	117	2.0
178	0	1.0
178	162	1.0
179	66	1.0
180	82	1.0
180	62	5.0
180	0	1.0
180	0	3.0
180	119	1.0
180	135	3.0
180	0	1.0
180	63	5.0
181	0	1.0
182	143	3.0
183	94	1.0
184	0	1.0
184	0	1.0
184	68	1.0
185	141	1.0
185	142	1.0
186	0	1.0
186	0	1.0
187	0	1.0
187	0	1.0
187	0	1.0
188	115	4.0
188	52	1.0
188	39	1.0
188	168	1.0
191	155	1.0
193	17	6.0
193	92	4.0
193	0	1.0
194	0	2.0
194	0	1.0
194	0	1.0
195	0	1.0
196	125	4.0
197	145	2.0
197	126	1.0
197	68	2.0
197	9	1.0
198	0	2.0
198	215	1.0
198	37	2.0
198	121	1.0
199	58	1.0
201	120	2.0
201	211	1.0
201	64	1.0
201	203	1.0
203	201	1.0
203	120	3.0
203	211	2.0
203	64	2.0
203	0	1.0
204	0	1.0
204	98	2.0
204	0	1.0
204	51	2.0
205	155	1.0
205	72	1.0
205	0	1.0
205	0	1.0
205	0	1.0
205	209	1.0
206	0	4.0
206	77	1.0
206	118	1.0
207	0	1.0
207	146	1.0
207	40	1.0
207	72	1.0
207	209	1.0
208	24	1.0
208	101	1.0
209	205	1.0
209	207	1.0
209	146	2.0
209	40	1.0
209	26	1.0
209	0	1.0
209	0	1.0
209	41	1.0
210	0	1.0
210	154	2.0
210	85	1.0
210	0	1.0
210	0	4.0
211	201	1.0
211	120	3.0
211	0	1.0
211	64	3.0
211	203	2.0
213	0	1.0
213	157	2.0
213	89	1.0
214	0	1.0
215	46	1.0
215	142	1.0
215	121	1.0
215	0	1.0
215	198	1.0
216	0	1.0
217	0	1.0
220	231	1.0
221	28	1.0
221	147	1.0
223	0	3.0
223	0	1.0
223	112	2.0
223	111	1.0
224	138	2.0
224	70	1.0
224	4	1.0
225	117	1.0
226	1	1.0
226	2	1.0
227	0	2.0
228	159	1.0
229	10	3.0
229	0	1.0
229	0	3.0
229	237	2.0
229	86	1.0
230	233	4.0
230	131	1.0
230	57	1.0
231	220	1.0
232	29	2.0
233	0	1.0
233	53	1.0
233	230	4.0
236	143	1.0
236	0	1.0
237	10	4.0
237	0	2.0
237	97	1.0
237	148	1.0
237	229	2.0
237	12	1.0
