1750	1665
1750	1668
1750	1687
1750	1735
1750	1762
1750	1767
1750	1769
1750	1774
1750	1806
1750	1811
1750	1831
1750	1841
1750	1847
1750	1863
1750	2003
1791	1682
1791	1712
1791	1747
1791	1757
1791	1768
1791	1793
1791	1796
1791	1799
1791	1802
2068	1662
2068	1675
2068	1679
2068	1704
2068	1715
2068	1716
2068	1730
2068	1735
2068	1737
2068	1767
2068	1768
2068	1769
2068	1772
2068	1794
2068	1809
2068	1833
2068	1994
2068	2027
3306	1665
3306	1668
3306	1679
3306	1693
3306	1712
3306	1717
3306	1726
3306	1727
3306	1732
3306	1738
3306	1740
3306	1757
3306	1769
3306	1772
3306	1783
3306	1802
3651	1624
3651	1668
3651	1687
3651	1695
3651	1718
3651	1741
3651	1771
3651	1780
3651	1783
3651	1795
3651	1850
3892	1661
3892	1665
3892	1679
3892	1687
3892	1715
3892	1717
3892	1720
3892	1721
3892	1726
3892	1730
3892	1734
3892	1784
3892	1801
3892	1847
4805	1675
4805	1677
4805	1704
4966	1667
4966	1668
4966	1717
4966	1730
4966	1736
4966	1744
4966	1757
4966	1782
4966	1784
4966	1824
4966	1881
6237	1687
6237	1717
6237	1730
6237	1757
6237	1762
6237	1772
6237	1782
6648	1651
6648	1665
6648	1668
6648	1677
6648	1679
6648	1687
6648	1690
6648	1697
6648	1701
6648	1715
6648	1717
6648	1726
6648	1738
6648	1741
6648	1745
6648	1750
6648	1772
6648	1942
6690	1667
6690	1677
6690	1693
6690	1696
6690	1702
6690	1704
6690	1712
6690	1725
6690	1728
6690	1732
6690	1734
6690	1737
6690	1757
6690	1762
6690	1784
6690	1798
6935	1806
6935	1832
6935	1852
6935	1910
7146	1730
7146	1744
7146	1772
7146	1863
7146	2027
7490	1655
7490	1659
7490	1668
7490	1715
7490	1766
7490	1771
7490	1794
7784	1655
7784	1747
7808	1634
7808	1651
7808	1655
7808	1665
7808	1668
7808	1676
7808	1677
7808	1679
7808	1682
7808	1684
7808	1691
7808	1693
7808	1694
7808	1700
7808	1701
7808	1705
7808	1715
7808	1717
7808	1720
7808	1726
7808	1728
7808	1730
7808	1732
7808	1733
7808	1734
7808	1738
7808	1740
7808	1744
7808	1745
7808	1749
7808	1752
7808	1769
7808	1772
7808	1777
7808	1778
7808	1796
7808	1808
7808	1812
7808	1847
7808	1856
7886	1679
7886	1687
7886	1690
7886	1691
7886	1692
7886	1693
7886	1694
7886	1699
7886	1715
7886	1717
7886	1728
7886	1732
7886	1739
7886	1744
7886	1748
7886	1752
7886	1755
7886	1757
7886	1761
7886	1762
7886	1763
7886	1767
7886	1769
7886	1774
7886	1776
7886	1778
7886	1782
7886	1787
7886	1792
7886	1796
7886	1797
7886	1806
7886	1819
7886	1820
7886	1824
7886	1830
7886	1833
7886	1841
7886	1847
7886	1856
7886	1863
7886	2027
9386	1617
9386	1619
9386	1620
9386	1621
9386	1623
9386	1628
9386	1630
9386	1633
9386	1634
9386	1637
9386	1638
9386	1639
9386	1640
9386	1643
9386	1644
9386	1648
9386	1652
9386	1653
9386	1654
9386	1656
9386	1659
9386	1660
9386	1661
9386	1662
9386	1667
9386	1671
9386	1673
9386	1676
9386	1678
9386	1682
9386	1683
9386	1684
9386	1687
9386	1688
9386	1689
9386	1690
9386	1691
9386	1698
9386	1699
9386	1702
9386	1705
9386	1714
9386	1722
9386	1723
9386	1725
9386	1727
9386	1728
9919	1762
9919	1796
9919	1797
10031	1631
10031	1665
10031	1677
10031	1717
10031	1730
10031	1769
10031	1801
10223	1628
10223	1638
10223	1640
10223	1649
10223	1655
10223	1656
10223	1659
10223	1666
10223	1667
10223	1669
10223	1670
10223	1673
10223	1674
10223	1678
10223	1686
10223	1687
10223	1689
10223	1692
10223	1693
10223	1698
10223	1699
10223	1703
10223	1705
10223	1710
10223	1713
10223	1727
10223	1731
10223	1732
10223	1735
10223	1736
10223	1739
10223	1740
10223	1742
10223	1744
10223	1745
10223	1750
10223	1788
10223	1905
10223	2170
10223	2742
10252	1695
10252	1715
10252	1719
10252	1720
10252	1721
10252	1735
10252	1739
10252	1742
10252	1773
10252	1795
10252	1801
10252	1805
10252	1814
10252	1839
10252	1856
10252	1882
11945	1667
11945	1695
11945	1702
11945	1738
11945	1757
11945	1767
11945	1772
12604	1662
12604	1757
12604	1772
12604	1777
12604	1811
12604	1812
12604	1831
12604	2027
13361	1687
13361	1717
13361	1738
13361	1740
13361	1765
15947	1725
15947	1742
15947	1744
15947	1768
15947	1769
15947	1802
16033	1703
16033	1717
16033	1730
16033	1749
16033	1802
16033	1812
16339	1634
16339	1642
16339	1655
16339	1660
16339	1662
16339	1667
16339	1668
16339	1673
16339	1675
16339	1676
16339	1677
16339	1678
16339	1679
16339	1680
16339	1682
16339	1684
16339	1688
16339	1690
16339	1691
16339	1692
16339	1696
16339	1701
16339	1704
16339	1705
16339	1707
16339	1711
16339	1712
16339	1718
16339	1723
16339	1724
16339	1725
16339	1726
16339	1727
16339	1728
16339	1733
16339	1738
16339	1739
16339	1743
16339	1744
16339	1745
16339	1747
16339	1748
16339	1749
16339	1750
16339	1751
16339	1752
16339	1755
16339	1757
16339	1768
16339	1772
16339	1774
16339	1778
16339	1781
16339	1791
16339	1793
16339	1796
16339	1797
16339	1802
16339	1809
16339	1821
16339	1850
16339	1889
16385	1693
16385	1715
16385	1717
16385	1720
16385	1721
16385	1734
16385	1735
16385	1757
16385	1767
16385	1802
16385	1812
17064	1651
17064	1665
17064	1668
17064	1673
17064	1675
17064	1677
17064	1682
17064	1687
17064	1692
17064	1694
17064	1700
17064	1711
17064	1722
17064	1725
17064	1726
17064	1730
17064	1734
17064	1736
17064	1745
17064	1749
17064	1750
17064	1753
17064	1757
17064	1769
17064	1772
17064	1777
17064	1784
17064	1786
17064	1794
17064	1802
17064	1804
17064	1822
18825	1679
18825	1687
18825	1712
18825	1730
18825	1741
18825	1757
18825	1772
18825	1781
18825	1786
19141	1679
19141	1687
19141	1717
19141	1744
20447	1634
20447	1655
20447	1665
20447	1679
20447	1684
20447	1687
20447	1693
20447	1695
20447	1697
20447	1701
20447	1702
20447	1717
20447	1720
20447	1721
20447	1725
20447	1726
20447	1727
20447	1729
20447	1730
20447	1736
20447	1737
20447	1740
20447	1741
20447	1749
20447	1755
20447	1756
20447	1765
20447	1767
20447	1769
20447	1772
20447	1775
20447	1777
20447	1780
20447	1782
20447	1784
20447	1785
20447	1787
20447	1792
20447	1797
20447	1802
20447	1812
20447	1820
20447	1831
20447	1863
20447	1892
20447	1994
20447	2003
23192	1704
23192	1769
23192	1772
23192	1777
23192	1783
23192	1789
23192	1796
23192	1802
23192	1831
24134	1702
24134	1704
24134	1722
24134	1726
24134	1728
24134	1735
24134	1761
24134	1769
24134	1772
24134	1847
24134	1856
24217	1726
24217	1757
24217	1772
24217	1777
24217	1994
24371	1634
24371	1662
24371	1665
24371	1668
24371	1675
24371	1677
24371	1678
24371	1679
24371	1684
24371	1690
24371	1692
24371	1693
24371	1695
24371	1707
24371	1711
24371	1712
24371	1716
24371	1717
24371	1718
24371	1722
24371	1724
24371	1725
24371	1726
24371	1727
24371	1728
24371	1732
24371	1733
24371	1736
24371	1738
24371	1739
24371	1741
24371	1745
24371	1747
24371	1749
24371	1750
24371	1751
24371	1752
24371	1754
24371	1756
24371	1757
24371	1767
24371	1768
24371	1769
24371	1772
24371	1774
24371	1778
24371	1779
24371	1780
24371	1794
24371	1802
24371	1804
24371	1805
24371	1850
26712	1631
26712	1632
26712	1647
26712	1656
26712	1665
26712	1668
26712	1670
26712	1673
26712	1674
26712	1676
26712	1677
26712	1682
26712	1690
26712	1692
26712	1695
26712	1699
26712	1702
26712	1705
26712	1707
26712	1710
26712	1711
26712	1712
26712	1721
26712	1738
26712	1751
26712	1754
26712	1774
26712	1809
27321	1677
27321	1682
27321	1687
27321	1714
27321	1757
27321	1802
27501	1701
27501	1726
27501	1738
29255	1617
29255	1619
29255	1620
29255	1642
29255	1651
29255	1654
29255	1655
29255	1658
29255	1659
29255	1662
29255	1669
29255	1673
29255	1678
29255	1683
29255	1686
29255	1689
29255	1697
29255	1698
29255	1707
29255	1723
29255	1727
29255	1731
29255	1732
29255	1734
29255	1735
29255	1736
29255	1737
29255	1739
29255	1740
29255	1741
29255	1742
29255	1744
29255	1745
29255	1746
29255	1747
29255	1749
29255	1751
29255	1752
29255	1753
29255	1754
29255	1755
29255	1758
29255	1759
29255	1768
29255	1771
29255	1772
29255	1773
29255	1774
29255	1775
29255	1779
29255	1780
29255	1781
29255	1786
29255	1789
29255	1792
29255	1804
29255	1826
29255	2001
29778	1687
29778	1715
29778	1721
29778	1729
29778	1730
29778	1761
29778	1767
29778	1769
29778	1772
29778	1782
29778	1784
29778	1801
29778	1802
29778	1806
29778	1820
29778	1824
29778	1825
29778	1831
29778	1837
30733	1717
30733	2027
33540	1651
33540	1675
33540	1734
33540	1749
33540	2021
33540	2533
34154	1665
34154	1679
34154	1687
34154	1717
34154	1726
34154	1737
34154	1738
34154	1744
34154	1749
34154	1757
34154	1767
34154	1769
34154	1772
34154	1801
34154	1802
34611	1687
34611	1692
34611	1716
34611	1732
34611	1757
34611	1786
35478	1616
35478	1667
35478	1673
35478	1674
35478	1676
35478	1683
35478	1688
35478	1691
35478	1693
35478	1695
35478	1696
35478	1697
35478	1698
35478	1699
35478	1703
35478	1704
35478	1705
35478	1707
35478	1714
35478	1719
35478	1722
35478	1724
35478	1725
35478	1729
35478	1731
35478	1735
35478	1736
35478	1737
35478	1738
35478	1739
35478	1742
35478	1745
35478	1778
35713	1679
35713	1688
35713	1700
35713	1721
35713	1726
35713	1738
35713	1740
35713	1746
35713	1758
35713	1769
35713	1856
35966	1668
35966	1679
35966	1717
35966	1755
35966	1802
35966	1806
35966	2027
36790	1769
36790	1806
36790	1994
37043	1662
37043	1675
37043	1682
37043	1684
37043	1686
37043	1687
37043	1717
37043	1726
37043	1738
37043	1750
37043	1794
38013	1647
38013	1684
38013	1690
38013	1691
38013	1694
38013	1696
38013	1697
38013	1704
38013	1706
38013	1707
38013	1709
38013	1712
38013	1714
38013	1723
38013	1724
38013	1725
38013	1726
38013	1735
38013	1738
38013	1744
38013	1755
38013	1767
38013	1771
38013	1774
38013	1778
38013	1781
38013	1784
38013	1790
38013	1791
38013	1793
38013	1797
38013	1805
38013	1812
38479	1665
38479	1667
38479	1668
38479	1670
38479	1677
38479	1679
38479	1680
38479	1684
38479	1687
38479	1690
38479	1691
38479	1692
38479	1693
38479	1694
38479	1695
38479	1696
38479	1699
38479	1702
38479	1706
38479	1712
38479	1713
38479	1714
38479	1717
38479	1724
38479	1725
38479	1726
38479	1727
38479	1729
38479	1735
38479	1736
38479	1737
38479	1738
38479	1739
38479	1743
38479	1745
38479	1746
38479	1748
38479	1752
38479	1754
38479	1755
38479	1756
38479	1757
38479	1758
38479	1759
38479	1760
38479	1761
38479	1762
38479	1763
38479	1764
38479	1765
38479	1766
38479	1767
38479	1768
38479	1769
38479	1770
38479	1772
38479	1773
38479	1774
38479	1776
38479	1778
38479	1781
38479	1783
38479	1786
38479	1787
38479	1789
38479	1791
38479	1794
38479	1795
38479	1796
38479	1799
38479	1802
38479	1803
38479	1804
38479	1809
38479	1813
38479	1814
38479	1818
38479	1820
38479	1831
38479	1833
38479	1841
38479	1842
38479	1846
38479	1847
38479	1850
38479	1863
38479	1874
38479	1882
38479	1891
38479	1892
38479	1896
38479	1898
38479	1952
38479	1994
38479	2002
38479	2003
38479	2027
39142	1665
39142	1679
39142	1687
39142	1715
39142	1717
39142	1721
39142	1726
39142	1782
39142	1806
39142	1807
39142	1831
39142	1847
39275	1690
39275	1724
39275	1725
39275	1730
39275	1736
39275	1744
39275	1757
39275	1772
39275	1802
39275	2003
40242	1617
40242	1626
40242	1631
40242	1662
40242	1675
40242	1696
40242	1714
40242	1718
40242	1737
40242	1742
40242	1750
40242	1751
40242	1761
40556	1665
40556	1802
40963	1662
40963	1665
40963	1690
40963	1693
40963	1701
40963	1706
40963	1714
40963	1715
40963	1720
40963	1721
40963	1725
40963	1744
40963	1757
40963	1784
40963	1794
43096	1663
43096	1715
43096	1717
43096	1721
43096	1734
43096	1784
43362	1612
43362	1630
43362	1636
43362	1673
43362	1674
43362	1676
43362	1678
43362	1680
43362	1682
43362	1683
43362	1687
43362	1689
43362	1691
43362	1695
43362	1696
43362	1697
43362	1699
43362	1700
43362	1702
43362	1703
43362	1704
43362	1705
43362	1711
43362	1712
43362	1714
43362	1717
43362	1719
43362	1721
43362	1723
43362	1724
43362	1725
43362	1726
43362	1727
43362	1729
43362	1732
43362	1734
43362	1735
43362	1737
43362	1738
43362	1739
43362	1740
43362	1741
43362	1743
43362	1745
43362	1747
43362	1748
43362	1751
43362	1752
43362	1753
43362	1755
43362	1756
43362	1760
43362	1761
43362	1763
43362	1767
43362	1768
43362	1769
43362	1771
43362	1775
43362	1776
43362	1778
43362	1779
43362	1786
43362	1787
43362	1794
43362	1795
43362	1797
43362	1798
43362	1800
43362	1803
48570	1687
48570	1716
48570	1717
48570	1726
48570	1757
48570	1769
48570	1777
48570	1802
49279	1662
49279	1665
49279	1673
49279	1675
49279	1679
49279	1690
49279	1716
49279	1717
49279	1725
49279	1728
49279	1730
49279	1733
49279	1736
49279	1738
49279	1762
49279	1767
49279	1769
49279	1772
49279	1777
49279	1796
49279	1802
49279	1804
49279	1850
49508	1757
49508	1863
49763	1668
49763	1675
49763	1679
49763	1687
49763	1726
49763	1761
49763	1785
49763	1856
49763	1864
49763	1891
49763	1994
49939	1617
49939	1621
49939	1623
49939	1628
49939	1630
49939	1631
49939	1637
49939	1638
49939	1639
49939	1642
49939	1643
49939	1647
49939	1655
49939	1659
49939	1661
49939	1666
49939	1667
49939	1668
49939	1735
49939	1736
49939	1737
49939	1738
49939	1739
49939	1740
50354	1656
50354	1657
50354	1660
50354	1661
50354	1664
50354	1666
50354	1668
50354	1670
50354	1671
50354	1674
50354	1676
50354	1678
50354	1679
50354	1680
50354	1683
50354	1684
50354	1689
50354	1691
50354	1693
50354	1695
50354	1696
50354	1699
50354	1700
50354	1703
50354	1705
50354	1707
50354	1710
50354	1713
50354	1714
50354	1727
50354	1728
50354	1731
50354	1737
50354	1739
50354	1740
50354	1742
50354	1744
50354	1745
50354	1746
50354	1751
50354	1753
50354	1754
50354	1758
50354	1760
50354	1761
50354	1764
50354	1765
50354	1766
50714	1707
51394	1665
51394	1687
51394	1693
51394	1695
51394	1703
51394	1712
51394	1717
51394	1725
51394	1761
51394	1767
51394	1769
51394	1772
51394	1783
51394	1800
51394	1802
51394	1806
51394	1811
51394	1816
51394	1818
51394	1824
51394	1825
51394	1831
51394	1832
51394	1837
51394	1863
51394	1864
51394	1871
51394	1881
51394	1882
51394	1891
51394	1899
51394	1939
51394	1994
51394	2027
51408	1665
51408	1668
51408	1687
51408	1730
51408	1772
51566	1665
51566	1668
51566	1679
51566	1680
51566	1690
51566	1693
51566	1695
51566	1697
51566	1702
51566	1703
51566	1704
51566	1707
51566	1712
51566	1717
51566	1719
51566	1722
51566	1728
51566	1730
51566	1735
51566	1738
51566	1742
51566	1743
51566	1744
51566	1745
51566	1749
51566	1752
51566	1756
51566	1757
51566	1761
51566	1762
51566	1763
51566	1765
51566	1767
51566	1768
51566	1770
51566	1772
51566	1773
51566	1780
51566	1785
51566	1792
51566	1801
51566	1802
51566	1805
51566	1819
51566	1821
51566	1831
51566	1833
51566	1846
51566	1847
51566	1850
51566	1994
51566	2027
51581	1677
51581	1687
51581	1692
51581	1693
51581	1700
51581	1704
51581	1712
51581	1717
51581	1724
51581	1725
51581	1744
51581	1761
51581	1762
51581	1769
51581	1778
51581	1780
51581	1782
51581	1783
51581	1786
51581	1789
51581	1799
51581	1800
51581	1804
51581	1806
51581	1813
51581	1824
51581	1825
51581	1831
51581	1833
51581	1837
51581	1839
51581	1855
51581	1858
51581	1863
51581	1864
51581	1870
51581	1875
51581	1881
51581	1891
51581	1892
51581	1893
51581	1936
51581	2007
51581	2027
54970	1665
54970	1668
54970	1677
54970	1679
54970	1684
54970	1691
54970	1692
54970	1693
54970	1712
54970	1722
54970	1726
54970	1730
54970	1733
54970	1744
54970	1757
54970	1772
54970	1774
54970	1778
54970	1781
54970	1794
54970	1802
54970	1856
55063	1667
55063	1677
55063	1684
55063	1687
55063	1690
55063	1692
55063	1701
55063	1706
55063	1729
55063	1732
55063	1736
55063	1743
55063	1749
55063	1758
55063	1762
55063	1763
55063	1769
55063	1770
55063	1774
55063	1778
55063	1779
55063	1780
55063	1781
55063	1785
55063	1786
55063	1789
55063	1791
55063	1792
55063	1795
55063	1815
55063	1826
55063	1833
55063	1846
55063	1856
55063	1889
55063	1994
55063	2002
55063	2027
55401	1715
55401	1744
55401	1749
55401	1757
55401	1793
55401	1831
55634	1665
55634	1679
55634	1687
55634	1695
55634	1697
55634	1714
55634	1715
55634	1717
55634	1726
55634	1730
55634	1744
55634	1767
55634	1769
55634	1784
55634	1802
55634	1994
55828	1802
56783	1668
56783	1684
56783	1704
56783	1717
56783	1725
56783	1744
56783	1769
56783	1772
56783	1789
56783	1797
56783	1802
56783	1806
57311	1611
57311	1614
57311	1615
57311	1627
57311	1628
57311	1629
57311	1630
57311	1631
57311	1634
57311	1637
57311	1638
57311	1639
57311	1642
57311	1643
57311	1644
57311	1648
57311	1653
57311	1657
57311	1661
57311	1662
57311	1664
57311	1665
57311	1666
57311	1668
57311	1669
57311	1671
57311	1673
57311	1674
57311	1676
57311	1678
57311	1679
57311	1680
57311	1684
57311	1689
57311	1691
57311	1695
57311	1696
57311	1698
57311	1699
57311	1700
57311	1702
57311	1704
57311	1711
57311	1713
57311	1714
57311	1717
57311	1719
57311	1720
57311	1722
57311	1723
57311	1725
57311	1726
57311	1727
57311	1731
57311	1732
57311	1733
57311	1735
57311	1737
57311	1747
57311	1773
57311	1789
58236	1687
58236	1730
58236	1740
58236	1757
59154	1662
59154	1665
59154	1668
59154	1677
59154	1687
59154	1717
59154	1726
59154	1730
59154	1744
59154	1757
59154	1769
59154	1772
59154	1802
59266	1730
59266	1769
59266	1772
59266	1802
59323	1651
59323	1668
59323	1677
59323	1679
59323	1717
59323	1757
59323	1767
59733	1687
59733	1693
59733	1702
59733	1715
59733	1717
59733	1720
59733	1721
59733	1735
59733	1752
59733	1755
59733	1757
59733	1769
59733	1771
59733	1772
59733	1784
59733	1802
59733	1806
59733	1824
60244	1717
60244	1725
60244	1767
60244	1769
60244	1772
60244	1782
60244	1802
60244	1811
60244	1816
60244	1939
60597	1668
60597	1679
60597	1687
60597	1717
60597	1726
60597	1757
60597	1765
60597	1769
60597	1786
60597	1789
60597	1802
60597	1806
60597	1994
60986	1615
60986	1618
60986	1631
60986	1634
60986	1642
60986	1668
60986	1677
60986	1679
60986	1687
60986	1690
60986	1701
60986	1717
60986	1772
60986	1943
61760	1717
61760	1749
61892	1665
61892	1668
61892	1671
61892	1678
61892	1684
61892	1687
61892	1693
61892	1726
61892	1735
61892	1739
61892	1767
62161	1665
62161	1675
62161	1686
62161	1724
62161	1757
62161	1763
62161	1889
62161	1908
62161	1987
62341	1662
62341	1665
62341	1701
62341	1702
62341	1706
62341	1707
62341	1717
62341	1719
62341	1726
62341	1728
62341	1738
62341	1748
62341	1757
62341	1767
62341	1768
62341	1772
62341	1774
62341	1791
62341	1795
62341	1821
63772	1716
63772	1725
63772	1757
63772	1769
63772	1777
63772	1802
64080	1667
64080	1693
64080	1717
64080	1757
64080	1769
64080	1804
64080	1904
64829	1738
64829	1797
65398	1607
65398	1612
65398	1614
65398	1616
65398	1617
65398	1619
65398	1620
65398	1621
65398	1623
65398	1658
65398	1659
65398	1661
65398	1667
65398	1671
65398	1673
65398	1676
65398	1677
65398	1680
65398	1682
65398	1684
65398	1687
65398	1690
65398	1691
65398	1692
65398	1696
65398	1697
65398	1699
65398	1704
65398	1705
65398	1713
65398	1714
65398	1722
65398	1724
65398	1725
65398	1726
65398	1732
65398	1734
65398	1737
65398	1738
65398	1741
65398	1742
65398	1778
65398	1794
65398	1795
66068	1772
66068	1863
66068	2741
66068	2787
67353	1670
67353	1671
67353	1706
67461	1662
67461	1665
67461	1668
67461	1671
67461	1675
67461	1677
67461	1679
67461	1687
67461	1690
67461	1692
67461	1693
67461	1696
67461	1697
67461	1701
67461	1702
67461	1703
67461	1706
67461	1707
67461	1712
67461	1713
67461	1715
67461	1717
67461	1720
67461	1725
67461	1728
67461	1729
67461	1730
67461	1736
67461	1738
67461	1744
67461	1751
67461	1752
67461	1755
67461	1757
67461	1761
67461	1765
67461	1767
67461	1769
67461	1771
67461	1772
67461	1775
67461	1777
67461	1779
67461	1780
67461	1781
67461	1784
67461	1786
67461	1789
67461	1794
67461	1795
67461	1796
67461	1797
67461	1799
67461	1801
67461	1802
67461	1804
67461	1806
67461	1808
67461	1814
67461	1815
67461	1831
67461	1833
67461	1839
67461	1846
67461	1847
67461	1850
67461	1856
67461	1882
67461	1899
67461	1994
67461	2003
67976	1704
67976	1717
67976	1726
67976	1757
67976	1801
69326	1665
69326	1670
69326	1684
69326	1700
69326	1728
69326	1730
69326	1772
69326	1812
69367	1676
69367	1711
70527	1668
70527	1712
70527	1728
70527	1730
70527	1777
70527	1789
70527	1792
70527	1804
70527	1815
70527	1833
70527	1874
70527	1962
70527	2027
70527	2065
70725	1677
70725	1684
70725	1687
70725	1690
70725	1693
70725	1694
70725	1701
70725	1703
70725	1732
70725	1742
70725	1744
70725	1758
70725	1761
70725	1773
70725	1784
70725	1792
70725	1798
70725	1802
70725	1812
70725	1815
70725	1839
74146	1716
74146	1748
74146	1751
74146	1754
74146	1757
74146	1766
74146	1768
74146	1769
74146	1776
74146	1779
74146	1789
74146	1802
74146	1850
74146	1947
74489	1650
74489	1651
74489	1675
74489	1682
74489	1690
74489	1697
75277	1665
75277	1687
75277	1706
75277	1712
75277	1728
75277	1738
75277	1771
75277	1772
75277	1804
75277	1805
75729	1655
75729	1684
75729	1688
75729	1713
75729	1724
76710	1649
76710	1656
76710	1658
76710	1662
76710	1686
76710	1690
76710	1692
76710	1694
76710	1705
76710	1711
76710	1717
76710	1725
76710	1741
76710	1755
76710	1761
76770	1677
76770	1687
76770	1694
76770	1695
76770	1696
76770	1702
76770	1717
76770	1730
76770	1735
76770	1737
76770	1752
76770	1756
76770	1767
76770	1769
76770	1772
76770	1775
76770	1780
76770	1782
76770	1785
76770	1805
76770	1806
76770	1808
76770	1809
76770	1812
76770	1820
76770	1831
76770	1847
76770	1891
76770	1994
76770	2002
76770	2003
76903	1634
76903	1655
76903	1676
76903	1687
76903	1688
76903	1692
76903	1693
76903	1704
76903	1709
76903	1714
76903	1716
76903	1717
76903	1718
76903	1721
76903	1724
76903	1725
76903	1728
76903	1730
76903	1744
76903	1756
76903	1764
76903	1769
76903	1784
76903	1786
76903	1797
76903	1802
76903	1847
76903	1883
77722	1617
77722	1620
77722	1621
77722	1636
77722	1637
77722	1638
77722	1651
77722	1654
77722	1655
77722	1661
77722	1662
77722	1665
77722	1667
77722	1671
77722	1678
77722	1685
77722	1690
77722	1693
77722	1696
77722	1699
77722	1702
77722	1704
77722	1714
77722	1722
77722	1731
77722	1737
77735	1914
79123	1687
79123	1757
79123	1767
79123	1802
80640	1651
80640	1662
80640	1665
80640	1675
80640	1677
80640	1678
80640	1682
80640	1691
80640	1693
80640	1694
80640	1695
80640	1701
80640	1704
80640	1706
80640	1714
80640	1716
80640	1720
80640	1722
80640	1729
80640	1732
80640	1734
80640	1736
80640	1738
80640	1741
80640	1744
80640	1755
80640	1757
80640	1758
80640	1775
80640	1776
80640	1777
80640	1784
80640	1787
80640	1789
80640	1810
80640	1812
80640	1820
80640	1824
80640	1856
80640	1875
80640	1891
83962	1642
83962	1668
83962	1679
83962	1695
83962	1726
83962	1738
83962	1746
83962	1757
83962	1767
83962	1778
83962	1806
84151	1772
85202	1669
85202	1693
85202	1698
85202	1706
85202	1712
85202	1717
85202	1724
85202	1785
85202	1795
85202	1808
85202	1812
85202	1820
85202	1821
86243	1679
86243	1741
86243	1742
86243	1769
86243	1847
86809	1730
86809	1742
86809	1761
86809	1775
86809	1899
87923	1651
87923	1665
87923	1668
87923	1675
87923	1677
87923	1679
87923	1691
87923	1692
87923	1693
87923	1711
87923	1712
87923	1717
87923	1722
87923	1724
87923	1725
87923	1730
87923	1736
87923	1738
87923	1739
87923	1741
87923	1753
87923	1757
87923	1767
87923	1769
87923	1772
87923	1777
87923	1778
87923	1781
87923	1783
87923	1786
87923	1802
87923	1805
87923	1806
89465	1687
89465	1717
89465	1802
90015	1605
90015	1606
90015	1620
90015	1625
90015	1627
90015	1628
90015	1630
90015	1633
90015	1636
90015	1642
90015	1651
90015	1668
90015	1673
90015	1676
90015	1678
90015	1679
90015	1687
90015	1692
90015	1693
90015	1695
90015	1696
90015	1699
90015	1702
90015	1703
90015	1722
90015	1724
90015	1725
90015	1727
90015	1742
90015	1743
90015	1797
90015	1798
90015	1799
90015	1809
90015	2158
92675	1736
92675	1769
92675	1789
92675	1794
92675	1802
92675	1804
94173	1663
94173	1703
94173	1715
94173	1720
94173	1731
94173	1734
94173	1739
94173	1744
94173	1773
94173	1834
94173	1882
94173	1899
94528	1668
94528	1677
94528	1684
94528	1687
94528	1695
94528	1696
94528	1704
94528	1717
94528	1735
94528	1736
94528	1755
94528	1767
94528	1769
94528	1772
94528	1778
94528	1780
94528	1802
94528	1804
95924	1725
95924	1757
95924	1799
95947	1668
95947	1717
95947	1730
95947	1757
95947	1769
95947	1772
95947	1777
95947	1802
95947	1806
95947	1831
95947	1994
96523	1608
96523	1614
96523	1620
96523	1630
96523	1636
96523	1638
96523	1655
96523	1661
96523	1684
96523	1699
96523	1713
96523	1728
96523	1731
96523	1739
96523	1750
96523	1759
96523	1768
96523	1953
97254	1679
97254	1693
97254	1700
97254	1717
97254	1738
97254	1761
97254	1765
97254	1772
97254	1802
97254	1847
98300	1651
98300	1665
98300	1668
98300	1677
98300	1687
98300	1697
98300	1706
98300	1717
98300	1725
98300	1726
98300	1730
98300	1738
98300	1740
98300	1757
98300	1761
98300	1767
98300	1769
98300	1777
98300	1802
98300	1809
98300	2027
99994	1649
99994	1670
99994	1673
99994	1676
99994	1686
99994	1700
99994	1704
99994	1705
99994	1711
99994	1723
99994	1729
99994	1738
99994	1758
99994	1760
99994	1767
99994	1771
99994	1772
99994	1773
99994	1775
99994	1823
99994	1835
99994	1838
99994	1846
99994	1893
101035	1659
101035	1669
101035	1688
101035	1689
101035	1691
101035	1694
101035	1700
101035	1705
101035	1724
101035	1735
101035	1737
101035	1739
101035	1741
101035	1769
101035	1772
101035	1780
101035	1795
102218	1766
102218	1848
102218	1888
102218	1912
102218	1955
102431	1615
102431	1639
102431	1642
102431	1658
102431	1660
102431	1675
102431	1676
102431	1682
102431	1690
102431	1707
102431	1709
102431	1716
102431	1725
102431	1728
102431	1731
102431	1743
102431	1757
102431	1777
102431	1781
102431	1795
102431	1802
102431	1804
102431	1850
103576	1695
103576	1769
106844	1665
106844	1684
106844	1717
106844	1755
106844	1766
106844	1767
106844	1777
106844	1786
107086	1651
107086	1662
107086	1667
107086	1682
107086	1687
107086	1692
107086	1711
107086	1716
107086	1726
107086	1731
107086	1733
107086	1736
107086	1753
107086	1768
107086	1776
107086	1777
107086	1789
107086	1796
107086	1802
107086	1806
107086	2148
107155	1668
107155	1736
107155	1745
107155	1802
110238	1777
110238	1789
110238	1850
110510	1607
110510	1610
110510	1615
110510	1659
110510	1660
110510	1661
110510	1663
110510	1665
110510	1673
110510	1674
110510	1676
110510	1678
110510	1682
110510	1683
110510	1687
110510	1688
110510	1689
110510	1691
110510	1694
110510	1702
110510	1711
110510	1712
110510	1729
110510	1731
110510	1732
110510	1735
110510	1751
110510	1753
110510	1755
110510	1778
110510	1795
110545	1668
110545	1727
110545	1744
110545	1757
111058	1665
111058	1668
111058	1679
111058	1715
111058	1717
111058	1749
111058	1772
111058	1784
111058	1802
111290	1670
111290	1674
111290	1678
111290	1682
111290	1683
111290	1686
111290	1687
111290	1689
111290	1691
111290	1692
111290	1693
111290	1694
111290	1696
111290	1699
111290	1714
111290	1719
111290	1723
111290	1724
111290	1726
111290	1727
111290	1731
111290	1732
111290	1734
111290	1737
111290	1738
111290	1739
111290	1740
111290	1741
111290	1742
111290	1743
111290	1745
111290	1747
111290	1751
112430	1665
112430	1687
112430	1717
112430	1730
112430	1757
112430	1764
112430	1769
112430	1772
112430	1782
112430	1794
112430	1802
112430	1806
112430	1831
112430	1863
112430	2003
112430	2027
113007	1668
113007	1687
113007	1726
113007	1739
113007	1744
113007	1749
113007	1769
113007	1774
113007	1802
113173	1726
113173	1730
113173	1738
113217	1634
113217	1636
113217	1642
113217	1655
113217	1657
113217	1667
113217	1670
113217	1673
113217	1676
113217	1678
113217	1695
113217	1705
113217	1711
113217	1712
113217	1718
113217	1719
113217	1740
113217	1753
113217	1756
114161	1668
114161	1675
114161	1679
114161	1680
114161	1684
114161	1699
114161	1702
114161	1715
114161	1730
114161	1761
114161	1784
114161	1863
114161	1892
114161	1899
114161	2011
114908	1658
114908	1659
114908	1665
114908	1668
114908	1677
114908	1687
114908	1717
114908	1726
114908	1761
114908	1764
114908	1814
114908	1831
114908	1847
114908	2003
116322	1662
116322	1668
116322	1687
116322	1730
116322	1737
116322	1750
116322	1772
116322	1780
118125	1642
118125	1667
118125	1692
118125	1839
118320	1687
118320	1757
118320	1769
118320	1777
118320	1783
118476	1668
118476	1726
118476	1730
118476	1765
118476	1767
118476	1769
118476	1802
118522	1665
118522	1684
118522	1690
118522	1705
118522	1713
118522	1721
118522	1722
118522	1732
118522	1736
118522	1739
118522	1756
118522	1759
118522	1767
118522	1769
118522	1771
118522	1774
118522	1778
118522	1791
118522	1802
118522	1805
118522	2027
118522	2063
121103	1679
121103	1690
121103	1717
121103	1722
121103	1726
121103	1738
121103	1757
121103	1769
124345	1703
124345	1800
126485	1651
126485	1668
126485	1679
126485	1695
126485	1702
126485	1706
126485	1717
126485	1726
126485	1727
126485	1729
126485	1730
126485	1735
126485	1738
126485	1741
126485	1752
126485	1756
126485	1765
126485	1767
126485	1772
126485	1774
126485	1780
126485	1812
126485	1847
126606	1680
126606	1711
126606	1719
126606	1720
126606	1739
126606	1742
126606	1751
126606	1757
126606	1765
126606	1775
126606	1777
126606	1787
126606	1797
126606	1809
126623	1675
126623	1690
126623	1724
126623	1757
126623	1786
126623	1789
126623	1804
126623	1850
127739	1668
127739	1717
127739	1802
127771	1669
127771	1670
127771	1687
127771	1695
127771	1700
127771	1702
127771	1703
127771	1705
127771	1707
127771	1712
127771	1715
127771	1719
127771	1720
127771	1724
127771	1727
127771	1740
127771	1741
127771	1767
127771	1771
127771	1772
127771	1778
127771	1793
127771	1804
127771	1805
129511	1637
129511	1639
129511	1640
129511	1644
129511	1651
129511	1652
129511	1654
129511	1656
129511	1659
129511	1662
129511	1666
129511	1668
129511	1669
129511	1673
129511	1678
129511	1687
129511	1693
129511	1699
129511	1723
129511	1726
129511	1734
129511	1802
130091	1702
130091	1720
130091	1730
130091	1734
130091	1735
130091	1780
130091	1782
130091	1811
130091	1816
130091	1820
130091	1822
130091	1834
130091	1847
130099	1665
130099	1687
130099	1726
130099	1738
130099	1802
130316	1625
130316	1650
130316	1651
130316	1655
130316	1676
130316	1677
130316	1679
130316	1684
130316	1701
130316	1703
130316	1704
130316	1706
130316	1707
130316	1724
130316	1725
130316	1727
130316	1732
130316	1733
130316	1734
130316	1740
130316	1741
130316	1744
130316	1745
130316	1753
130316	1754
130316	1766
130316	1785
130316	1796
130316	1797
130316	1822
130316	1847
130838	1612
130838	1614
130838	1680
130838	1706
130838	1713
130838	1717
130838	1719
131285	1665
131285	1677
131285	1679
131285	1687
131285	1692
131285	1700
131285	1712
131285	1715
131285	1717
131285	1744
131285	1755
131285	1765
131285	1772
131285	1784
131285	1819
131285	1847
131532	1668
131532	1717
131532	1746
131532	1761
131532	1766
131532	1769
131532	1783
131532	1786
131532	1787
131532	1802
131594	1682
131594	1750
131594	1751
131594	1754
131594	1839
132423	1620
132423	1636
132423	1655
132423	1664
132423	1665
132423	1666
132423	1667
132423	1778
132423	1827
132423	1828
132423	1832
132740	1694
132740	1713
132740	1717
132740	1722
132740	1729
132740	1730
132740	1739
132740	1742
132740	1761
132740	1762
132740	1765
132740	1771
132740	1797
132740	1798
132740	1801
132740	1808
132740	1812
132740	1833
132740	1846
132740	1847
132740	1856
133195	1640
133195	1651
133195	1658
133195	1665
133195	1673
133195	1675
133195	1687
133195	1688
133195	1690
133195	1691
133195	1693
133195	1701
133195	1706
133195	1714
133195	1726
133195	1727
133195	1744
133195	1749
133195	1775
133195	1879
133378	1605
133378	1612
133378	1614
133378	1617
133378	1620
133378	1623
133378	1628
133378	1630
133378	1631
133378	1632
133378	1633
133378	1634
133378	1636
133378	1644
133378	1648
133378	1661
133378	1663
133378	1665
133378	1668
133378	1669
133378	1670
133378	1671
133378	1677
133378	1678
133378	1680
133378	1687
133378	1690
133378	1693
133378	1694
133378	1696
133378	1697
133378	1702
133378	1703
133378	1704
133378	1707
133378	1709
133378	1713
133378	1714
133378	1718
133378	1722
133378	1724
133378	1725
133378	1729
133378	1732
133378	1734
133378	1737
133378	1738
133378	1769
133378	1781
133378	1852
133378	1916
133378	1936
133378	2023
133378	2030
133378	2388
133512	1715
133512	1757
133512	1769
133512	1773
133512	1777
133512	1783
133512	1789
133512	1792
133512	1802
133512	1826
133512	1874
133512	1899
133512	2027
133746	1609
133746	1612
133746	1625
133746	1629
133746	1638
133746	1639
133746	1640
133746	1683
133746	1731
133746	1734
133746	1802
133746	1847
133788	1668
133788	1765
133788	1772
133788	1802
133788	1994
136252	1687
136252	1777
136953	1606
136953	1607
136953	1610
136953	1614
136953	1619
136953	1620
136953	1623
136953	1626
136953	1628
136953	1630
136953	1633
136953	1639
136953	1640
136953	1648
136953	1653
136953	1656
136953	1661
136953	1663
136953	1666
136953	1669
136953	1670
136953	1671
136953	1678
136953	1679
136953	1687
136953	1689
136953	1690
136953	1693
136953	1705
136953	1707
136953	1710
136953	1713
136953	1718
136953	1722
136953	1723
136953	1724
136953	1725
136953	1726
136953	1727
136953	1729
136953	1733
136953	1734
136953	1739
136953	1740
136953	1742
136953	1743
136953	1744
136953	1745
136953	1751
136953	1752
136953	1756
136953	1759
136953	1761
136953	1769
136953	1772
136953	1773
136953	1776
136953	2165
137467	1681
137467	1689
137467	1744
137467	1773
137467	1792
137467	1839
137467	1921
137504	1665
137504	1668
137504	1679
137504	1727
137504	1732
137504	1802
138950	1634
138950	1651
138950	1677
138950	1679
138950	1687
138950	1693
138950	1717
138950	1721
138950	1722
138950	1725
138950	1727
138950	1730
138950	1736
138950	1738
138950	1740
138950	1757
138950	1767
138950	1769
138950	1772
138950	1777
138950	1782
138950	1783
138950	1802
138950	1804
138950	1831
138950	1847
138950	2027
139033	1717
139033	1769
139033	1772
139033	1831
139033	1994
139650	1665
139650	1687
139650	1757
139650	1777
139650	1789
139650	1831
141168	1618
141168	1665
141168	1677
141168	1679
141168	1687
141168	1692
141168	1715
141168	1717
141168	1734
141168	1744
141168	1757
141168	1802
141168	1831
144296	1637
144296	1638
144296	1641
144296	1649
144296	1651
144296	1654
144296	1655
144296	1658
144296	1659
144296	1663
144296	1664
144296	1666
144296	1667
144296	1668
144296	1673
144296	1679
144296	1680
144296	1684
144296	1686
144296	1689
144296	1690
144296	1692
144296	1696
144296	1697
144296	1703
144296	1707
144296	1710
144296	1713
144296	1714
144296	1722
144296	1727
144296	1728
144296	1735
144296	1757
144459	1687
144459	1722
144459	1736
144459	1757
144459	1772
144459	1778
144459	1804
144913	1687
144913	1833
144913	2027
145460	1665
145460	1679
145460	1717
145460	1738
145460	1765
145460	1769
145460	1772
145460	1777
147848	1655
147848	1667
147848	1670
147848	1703
147848	1745
147848	1758
147848	1759
147848	1773
147848	1800
147848	1817
147848	1841
147848	1843
147848	1846
147848	1868
147848	1874
147848	1930
147848	2646
147939	1767
147939	1769
147939	1800
147939	1802
147939	1811
147939	1832
147939	1863
148237	1668
148237	1692
148237	1706
148237	1726
148237	1765
148237	1778
148293	1645
148293	1656
148293	1660
148293	1665
148293	1677
148293	1679
148293	1687
148293	1724
148293	1726
148293	1806
149516	1678
149516	1689
149516	1766
149516	1769
149516	1780
149516	1801
151016	1711
151016	1723
151016	1777
151685	1606
151685	1607
151685	1609
151685	1611
151685	1615
151685	1623
151685	1628
151685	1630
151685	1633
151685	1638
151685	1640
151685	1642
151685	1643
151685	1646
151685	1655
151685	1656
151685	1658
151685	1659
151685	1661
151685	1665
151685	1667
151685	1669
151685	1671
151685	1673
151685	1676
151685	1678
151685	1682
151685	1693
151685	1694
151685	1698
151685	1705
151685	1707
151685	1711
151685	1712
151685	1725
151685	1729
151685	1732
151685	1751
151685	1752
151685	1753
151685	1754
151685	1755
151685	1768
151685	1774
151685	1775
151685	1776
151685	1779
151685	1786
151685	1792
151685	1795
151685	1797
151685	1799
151685	1802
151685	1850
151685	2209
152331	1631
152331	1634
152331	1636
152331	1637
152331	1638
152331	1639
152331	1640
152331	1642
152331	1643
152331	1647
152331	1648
152331	1649
152331	1650
152331	1652
152331	1655
152331	1656
152331	1658
152331	1659
152331	1660
152331	1686
152331	1688
152331	1692
152331	1693
152331	1696
152331	1697
152331	1707
152331	1713
152331	1731
154558	1628
154558	1629
154558	1631
154558	1639
154558	1640
154558	1642
154558	1646
154558	1649
154558	1652
154558	1654
154558	1656
154558	1657
154558	1661
154558	1664
154558	1674
154558	1677
154558	1680
154558	1686
154558	1688
154558	1696
154558	1697
154558	1699
154558	1711
154558	1713
154558	1714
154558	1719
154558	1724
154558	1725
154558	1727
154558	1735
154558	1736
154558	1737
154558	1738
154558	1740
154558	1741
154558	1742
154558	1743
154558	1745
154558	1756
154558	1760
154558	1762
154558	1763
154558	1764
154558	1767
154558	1768
154558	1770
154558	1771
154558	1778
154558	1780
155063	1675
155063	1717
155063	1725
155063	1772
155063	1796
155063	1850
158890	1811
158890	1816
158890	1864
159912	1767
159912	1802
160024	1669
160024	1682
160024	1683
160024	1691
160024	1697
160024	1700
160024	1724
160024	1725
160024	1726
160024	1732
160024	1733
160024	1735
160024	1736
160024	1751
160024	1755
160024	1756
160024	1764
160024	1778
160024	1780
160024	1786
160024	1793
160024	1797
160024	1802
160024	1809
161106	1656
161106	1659
161106	1661
161106	1662
161106	1665
161106	1666
161106	1669
161106	1671
161106	1673
161106	1678
161106	1687
161106	1689
161106	1690
161106	1693
161106	1696
161106	1699
161106	1702
161106	1704
161106	1705
161106	1711
161106	1712
161106	1714
161106	1723
161106	1724
161106	1725
161106	1726
161106	1727
161106	1731
161106	1734
161106	1735
161106	1737
161106	1740
161106	1742
161106	1745
161106	1747
161106	1751
161106	1755
161106	1759
161106	1766
161106	1769
161106	1771
161106	1773
161106	1781
161106	1784
161333	1628
161333	1629
161333	1630
161333	1631
161333	1632
161333	1633
161333	1636
161333	1640
161333	1641
161333	1642
161333	1649
161333	1656
161333	1659
161333	1661
161333	1665
161333	1666
161333	1669
161333	1671
161333	1673
161333	1674
161333	1677
161333	1680
161333	1682
161333	1683
161333	1686
161333	1687
161333	1689
161333	1690
161333	1691
161333	1692
161333	1693
161333	1694
161333	1696
161333	1698
161333	1699
161333	1704
161333	1705
161333	1714
161333	1724
161333	1727
161333	1729
161333	1731
161333	1734
161333	1821
161541	1665
161541	1668
161541	1673
161541	1676
161541	1677
161541	1679
161541	1688
161541	1701
161541	1717
161541	1719
161541	1721
161541	1726
161541	1734
161541	1738
161541	1744
161541	1750
161541	1753
161541	1755
161541	1758
161541	1771
163175	1642
163175	1665
163175	1668
163175	1677
163175	1678
163175	1679
163175	1684
163175	1690
163175	1692
163175	1704
163175	1706
163175	1707
163175	1711
163175	1717
163175	1718
163175	1725
163175	1726
163175	1730
163175	1732
163175	1737
163175	1738
163175	1750
163175	1751
163175	1762
163175	1765
163175	1769
163175	1772
163175	1777
163175	1779
163175	1780
163175	1808
163175	1831
163175	1899
163727	1677
163727	1717
163727	1719
163727	1757
163727	1769
163727	1772
163727	1783
163727	1793
163727	1802
163727	1811
163727	1816
163727	1832
163727	1994
163727	2027
164644	1646
164644	1648
164644	1677
164644	1717
164644	1725
164644	1768
164644	1772
164644	1809
164644	1814
165054	1677
165054	1679
165054	1687
165054	1717
165054	1730
165054	1736
165054	1757
165054	1761
165054	1771
165054	1772
165054	1794
165054	1831
165054	2027
167435	1715
167435	1839
167435	1843
167435	2027
167649	1608
167649	1611
167649	1617
167649	1620
167649	1628
167649	1630
167649	1633
167649	1636
167649	1638
167649	1647
167649	1649
167649	1655
167649	1662
167649	1666
167649	1667
167649	1674
167649	1683
167649	1684
167649	1686
167649	1687
167649	1688
167649	1689
167649	1691
167649	1692
167649	1693
167649	1695
167649	1696
167649	1698
167649	1699
167649	1702
167649	1703
167649	1704
167649	1709
167649	1714
167649	1719
167649	1723
167649	1724
167649	1727
167649	1728
167649	1731
167649	1734
167649	1742
167649	1787
169665	1606
169665	1620
169665	1627
169665	1628
169665	1636
169665	1640
169665	1648
169665	1653
169665	1655
169665	1657
169665	1661
169665	1666
169665	1668
169665	1669
169665	1678
169665	1687
169665	1689
169665	1690
169665	1695
169665	1698
169665	1700
169665	1703
169665	1707
169665	1713
169665	1725
169665	1727
169665	1733
169665	1734
169665	1736
169665	1739
169665	1740
169665	1742
172863	1663
172863	1670
172863	1671
172863	1690
172863	1691
172863	1693
172863	1694
172863	1696
172863	1699
172863	1701
172863	1705
172863	1706
172863	1712
172863	1713
172863	1715
172863	1719
172863	1720
172863	1728
172863	1729
172863	1730
172863	1732
172863	1734
172863	1736
172863	1737
172863	1741
172863	1743
172863	1748
172863	1754
172863	1756
172863	1757
172863	1759
172863	1761
172863	1762
172863	1771
172863	1780
172863	1784
172863	1795
172863	1801
172863	1883
175937	1692
175937	1693
175937	1702
175937	1714
175937	1757
175937	1759
175937	1786
175937	1805
176333	1667
176333	1682
176333	1684
176333	1694
176333	1695
176333	1702
176333	1724
176333	1725
176333	1738
176333	1744
176333	1747
176333	1749
176333	1755
176333	1757
176333	1762
176333	1767
176333	1780
176333	1787
176333	1792
176333	1802
176333	1846
178196	1636
178196	1688
178196	1693
178196	1701
178196	1715
178196	1725
178196	1726
178196	1730
178196	1738
178196	1740
178196	1744
178196	1765
178196	1772
178196	1806
178196	1839
182008	1769
182883	1702
182883	1704
182883	1711
182883	1722
182883	1727
182883	1732
182883	1735
182883	1739
182883	1740
182883	1742
182883	1751
182883	1752
182883	1755
182883	1758
182883	1760
182883	1761
182883	1763
182883	1764
182883	1765
182883	1771
182883	1772
182883	1776
182883	1779
182883	1781
182883	1793
182883	1798
182883	1799
182883	1803
182883	1811
182883	1813
182883	1814
182883	1819
184695	1665
184695	1668
184695	1679
184695	1687
184695	1695
184695	1697
184695	1717
184695	1727
184695	1767
184695	1772
184695	1802
184695	1831
184695	1994
185072	1675
185072	1693
185072	1712
185072	1717
185072	1725
185072	1744
185072	1757
185072	1761
185072	1767
185072	1769
185072	1782
185072	1802
185072	1806
185072	1816
185072	1824
185072	1825
185072	1831
185072	1855
185072	1936
187049	1636
187049	1651
187049	1662
187049	1667
187049	1675
187049	1676
187049	1677
187049	1678
187049	1679
187049	1684
187049	1687
187049	1690
187049	1691
187049	1694
187049	1697
187049	1704
187049	1711
187049	1712
187049	1720
187049	1727
187049	1730
187049	1733
187049	1734
187049	1736
187049	1737
187049	1738
187049	1740
187049	1741
187049	1744
187049	1745
187049	1749
187049	1751
187049	1752
187049	1753
187049	1755
187049	1761
187049	1762
187049	1765
187049	1771
187049	1774
187049	1775
187049	1778
187049	1780
187049	1781
187049	1786
187049	1795
187049	1802
187049	1804
187049	1809
187049	1847
188222	1655
188222	1673
188222	1675
188222	1677
188222	1678
188222	1687
188222	1693
188222	1700
188222	1718
188222	1724
188222	1750
188222	1757
188222	1761
188222	1763
188222	1769
188222	1772
188222	1821
188718	1677
188718	1711
188718	1724
188718	1725
188718	1736
188718	1749
188718	1757
188718	2522
188718	2747
188724	1678
188724	1682
188724	1687
188724	1716
188724	1717
188724	1725
188724	1727
188724	1741
188724	1757
188724	1786
188724	2027
188948	1743
188948	1761
188948	1781
188948	1792
188948	1883
189288	1681
189288	1767
189288	1769
189288	1782
189288	1783
189288	1806
189288	1822
189978	1636
189978	1640
189978	1641
189978	1649
189978	1651
189978	1654
189978	1659
189978	1661
189978	1662
189978	1663
189978	1669
189978	1671
189978	1673
189978	1676
189978	1678
189978	1683
189978	1684
189978	1686
189978	1691
189978	1692
189978	1693
189978	1694
189978	1696
189978	1704
189978	1714
189978	1724
189978	1727
189978	1732
189978	1743
189978	1745
189978	1746
189978	1759
191503	1665
191503	1668
191503	1677
191503	1706
191503	1714
191503	1715
191503	1721
191503	1726
191503	1732
191503	1744
191503	1757
191503	1771
191503	1781
191503	1784
191503	1786
191503	1789
191503	1797
191503	1802
191503	1912
191902	1665
191902	1668
191902	1700
191902	1725
191902	1732
191902	1757
191902	1761
191902	1769
191902	1801
191902	1802
191902	1812
192992	1628
192992	1657
192992	1665
192992	1679
192992	1680
192992	1696
192992	1698
192992	1699
192992	1705
192992	1707
192992	1710
192992	1711
192992	1722
192992	1725
192992	1727
192992	1728
192992	1735
192992	1736
192992	1740
192992	1743
192992	1745
192992	1748
192992	1755
192992	1756
192992	1759
192992	1767
192992	1769
192992	1780
192992	1781
192992	1786
192992	1790
192992	1797
192992	1804
192992	1805
194952	1668
194952	1673
194952	1704
194952	1716
194952	1757
194952	1769
194952	1802
198256	1662
198256	1675
198256	1715
198256	1721
198256	1725
198256	1727
198256	1779
198256	1850
199007	1648
199007	1653
199007	1655
199007	1656
199007	1658
199007	1662
199007	1666
199007	1668
199007	1669
199007	1670
199007	1673
199007	1674
199007	1687
199007	1689
199007	1691
199007	1696
199007	1705
199007	1714
199007	1717
199007	1722
199007	1723
199007	1724
199007	1726
199007	1732
199007	1736
199007	1737
199007	1745
199007	1752
199007	1780
199069	1665
199069	1687
199069	1704
199069	1712
199069	1714
199339	1676
199339	1678
199339	1700
199339	1709
199339	1717
199339	1725
199339	1730
199339	1738
199339	1757
199339	1769
199339	1779
199339	1789
199339	1802
199339	1818
199339	1820
199339	1863
200126	1668
200126	1669
200126	1693
200126	1717
200126	1757
200126	1769
200126	1802
200665	1678
200665	1687
200665	1688
200665	1711
200665	1757
200665	1769
200665	1777
200665	1802
201865	1769
201865	1784
201865	1802
201865	2003
203295	1665
203295	1740
203295	1769
203295	1772
203295	1802
203506	1668
203506	1717
203506	1730
203506	1802
203506	1811
203506	1837
204895	1695
204895	1725
204895	1737
204895	1744
204895	1758
204895	1768
204895	1777
204895	1796
206404	1655
206404	1661
206404	1665
206404	1668
206404	1671
206404	1679
206404	1682
206404	1687
206404	1688
206404	1693
206404	1695
206404	1701
206404	1702
206404	1721
206404	1726
206404	1727
206404	1729
206404	1738
206404	1741
206404	1742
206404	1745
206404	1756
206404	1762
206404	1772
206404	1775
206404	1784
206404	1791
206404	1806
206404	1808
206404	1812
206404	1831
206404	1847
206404	1941
206404	2010
206557	1668
206557	1675
206557	1726
206557	1746
206557	1769
206557	1783
206557	1806
206557	1949
208070	1651
208070	1662
208070	1668
208070	1693
208070	1700
208070	1726
208070	1730
208070	1740
208070	1749
208070	1761
208070	1766
208070	1769
208070	1789
208070	1802
208070	1804
208598	1729
208598	1751
208598	1752
208598	1762
209308	1665
209308	1668
209308	1675
209308	1677
209308	1687
209308	1693
209308	1695
209308	1701
209308	1715
209308	1717
209308	1721
209308	1725
209308	1726
209308	1730
209308	1737
209308	1738
209308	1744
209308	1757
209308	1761
209308	1765
209308	1767
209308	1769
209308	1772
209308	1777
209308	1783
209308	1789
209308	1800
209308	1802
209308	1806
209308	1813
209308	1814
209308	1847
209308	1856
209308	1882
209308	1899
209308	2003
209308	2027
209375	1665
209375	1668
209375	1732
209375	1736
211747	1715
211747	1769
211747	1772
211747	1802
211825	1663
211825	1680
211825	1690
211825	1695
211825	1702
211825	1703
211825	1712
211825	1715
211825	1719
211825	1739
211825	1748
211825	1768
211825	1771
211825	1800
211825	1802
213035	1726
213035	1755
214461	1687
214461	1704
214461	1711
214461	1717
214461	1725
214461	1726
214461	1730
214461	1737
214461	1738
214461	1757
214461	1769
214461	1772
214461	1783
215493	1652
215493	1655
215493	1657
215493	1665
215493	1668
215493	1669
215493	1673
215493	1679
215493	1687
215493	1693
215493	1695
215493	1700
215493	1702
215493	1704
215493	1714
215493	1723
215493	1724
215493	1726
215493	1736
215493	1740
215493	1745
215493	1746
215493	1749
215493	1757
215493	1761
215493	1766
215493	1769
215493	1777
215493	1778
216738	1667
216738	1679
216738	1692
216738	1736
216738	1748
216738	1782
216738	1801
217248	1651
217248	1675
217248	1717
217248	1725
217248	1732
217248	1740
217248	1802
217814	1665
217814	1677
217814	1687
217814	1702
217814	1712
217814	1717
217814	1736
217814	1769
217814	1774
217814	1785
217814	1797
217814	1802
219202	1634
219202	1643
219202	1667
219202	1673
219202	1675
219202	1728
219202	1749
219202	1757
219202	1763
219202	1794
219202	1802
219202	2027
219202	2318
219202	2410
219202	3230
219369	1665
219369	1668
219369	1679
219369	1700
219369	1725
219369	1730
219369	1767
219369	1768
219369	1769
219369	1783
219369	1802
219369	1806
219369	1831
219369	1850
219516	1606
219516	1607
219516	1610
219516	1614
219516	1615
219516	1617
219516	1619
219516	1620
219516	1621
219516	1623
219516	1627
219516	1628
219516	1630
219516	1633
219516	1634
219516	1636
219516	1639
219516	1640
219516	1641
219516	1651
219516	1654
219516	1656
219516	1658
219516	1659
219516	1661
219516	1662
219516	1665
219516	1666
219516	1668
219516	1669
219516	1671
219516	1673
219516	1674
219516	1680
219516	1682
219516	1683
219516	1686
219516	1687
219516	1689
219516	1690
219516	1691
219516	1692
219516	1693
219516	1696
219516	1698
219516	1699
219516	1704
219516	1705
219516	1709
219516	1711
219516	1714
219516	1722
219516	1725
219516	1727
219516	1731
219516	1734
219516	1735
219516	1736
219516	1737
219516	1739
219516	1740
219516	1741
219516	1743
219516	1817
219719	1668
219719	1726
219719	1757
219719	1761
219719	1769
219719	1777
219719	1784
219719	1786
219719	1789
219719	1792
219719	1802
219719	1814
221564	1666
221564	1679
221564	1693
221564	1712
221564	1742
221564	1748
221564	1752
221564	1753
221564	1765
221564	1772
221564	1780
221564	1943
221564	2688
221564	3136
221746	1677
221746	1687
221746	1692
221746	1717
221746	1730
221746	1737
221746	1780
221746	1801
221746	1802
222886	1662
222886	1690
222886	1697
222886	1701
222886	1726
222886	1763
222886	1769
222886	1773
222886	1789
222886	1833
222886	1846
224073	1677
224073	1693
224073	1717
224073	1730
224073	1769
224073	1772
224073	1802
224073	2027
224661	1634
224661	1661
224661	1662
224661	1668
224661	1682
224661	1687
224661	1690
224661	1691
224661	1701
224661	1714
224661	1717
224661	1728
224661	1735
224661	1736
224661	1739
224661	1744
224661	1748
224661	1765
224661	1769
224661	1786
224661	1802
224661	1839
225204	1717
225204	1744
226264	1719
226264	1730
226264	1741
226264	1746
227249	1665
227249	1668
227249	1677
227249	1679
227249	1692
227249	1706
227249	1707
227249	1717
227249	1726
227249	1733
227249	1794
228053	1656
228053	1658
228053	1660
228053	1662
228053	1665
228053	1668
228053	1671
228053	1675
228053	1679
228053	1683
228053	1695
228053	1698
228053	1706
228053	1707
228053	1714
228053	1716
228053	1717
228053	1723
228053	1726
228053	1727
228053	1729
228053	1732
228053	1733
228053	1737
228053	1738
228053	1742
228053	1744
228053	1745
228053	1749
228053	1752
228053	1757
228053	1766
228053	1769
228053	1775
228053	1778
228053	1784
228053	1796
228053	1801
228053	1839
228053	2074
230291	1668
230291	1704
230291	1717
230291	1743
230291	1769
230291	1806
231583	1700
231583	1764
231583	1772
231583	1794
231583	1802
232511	1662
232511	1668
232511	1679
232511	1687
232511	1715
232511	1717
232511	1726
232511	1738
232511	1749
232511	1772
232511	1802
232511	1824
232511	1886
232511	2027
233252	1673
233252	1676
233252	1701
233252	1730
233252	1744
233739	1687
233739	1751
233739	1757
233739	1766
236270	1733
236270	1745
236270	1756
236493	1665
236493	1668
236493	1679
236493	1682
236493	1701
236493	1704
236493	1715
236493	1717
236493	1720
236493	1721
236493	1724
236493	1725
236493	1726
236493	1727
236493	1730
236493	1734
236493	1741
236493	1744
236493	1755
236493	1762
236493	1767
236493	1772
236493	1778
236493	1806
236493	1831
236493	1994
236493	2027
237810	1679
237810	1684
237810	1687
237810	1695
237810	1703
237810	1715
237810	1717
237810	1720
237810	1721
237810	1725
237810	1726
237810	1731
237810	1732
237810	1735
237810	1739
237810	1742
237810	1744
237810	1749
237810	1755
237810	1761
237810	1767
237810	1769
237810	1773
237810	1792
237810	1798
237810	1839
237810	1846
237810	1994
240042	1703
240042	1715
240042	1719
240042	1720
240042	1721
240042	1773
240042	1784
240042	1795
240042	1800
240042	1801
240042	1804
240042	1819
240042	1822
240042	1830
240042	1839
240042	1882
240042	1899
240042	1901
240042	1914
240042	1921
240229	1667
240229	1677
240229	1684
240229	1691
240229	1703
240229	1704
240229	1712
240229	1714
240229	1715
240229	1717
240229	1720
240229	1721
240229	1722
240229	1724
240229	1725
240229	1728
240229	1729
240229	1731
240229	1743
240229	1754
240229	1755
240229	1756
240229	1757
240229	1762
240229	1763
240229	1767
240229	1771
240229	1772
240229	1778
240229	1779
240229	1780
240229	1794
240229	1795
240229	1799
240229	1801
240229	1805
240229	1806
240229	1814
240229	1952
241441	1668
241441	1684
241441	1687
241441	1695
241441	1702
241441	1721
241441	1730
241441	1752
241441	1755
241441	1757
241441	1761
241441	1767
241441	1769
241441	1772
241441	1780
241441	1783
241441	1839
241441	1847
242159	1654
242159	1658
242159	1665
242159	1666
242159	1668
242159	1670
242159	1678
242159	1679
242159	1680
242159	1682
242159	1689
242159	1690
242159	1693
242159	1698
242159	1699
242159	1703
242159	1704
242159	1710
242159	1713
242159	1719
242159	1722
242159	1724
242159	1725
242159	1727
242159	1729
242159	1731
242159	1732
242159	1736
242159	1738
242159	1740
242159	1741
242159	1744
242159	1745
242159	1747
242159	1749
242159	1752
242159	1758
242159	1759
242159	1760
242159	1762
242159	1763
242159	1764
242159	1765
242159	1768
242159	1771
242159	1774
242159	1835
242159	2275
243236	1711
243236	1717
243236	1727
243236	1740
243236	1784
246132	1623
246132	1627
246132	1630
246132	1633
246132	1638
246132	1648
246132	1653
246132	1655
246132	1657
246132	1660
246132	1662
246132	1667
246132	1668
246132	1674
246132	1690
246132	1693
246132	1695
246132	1699
246132	1711
246132	1722
246132	1724
246132	1731
246132	1733
246132	1739
246132	1742
246632	1695
246632	1700
246632	1721
246632	1809
246632	1847
246632	2027
248665	1658
248665	1687
248665	1697
248755	1668
248755	1715
248755	1772
248755	1801
248755	1899
251084	1677
251084	1691
251084	1693
251084	1695
251084	1696
251084	1699
251084	1702
251084	1703
251084	1704
251084	1705
251084	1712
251084	1713
251084	1715
251084	1717
251084	1719
251084	1720
251084	1721
251084	1724
251084	1728
251084	1729
251084	1731
251084	1735
251084	1739
251084	1743
251084	1744
251084	1748
251084	1751
251084	1752
251084	1756
251084	1757
251084	1758
251084	1759
251084	1760
251084	1761
251084	1767
251084	1768
251084	1769
251084	1770
251084	1771
251084	1772
251084	1773
251084	1775
251084	1777
251084	1779
251084	1780
251084	1781
251084	1782
251084	1784
251084	1785
251084	1787
251084	1789
251084	1792
251084	1795
251084	1797
251084	1798
251084	1799
251084	1800
251084	1801
251084	1803
251084	1804
251084	1805
251084	1806
251084	1807
251084	1808
251084	1809
251084	1812
251084	1813
251084	1814
251084	1815
251084	1818
251084	1819
251084	1820
251084	1821
251084	1823
251084	1824
251084	1825
251084	1826
251084	1830
251084	1831
251084	1833
251084	1839
251084	1846
251084	1847
251084	1850
251084	1856
251084	1863
251084	1864
251084	1875
251084	1882
251084	1883
251084	1891
251084	1892
251084	1896
251084	1898
251084	1899
251084	1904
251084	1906
251084	1952
251084	1994
251084	2003
251084	2011
251084	2027
251407	1665
251407	1668
251407	1679
251407	1684
251407	1687
251407	1700
251407	1715
251407	1717
251407	1719
251407	1720
251407	1722
251407	1734
251407	1737
251407	1738
251407	1749
251407	1752
251407	1757
251407	1761
251407	1762
251407	1763
251407	1772
251407	1777
251407	1785
251407	1802
251407	1806
251407	1815
251407	1820
251407	1831
251407	1882
251407	1892
251407	1994
251940	1715
251940	1721
251940	1738
251940	1741
251940	1748
251940	1751
251940	1761
251940	1769
251940	1789
251940	1797
252984	1642
252984	1650
252984	1651
252984	1717
252984	1722
252984	1725
252984	1750
252984	1755
252984	1757
252984	1761
252984	1766
252984	1777
252984	1795
252984	1797
252984	1808
252984	1826
252984	1839
254673	1651
254673	1665
254673	1667
254673	1668
254673	1670
254673	1671
254673	1673
254673	1677
254673	1678
254673	1679
254673	1680
254673	1684
254673	1690
254673	1693
254673	1701
254673	1706
254673	1707
254673	1711
254673	1717
254673	1726
254673	1727
254673	1732
254673	1736
254673	1738
254673	1740
254673	1749
254673	1772
254673	1774
254673	1777
254673	1791
254673	1802
254673	1889
255195	1651
255195	1668
255195	1677
255195	1679
255195	1682
255195	1687
255195	1691
255195	1694
255195	1695
255195	1696
255195	1697
255195	1700
255195	1707
255195	1717
255195	1726
255195	1727
255195	1728
255195	1729
255195	1730
255195	1734
255195	1735
255195	1741
255195	1742
255195	1744
255195	1746
255195	1749
255195	1752
255195	1755
255195	1756
255195	1762
255195	1764
255195	1765
255195	1766
255195	1767
255195	1769
255195	1772
255195	1778
255195	1780
255195	1784
255195	1794
255195	1805
255195	1809
255195	1833
255195	1839
255195	1847
255195	1856
255377	1712
255377	1765
255377	1769
255377	1789
255693	1668
255693	1694
255693	1710
255693	1737
255693	1739
255693	1740
255693	1741
255693	1743
255693	1749
255693	1752
255693	1753
255693	1754
255693	1759
255693	1765
255693	1768
255693	1774
255693	1776
255693	1779
255693	1792
255693	1811
255693	1819
255693	1827
255693	1829
255693	1836
255693	1845
255961	1687
255961	1725
255961	1744
255961	1757
255961	1782
255961	1802
255961	1831
256126	1675
256126	1738
256126	1757
256126	1764
256126	1769
256126	1783
256126	1802
256126	1806
256126	1899
256126	2027
258734	1677
258734	1782
258734	1783
258734	1802
258734	1811
258734	1816
258734	1825
258734	1891
259847	1677
259847	1687
259847	1693
259847	1712
259847	1726
259847	1802
259952	1651
259952	1665
259952	1667
259952	1673
259952	1675
259952	1682
259952	1691
259952	1693
259952	1704
259952	1712
259952	1722
259952	1724
259952	1725
259952	1727
259952	1732
259952	1733
259952	1736
259952	1739
259952	1743
259952	1747
259952	1748
259952	1751
259952	1752
259952	1753
259952	1755
259952	1757
259952	1761
259952	1762
259952	1765
259952	1766
259952	1769
259952	1774
259952	1777
259952	1786
259952	1792
259952	1805
259952	1809
259952	1819
259952	1821
259952	1826
259952	1833
259952	1839
259952	1850
259952	1889
261982	1668
261982	1717
261982	1772
261982	1782
261982	1802
262445	1667
262445	1677
262445	1679
262445	1684
262445	1687
262445	1695
262445	1697
262445	1704
262445	1707
262445	1712
262445	1716
262445	1727
262445	1733
262445	1735
262445	1744
262445	1757
262445	1769
262445	1772
262445	1778
262445	1802
262445	1831
262445	1847
262445	1994
262726	1769
262726	1802
263454	1611
263454	1616
263454	1802
263856	1662
263856	1666
263856	1667
263856	1668
263856	1669
263856	1670
263856	1671
263856	1673
263856	1674
263856	1676
263856	1678
263856	1679
263856	1680
263856	1683
263856	1684
263856	1687
263856	1688
263856	1689
263856	1690
263856	1691
263856	1692
263856	1693
263856	1694
263856	1696
263856	1697
263856	1698
263856	1707
263856	1710
263856	1711
263856	1723
263856	1724
263856	1725
263856	1726
263856	1727
263856	1728
263856	1732
263856	1733
263856	1734
263856	1740
263856	1741
263856	1743
263856	1744
263856	1745
263856	1747
263856	1753
263856	1755
263856	1766
263856	1771
263856	1775
263856	1793
263856	1794
263856	1795
263856	1813
263856	1814
264025	1667
264025	1668
264025	1677
264025	1679
264025	1687
264025	1717
264025	1725
264025	1726
264025	1727
264025	1738
264025	1757
264025	1772
264025	1802
264090	1670
264090	1695
264090	1757
264135	1677
264135	1691
264135	1693
264135	1694
264135	1695
264135	1696
264135	1699
264135	1700
264135	1702
264135	1703
264135	1704
264135	1705
264135	1712
264135	1713
264135	1714
264135	1715
264135	1717
264135	1719
264135	1720
264135	1721
264135	1722
264135	1724
264135	1725
264135	1728
264135	1729
264135	1730
264135	1731
264135	1735
264135	1737
264135	1739
264135	1742
264135	1743
264135	1744
264135	1748
264135	1751
264135	1752
264135	1754
264135	1755
264135	1756
264135	1757
264135	1758
264135	1759
264135	1760
264135	1761
264135	1762
264135	1763
264135	1764
264135	1765
264135	1766
264135	1767
264135	1768
264135	1769
264135	1770
264135	1771
264135	1772
264135	1773
264135	1775
264135	1776
264135	1779
264135	1780
264135	1781
264135	1782
264135	1783
264135	1784
264135	1785
264135	1786
264135	1787
264135	1789
264135	1792
264135	1794
264135	1795
264135	1796
264135	1797
264135	1798
264135	1799
264135	1800
264135	1801
264135	1802
264135	1803
264135	1804
264135	1806
264135	1807
264135	1808
264135	1809
264135	1812
264135	1813
264135	1814
264135	1815
264135	1818
264135	1819
264135	1820
264135	1821
264135	1826
264135	1830
264135	1831
264135	1833
264135	1839
264135	1841
264135	1846
264135	1847
264135	1850
264135	1856
264135	1863
264135	1874
264135	1882
264135	1883
264135	1896
264135	1898
264135	1899
264135	1904
264135	1952
264135	1994
264135	2002
264135	2003
264135	2011
264135	2027
264490	1661
264490	1662
264490	1675
264490	1697
264490	1716
264490	1726
264490	1741
264490	1784
264490	1804
264490	1812
266031	1668
266031	1677
266031	1687
266031	1717
266031	1725
266031	1726
266031	1757
266031	1769
266031	1772
266356	1654
266837	1665
266837	1668
266837	1677
266837	1679
266837	1687
266837	1692
266837	1717
266837	1726
266837	1735
266837	1757
266837	1767
266837	1772
266837	1802
266837	1811
266837	1816
266837	1863
267590	1665
267590	1668
267590	1679
267590	1687
267590	1693
267590	1717
267590	1725
267590	1726
267590	1738
267590	1775
267590	1802
267783	1675
267783	1704
267783	1725
267783	1750
267783	1757
268762	1728
268762	1748
268762	1772
268762	1863
268891	1697
268891	1717
268891	1725
268891	1730
268891	1757
268891	1769
268891	1772
268891	1777
268891	1802
268891	1863
268991	1665
268991	1668
268991	1677
268991	1717
268991	1738
268991	1769
268991	1772
268991	1802
268991	1847
269720	1687
269720	1693
269720	1702
269720	1717
269720	1725
269720	1728
269720	1730
269720	1736
269720	1767
269720	1769
269720	1772
269720	1802
269720	1806
269720	1831
269720	1994
271089	1634
271089	1675
271089	1693
271089	1712
271089	1725
271089	1727
271089	1733
271089	1744
271089	1757
271089	1763
271089	1768
271089	1769
271089	1781
271089	1831
271089	1839
271089	1850
271966	1662
271966	1667
271966	1675
271966	1678
271966	1682
271966	1697
271966	1753
271966	1763
271966	1826
271976	1668
271976	1679
271976	1693
271976	1717
271976	1725
271976	1726
271976	1749
271976	1769
271976	1772
271976	1806
272179	1651
272179	1699
272179	1712
272179	1713
272179	1722
272179	1741
272179	1742
272179	1744
272179	1747
272179	1757
272179	1771
272179	1773
272179	1795
272179	1797
272179	1805
272805	1677
272805	1682
273258	1662
273258	1675
273258	1716
273258	1725
273258	1757
273258	1781
273691	1677
273691	1715
273691	1717
273691	1730
273691	1744
273691	1769
273691	1772
273691	1786
273691	1789
273691	1802
273691	1994
274161	1669
274161	1687
274161	1688
274161	1756
274161	1786
274161	1802
275246	1641
275246	1650
275246	1651
275246	1671
275246	1687
275246	1703
275246	1715
275246	1734
275246	1742
275246	1747
275246	1773
275246	1795
275246	1839
276034	1665
276034	1677
276034	1717
276034	1757
276034	1765
276034	1782
276034	1784
276034	1799
276034	1863
276034	1898
276034	2027
277439	1715
277439	1726
278559	1617
278559	1634
278559	1662
278559	1674
278559	1678
278559	1691
278559	1696
278559	1705
278559	1714
278559	1720
278559	1725
278559	1729
278559	1755
278559	1771
278559	1774
278559	1805
281734	1634
281734	1639
281734	1640
281734	1652
281734	1656
281734	1657
281734	1658
281734	1659
281734	1661
281734	1662
281734	1668
281734	1669
281734	1671
281734	1673
281734	1674
281734	1683
281734	1687
281734	1691
281734	1695
281734	1699
281734	1703
281734	1705
281734	1711
281734	1712
281734	1717
281734	1719
281734	1723
281734	1725
281734	1726
281734	1727
281734	1729
281734	1731
281734	1734
281734	1735
281734	1736
281734	1738
281734	1741
281734	1744
281734	1745
281734	1748
281734	1752
281734	1753
281734	1754
281734	1755
281734	1756
281734	1758
281734	1760
281734	1762
281734	1769
281734	1773
281734	1812
281734	1821
282486	1668
282486	1677
282486	1687
282486	1725
282486	1749
282486	1769
282486	1789
284565	1687
284565	1697
284565	1717
284565	1730
284565	1745
284565	1772
284565	2027
290703	1662
290703	1668
290703	1688
290703	1715
290703	1717
290703	1726
290703	1730
290703	1738
290703	1762
290703	1765
290703	1766
290703	1769
290703	1775
290703	1783
290703	1802
290703	1806
290977	1665
290977	1668
290977	1679
290977	1687
290977	1695
290977	1702
290977	1711
290977	1714
290977	1715
290977	1717
290977	1721
290977	1725
290977	1729
290977	1737
290977	1744
290977	1752
290977	1755
290977	1757
290977	1767
290977	1769
290977	1772
290977	1783
290977	1786
290977	1789
290977	1806
290977	2027
292663	1651
292663	1665
292663	1668
292663	1670
292663	1671
292663	1677
292663	1679
292663	1682
292663	1684
292663	1687
292663	1688
292663	1692
292663	1693
292663	1695
292663	1696
292663	1697
292663	1699
292663	1700
292663	1701
292663	1712
292663	1716
292663	1717
292663	1721
292663	1724
292663	1726
292663	1727
292663	1728
292663	1732
292663	1733
292663	1735
292663	1738
292663	1740
292663	1741
292663	1742
292663	1743
292663	1744
292663	1746
292663	1750
292663	1752
292663	1754
292663	1755
292663	1756
292663	1763
292663	1765
292663	1767
292663	1772
292663	1774
292663	1777
292663	1778
292663	1781
292663	1802
292663	1883
294461	1769
294461	1806
294461	1816
294461	1818
294461	1822
294461	1824
294461	1828
294461	1831
294461	1832
294461	1838
294461	1864
294461	1891
294461	1923
296242	1670
296242	1706
296242	1736
296242	1740
296242	1758
296242	1863
296242	1979
296244	1665
296244	1693
296244	1715
296244	1721
297061	1637
297061	1668
297061	1677
297061	1678
297061	1679
297061	1687
297061	1706
297061	1717
297061	1718
297061	1726
297061	1738
297061	1742
297061	1751
297061	1755
297061	1767
297061	1769
297061	1772
297061	1794
297061	1798
297623	1662
297623	1684
297623	1690
297623	1693
297623	1717
297623	1725
297623	1726
297623	1733
297623	1757
297623	1769
297623	1802
298825	1715
298825	1738
298825	1749
298825	1777
298825	1802
299210	1618
299210	1619
299210	1651
299210	1723
299210	1730
299210	1738
299210	1761
299210	1767
299210	1769
299210	1802
299210	1812
299884	1752
299884	1772
299884	1802
299884	1831
299884	1994
300562	1606
300562	1623
300562	1628
300562	1630
300562	1633
300562	1634
300562	1636
300562	1637
300562	1640
300562	1642
300562	1643
300562	1648
300562	1653
300562	1656
300562	1659
300562	1662
300562	1668
300562	1669
300562	1671
300562	1673
300562	1678
300562	1680
300562	1682
300562	1690
300562	1694
300562	1695
300562	1702
300562	1705
300562	1718
300562	1722
300562	1724
300562	1725
300562	1728
300562	1731
300562	1733
300562	1738
300562	1828
301487	1651
301487	1665
301487	1677
301487	1687
301487	1717
301487	1721
301487	1730
301487	1739
301487	1740
301487	1757
301487	1831
302110	1647
302110	1651
302110	1652
302110	1654
302110	1656
302110	1657
302110	1658
302110	1659
302110	1660
302110	1661
302110	1662
302110	1665
302110	1668
302110	1669
302110	1671
302110	1673
302110	1674
302110	1676
302110	1678
302110	1680
302110	1682
302110	1683
302110	1684
302110	1691
302110	1693
302110	1698
302110	1704
302110	1705
302110	1707
302110	1714
302110	1717
302110	1719
302110	1726
302110	1729
302110	1731
302110	1737
302110	1739
302110	1742
302110	1757
302488	1691
302488	1696
302488	1724
302488	1732
302645	1645
302645	1651
302645	1687
302645	1703
302645	1737
302645	1741
302645	1742
302645	1852
303269	1655
303269	1665
303269	1687
303269	1761
303269	1767
303269	1777
303269	2003
305182	1654
305182	1656
305182	1658
305182	1659
305182	1676
305182	1688
305182	1705
305182	1726
305182	1727
305182	1731
305182	1732
305182	1734
305182	1735
305182	1736
305182	1737
305182	1738
305182	1740
305182	1741
305182	1742
305182	1743
305182	1745
305182	1855
306282	1668
306282	1687
306282	1691
306282	1693
306282	1700
306282	1703
306282	1704
306282	1712
306282	1717
306282	1720
306282	1726
306282	1730
306282	1736
306282	1738
306282	1754
306282	1755
306282	1758
306282	1761
306282	1762
306282	1763
306282	1765
306282	1769
306282	1773
306282	1777
306282	1780
306282	1785
306282	1786
306282	1789
306282	1791
306282	1792
306282	1795
306282	1797
306282	1798
306282	1801
306282	1804
306282	1806
306282	1819
306282	1821
306282	1831
306282	1839
306282	1841
306282	1847
306282	1856
306282	1874
306282	1882
306282	1883
306282	1994
306282	2027
306688	1665
306688	1668
306688	1677
306688	1679
306688	1687
306688	1695
306688	1697
306688	1701
306688	1702
306688	1715
306688	1717
306688	1721
306688	1726
306688	1732
306688	1738
306688	1744
306688	1761
306688	1765
306688	1767
306688	1769
306688	1772
306688	1777
306688	1789
306688	1814
306688	1831
306688	1847
306688	1994
306688	2027
307201	1661
307201	1662
307201	1665
307201	1668
307201	1669
307201	1671
307201	1673
307201	1674
307201	1678
307201	1683
307201	1684
307201	1690
307201	1691
307201	1693
307201	1698
307201	1699
307201	1703
307201	1704
307201	1722
307201	1725
307201	1726
307201	1727
307201	1728
307201	1729
307201	1731
307706	1668
307706	1677
307706	1680
307706	1687
307706	1692
307706	1704
307706	1714
307706	1717
307706	1735
307706	1753
307706	1757
307706	1765
307706	1767
307706	1769
307706	1794
307706	1802
307706	1811
307706	1831
307706	2003
308453	1647
308453	1649
308453	1651
308453	1654
308453	1661
308453	1662
308453	1665
308453	1669
308453	1673
308453	1717
308453	1731
308453	1735
308453	1736
308453	1737
308453	1739
308453	1742
308453	1744
308453	1745
308453	1755
308453	1756
308453	1758
308453	1759
308453	1764
308453	1768
308453	1771
308453	1772
308453	1773
308453	1775
308834	1630
308834	1636
308834	1638
308834	1641
308834	1642
308834	1647
308834	1648
308834	1649
308834	1651
308834	1655
308834	1658
308834	1661
308834	1662
308834	1663
308834	1665
308834	1666
308834	1667
308834	1668
308834	1669
308834	1670
308834	1671
308834	1673
308834	1674
308834	1678
308834	1679
308834	1680
308834	1682
308834	1684
308834	1691
308834	1693
308834	1696
308834	1699
308834	1702
308834	1703
308834	1704
308834	1705
308834	1707
308834	1710
308834	1713
308834	1714
308834	1719
308834	1722
308834	1723
308834	1724
308834	1725
308834	1727
308834	1728
308834	1729
308834	1731
308834	1732
308834	1733
308834	1734
308834	1736
308834	1738
308834	1739
308834	1740
308834	1741
308834	1742
308834	1744
308834	1745
308834	1749
308834	1754
308834	1756
308834	1765
308834	1768
308834	1779
308834	1780
308834	1802
309162	1695
309162	1729
309162	1766
309162	1767
309162	1769
309162	1775
309162	1802
309162	1804
309162	1806
309162	1818
309162	1831
309162	1841
309162	1847
309162	1994
309162	2027
309926	1665
309926	1694
309926	1695
309926	1701
309926	1717
309926	1726
309926	1736
309926	1757
309926	1769
309926	1802
309926	2027
309926	2362
310354	1634
310354	1636
310354	1637
310354	1638
310354	1640
310354	1642
310354	1651
310354	1655
310354	1656
310354	1658
310354	1660
310354	1661
310354	1662
310354	1665
310354	1666
310354	1667
310354	1668
310354	1669
310354	1671
310354	1673
310354	1674
310354	1676
310354	1677
310354	1678
310354	1679
310354	1682
310354	1683
310354	1684
310354	1686
310354	1687
310354	1688
310354	1689
310354	1690
310354	1691
310354	1692
310354	1693
310354	1694
310354	1695
310354	1696
310354	1697
310354	1698
310354	1699
310354	1700
310354	1702
310354	1703
310354	1704
310354	1705
310354	1711
310354	1713
310354	1714
310354	1718
310354	1719
310354	1720
310354	1721
310354	1722
310354	1723
310354	1724
310354	1725
310354	1726
310354	1727
310354	1728
310354	1729
310354	1732
310354	1733
310354	1734
310354	1735
310354	1736
310354	1737
310354	1738
310354	1739
310354	1740
310354	1741
310354	1743
310354	1744
310354	1745
310354	1746
310354	1747
310354	1748
310354	1749
310354	1751
310354	1753
310354	1754
310354	1755
310354	1756
310354	1759
310354	1760
310354	1761
310354	1762
310354	1767
310354	1768
310354	1769
310354	1770
310354	1771
310354	1772
310354	1774
310354	1775
310354	1776
310354	1778
310354	1779
310354	1780
310354	1781
310354	1790
310354	1791
310354	1794
310354	1795
310354	1812
310354	1821
310354	1850
310461	1712
310461	1726
310461	1769
310461	2915
310499	1726
310499	1730
312108	1715
312108	1730
312108	1742
312108	1765
312108	1802
312108	1812
312108	1821
312108	1847
312108	1899
312108	1994
312497	1606
312497	1607
312497	1608
312497	1615
312497	1636
312497	1651
312497	1652
312497	1653
312497	1655
312497	1656
312497	1657
312497	1658
312497	1661
312497	1662
312497	1665
312497	1666
312497	1668
312497	1669
312497	1678
312497	1679
312497	1680
312497	1683
312497	1684
312497	1686
312497	1687
312497	1689
312497	1691
312497	1692
312497	1693
312497	1697
312497	1699
312497	1703
312497	1710
312497	1711
312497	1722
312497	1726
312497	1727
312497	1732
312497	1733
312497	1735
312497	1741
312497	1745
312497	1749
312497	1750
312497	1757
312497	1759
313893	1692
313893	1695
313893	1763
313893	1771
313893	1779
313893	1787
313893	1809
313893	1815
313893	2002
314302	1706
314302	1720
314302	1761
315749	1665
315749	1668
315749	1679
315749	1726
315749	1772
315749	1777
315749	1894
315749	1962
316528	1690
316528	1715
316528	1772
316528	1784
318503	1642
318503	1655
318503	1661
318503	1665
318503	1668
318503	1673
318503	1677
318503	1678
318503	1679
318503	1684
318503	1688
318503	1690
318503	1691
318503	1692
318503	1693
318503	1695
318503	1696
318503	1697
318503	1699
318503	1701
318503	1703
318503	1717
318503	1718
318503	1722
318503	1724
318503	1726
318503	1728
318503	1730
318503	1731
318503	1732
318503	1736
318503	1737
318503	1738
318503	1739
318503	1741
318503	1743
318503	1745
318503	1750
318503	1753
318503	1760
318503	1769
318503	1772
318503	1773
318503	1774
318503	1777
318503	1778
318503	1781
318503	1782
318503	1785
318503	1787
318503	1797
318503	1799
318503	1806
318503	1818
318503	1819
318503	1820
318503	1841
318503	1874
318503	1883
318503	1896
318503	1904
318503	1994
318503	2027
318518	1769
318518	1772
318518	1782
318518	1783
318518	1802
318518	1806
318518	1811
318518	1816
318518	1831
318518	1832
318518	1837
318518	1855
318518	1863
318518	1872
318518	1906
318518	1939
318518	1994
318993	1625
318993	1668
318993	1671
318993	1679
318993	1680
318993	1687
318993	1694
318993	1696
318993	1701
318993	1702
318993	1703
318993	1704
318993	1706
318993	1714
318993	1715
318993	1717
318993	1720
318993	1721
318993	1726
318993	1729
318993	1730
318993	1731
318993	1735
318993	1739
318993	1742
318993	1744
318993	1745
318993	1749
318993	1755
318993	1756
318993	1759
318993	1762
318993	1767
318993	1772
318993	1773
318993	1775
318993	1777
318993	1780
318993	1783
318993	1784
318993	1785
318993	1786
318993	1792
318993	1795
318993	1797
318993	1798
318993	1800
318993	1801
318993	1804
318993	1808
318993	1809
318993	1812
318993	1814
318993	1819
318993	1820
318993	1830
318993	1839
318993	1846
318993	1847
318993	1856
318993	1882
318993	1898
318993	1899
318993	1994
318993	2002
318993	2027
319194	1729
319194	1730
319194	1737
319194	1739
319194	1764
319194	1765
319194	1767
319194	1793
319194	2343
320537	1628
320537	1631
320537	1633
320537	1634
320537	1638
320537	1639
320537	1640
320537	1648
320537	1659
320537	1661
320537	1662
320537	1665
320537	1666
320537	1667
320537	1668
320537	1670
320537	1671
320537	1673
320537	1674
320537	1678
320537	1679
320537	1680
320537	1683
320537	1691
320537	1692
320537	1693
320537	1696
320537	1699
320537	1702
320537	1704
320537	1711
320537	1714
320537	1723
320537	1729
320537	1735
320537	1745
321036	1668
321036	1679
321036	1687
321036	1704
321036	1706
321036	1717
321036	1726
321036	1738
321036	1757
321036	1769
321036	1772
321036	1777
321036	1778
321036	1802
321235	1687
321235	1704
321235	1717
321235	1719
321235	1721
321235	1722
321235	1725
321235	1727
321235	1729
321235	1737
321235	1744
321235	1747
321235	1748
321235	1751
321235	1757
321235	1761
321235	1765
321235	1766
321235	1769
321235	1775
321235	1781
321235	1786
321235	1797
321235	1802
321235	1809
321235	1821
321235	1899
321346	1651
321346	1703
321346	1721
321346	1742
321346	1753
321346	1784
321346	1839
321348	1665
321348	1668
321348	1684
321348	1687
321348	1699
321348	1704
321348	1706
321348	1714
321348	1717
321348	1721
321348	1725
321348	1726
321348	1727
321348	1734
321348	1741
321348	1744
321348	1767
321348	1784
321348	1806
321348	2011
321348	2027
321491	1679
321491	1683
321491	1716
321491	1726
321491	1736
321491	1757
321491	1769
321491	1772
321491	1789
321491	1802
322216	1607
322216	1612
322216	1620
322216	1656
322216	1676
322216	1688
322216	1705
322216	1720
322216	1724
322216	1778
322465	1653
322465	1655
322465	1656
322465	1668
322465	1687
322465	1706
322531	1608
322531	1610
322531	1614
322531	1632
322531	1634
322531	1636
322531	1637
322531	1642
322531	1643
322531	1654
322531	1655
322531	1659
322531	1660
322531	1661
322531	1663
322531	1665
322531	1667
322531	1676
322531	1678
322531	1682
322531	1687
322531	1691
322531	1692
322531	1693
322531	1694
322531	1695
322531	1696
322531	1698
322531	1699
322531	1700
322531	1702
322531	1704
322531	1709
322531	1710
322531	1711
322531	1712
322531	1713
322531	1716
322531	1717
322531	1719
322531	1720
322531	1721
322531	1722
322531	1724
322531	1730
322531	1731
322531	1732
322531	1736
322531	1738
322531	1739
322531	1743
322531	1751
322531	1757
322531	1769
322531	1774
322531	1778
322531	1781
322531	1789
322531	1791
322531	1793
322531	1802
322531	1830
322531	1856
324280	1668
324280	1717
324280	1744
324280	2027
325823	1730
325823	1738
325823	1802
326002	1668
326002	1693
326002	1717
326002	1757
326002	1864
326002	2027
326768	1693
326768	1704
326768	1796
326768	1850
326915	1772
326915	1816
326915	1881
326915	2027
327130	1634
327130	1642
327130	1661
327130	1665
327130	1668
327130	1673
327130	1679
327130	1688
327130	1690
327130	1691
327130	1695
327130	1696
327130	1697
327130	1701
327130	1702
327130	1704
327130	1707
327130	1712
327130	1715
327130	1717
327130	1719
327130	1720
327130	1721
327130	1722
327130	1724
327130	1725
327130	1726
327130	1728
327130	1729
327130	1731
327130	1732
327130	1734
327130	1738
327130	1739
327130	1741
327130	1744
327130	1745
327130	1752
327130	1753
327130	1758
327130	1765
327130	1767
327130	1772
327130	1779
327130	1780
327130	1781
327130	1784
327130	1787
327130	1798
327130	1801
327130	1805
327130	1808
327130	1839
327130	1847
327130	1856
327130	1883
327999	1667
327999	1684
327999	1691
327999	1757
327999	1762
327999	1769
327999	1805
327999	1814
329126	1694
329126	1729
329126	1787
329126	1820
329126	1841
329126	1952
330387	1677
330387	1715
330387	1721
330387	1755
330387	1771
330387	1784
330387	1813
330387	1847
330407	1665
330407	1668
330407	1671
330407	1679
330407	1684
330407	1687
330407	1690
330407	1694
330407	1695
330407	1697
330407	1700
330407	1702
330407	1712
330407	1714
330407	1715
330407	1719
330407	1724
330407	1725
330407	1726
330407	1737
330407	1738
330407	1755
330407	1756
330407	1757
330407	1762
330407	1767
330407	1772
332101	1767
332101	1786
332204	1782
332204	1784
332204	1802
332346	1659
332346	1661
332346	1662
332346	1664
332346	1665
332346	1666
332346	1667
332346	1668
332346	1669
332346	1673
332346	1674
332346	1676
332346	1681
332346	1682
332346	1683
332346	1686
332346	1687
332346	1688
332346	1691
332346	1695
332346	1697
332346	1703
332346	1707
332346	1710
332346	1711
332346	1719
332346	1724
332346	1726
332346	1727
332346	1732
332346	1734
332346	1756
332346	1878
332346	1991
332346	2054
334571	1665
334571	1677
334571	1715
334571	1730
334571	1766
334571	1769
334571	1802
334705	1679
334705	1687
334705	1690
334705	1717
334705	1738
334705	1772
334998	1667
334998	1732
334998	1757
334998	1769
