1750	1348
1750	1379
1750	1388
1750	1392
1750	1398
1750	1401
1750	1415
1750	1421
1750	1422
1750	1424
1750	1427
1750	1440
1750	1457
1750	1466
1750	1937
1791	1366
1791	1372
1791	1378
1791	1392
1791	1423
1791	1426
1791	1433
2068	1348
2068	1368
2068	1423
2068	1426
3306	1348
3306	1358
3306	1368
3306	1379
3306	1392
3306	1398
3306	1404
3306	1422
3306	1427
3306	1471
3306	1701
3651	1404
3651	1426
3892	1348
3892	1361
3892	1370
3892	1373
3892	1384
3892	1390
3892	1392
3892	1426
3892	1473
4805	1343
4805	1348
4805	1368
4805	1404
4805	1405
4966	1321
4966	1323
4966	1348
4966	1358
4966	1360
4966	1368
4966	1370
4966	1388
4966	1402
4966	1404
4966	1416
4966	1476
6237	1348
6237	1358
6237	1368
6237	1373
6237	1392
6237	1397
6237	1405
6237	1422
6237	1471
6237	1498
6237	1603
6648	1361
6648	1366
6648	1373
6648	1374
6648	1384
6648	1385
6648	1388
6648	1392
6648	1398
6648	1401
6648	1404
6648	1408
6648	1426
6648	1471
6690	1358
6690	1370
6690	1379
6690	1388
6690	1392
6690	1401
6690	1402
6690	1425
6690	1426
6690	1433
6690	1462
6690	1473
6690	1492
6935	1348
6935	1373
6935	1416
6935	1421
6935	1424
7146	1358
7146	1368
7146	1392
7146	1414
7146	1430
7146	1440
7146	1459
7146	1476
7490	1356
7490	1380
7490	1391
7490	1404
7490	1411
7490	1414
7490	1418
7490	1422
7490	1433
7490	1475
7490	1569
7784	1304
7784	1324
7784	1335
7784	1339
7784	1346
7784	1366
7784	1369
7784	1370
7784	1373
7784	1378
7784	1384
7784	1401
7808	1321
7808	1329
7808	1348
7808	1352
7808	1354
7808	1358
7808	1361
7808	1362
7808	1364
7808	1369
7808	1370
7808	1373
7808	1379
7808	1384
7808	1385
7808	1398
7808	1400
7808	1401
7808	1405
7808	1406
7808	1411
7808	1415
7808	1419
7808	1420
7808	1429
7808	1432
7808	1460
7808	1473
7886	1348
7886	1361
7886	1370
7886	1374
7886	1387
7886	1388
7886	1391
7886	1392
7886	1397
7886	1399
7886	1402
7886	1404
7886	1411
7886	1413
7886	1414
7886	1418
7886	1420
7886	1421
7886	1422
7886	1425
7886	1427
7886	1467
7886	1603
9386	1290
9386	1297
9386	1300
9386	1301
9386	1302
9386	1308
9386	1311
9386	1312
9386	1314
9386	1315
9386	1316
9386	1317
9386	1322
9386	1324
9386	1327
9386	1331
9386	1333
9386	1335
9386	1336
9386	1338
9386	1339
9386	1340
9386	1342
9386	1343
9386	1345
9386	1346
9386	1348
9386	1350
9386	1353
9386	1354
9386	1355
9386	1357
9386	1359
9386	1362
9386	1365
9386	1367
9386	1370
9386	1371
9386	1372
9386	1373
9386	1377
9386	1378
9386	1382
9386	1384
9386	1386
9919	1348
9919	1370
9919	1379
9919	1392
9919	1397
9919	1418
9919	1463
9919	1477
10031	1348
10031	1366
10031	1368
10031	1379
10031	1392
10031	1416
10031	1420
10031	1422
10223	1300
10223	1303
10223	1326
10223	1327
10223	1331
10223	1335
10223	1339
10223	1342
10223	1343
10223	1346
10223	1348
10223	1349
10223	1352
10223	1353
10223	1354
10223	1358
10223	1364
10223	1367
10223	1370
10223	1374
10223	1375
10223	1384
10223	1392
10223	1471
10252	1384
10252	1392
10252	1399
10252	1408
10252	1414
10252	1416
10252	1422
10252	1424
10252	1425
10252	1426
10252	1427
10252	1428
10252	1457
10252	1460
10252	1467
11945	1348
11945	1368
12604	1358
12604	1361
12604	1368
12604	1388
12604	1392
12604	1422
12604	1424
12604	1430
12604	1458
12604	1475
12604	1550
12604	1603
13361	1360
13361	1373
13361	1385
13361	1408
13361	1416
13361	1418
13361	1423
13361	1504
13361	1554
13361	1621
15947	1321
15947	1323
15947	1343
15947	1356
15947	1358
15947	1368
15947	1381
15947	1386
15947	1388
15947	1392
15947	1395
15947	1396
15947	1401
15947	1406
15947	1411
15947	1418
15947	1441
15947	1454
15947	1460
15947	1466
15947	1492
16033	1348
16033	1368
16339	1300
16339	1305
16339	1308
16339	1311
16339	1314
16339	1315
16339	1316
16339	1317
16339	1319
16339	1320
16339	1322
16339	1325
16339	1327
16339	1328
16339	1329
16339	1330
16339	1331
16339	1332
16339	1333
16339	1338
16339	1340
16339	1342
16339	1343
16339	1344
16339	1346
16339	1350
16339	1351
16339	1352
16339	1353
16339	1354
16339	1355
16339	1356
16339	1359
16339	1360
16339	1361
16339	1362
16339	1363
16339	1364
16339	1365
16339	1366
16339	1367
16339	1368
16339	1369
16339	1370
16339	1372
16339	1373
16339	1374
16339	1377
16339	1378
16339	1380
16339	1382
16339	1386
16339	1388
16339	1390
16339	1391
16339	1396
16339	1397
16339	1399
16339	1401
16339	1402
16339	1403
16339	1406
16339	1418
16339	1420
16339	1421
16339	1422
16339	1423
16339	1430
16339	1434
16339	1443
16339	1472
16339	1478
16339	1763
16385	1327
16385	1329
16385	1339
16385	1348
16385	1360
16385	1368
16385	1371
16385	1373
16385	1384
16385	1385
16385	1388
16385	1392
16385	1398
16385	1413
16385	1420
16385	1423
16385	1432
16385	1466
16385	1473
17064	1327
17064	1358
17064	1360
17064	1368
17064	1379
17064	1396
17064	1397
17064	1405
17064	1416
18825	1362
18825	1392
18825	1404
18825	1418
18825	1424
18825	1427
19141	1348
19141	1361
19141	1373
19141	1424
20447	1352
23192	1388
23192	1441
23192	1457
23192	1460
23192	1473
24134	1348
24134	1368
24134	1377
24134	1385
24134	1389
24134	1392
24134	1396
24134	1401
24134	1411
24217	1368
24217	1392
24217	1396
24217	1405
24371	1320
24371	1354
24371	1356
24371	1358
24371	1362
24371	1364
24371	1365
24371	1366
24371	1367
24371	1368
24371	1371
24371	1373
24371	1380
24371	1382
24371	1387
24371	1388
24371	1390
24371	1391
24371	1392
24371	1396
24371	1398
24371	1401
24371	1405
24371	1411
24371	1415
24371	1418
24371	1420
24371	1441
24371	1454
24371	1475
26712	1390
26712	1404
26712	1419
26712	1425
26712	1457
26712	1569
27321	1348
27321	1368
27321	1373
27321	1387
27321	1388
27321	1392
27321	1411
27501	1348
27501	1373
27501	1385
27501	1416
27501	1422
27501	1424
29255	1293
29255	1294
29255	1296
29255	1297
29255	1300
29255	1301
29255	1303
29255	1304
29255	1308
29255	1312
29255	1315
29255	1316
29255	1317
29255	1318
29255	1319
29255	1320
29255	1324
29255	1325
29255	1326
29255	1327
29255	1329
29255	1331
29255	1333
29255	1335
29255	1338
29255	1339
29255	1343
29255	1345
29255	1346
29255	1348
29255	1349
29255	1351
29255	1352
29255	1353
29255	1354
29255	1355
29255	1363
29255	1364
29255	1366
29255	1367
29255	1370
29255	1371
29255	1372
29255	1373
29255	1374
29255	1375
29255	1377
29255	1378
29255	1379
29255	1382
29255	1384
29255	1385
29255	1386
29255	1387
29255	1389
29255	1390
29255	1392
29255	1398
29255	1403
29255	1409
29255	1454
29255	1471
29778	1348
29778	1358
29778	1368
29778	1380
29778	1389
29778	1390
29778	1392
29778	1396
29778	1404
29778	1410
29778	1414
29778	1416
29778	1420
29778	1421
29778	1422
29778	1424
29778	1426
29778	1428
29778	1459
29778	1464
29778	1465
29778	1471
29778	1603
30733	1323
30733	1348
30733	1361
30733	1388
30733	1416
30733	1452
33540	1338
33540	1356
33540	1396
33540	1435
34154	1348
34154	1366
34154	1368
34154	1373
34154	1390
34154	1398
34154	1401
34154	1415
34154	1421
34154	1422
34154	1424
34154	1445
34154	1457
34154	1476
34611	1380
34611	1388
34611	1414
34611	1423
35478	1312
35478	1320
35478	1327
35478	1333
35478	1335
35478	1336
35478	1339
35478	1343
35478	1345
35478	1346
35478	1348
35478	1349
35478	1351
35478	1352
35478	1363
35478	1364
35478	1367
35478	1370
35478	1372
35478	1374
35478	1375
35478	1376
35478	1377
35478	1378
35478	1382
35478	1384
35478	1385
35478	1386
35478	1387
35478	1388
35478	1392
35478	1404
35478	1407
35713	1329
35713	1355
35713	1398
35713	1400
35713	1421
35713	1422
35713	1423
35713	1424
35966	1361
35966	1363
35966	1396
36790	1373
36790	1420
36790	1421
36790	1430
36790	1432
36790	1603
37043	1367
37043	1392
37043	1400
38013	1319
38013	1320
38013	1325
38013	1327
38013	1329
38013	1336
38013	1339
38013	1343
38013	1345
38013	1346
38013	1354
38013	1357
38013	1359
38013	1363
38013	1385
38013	1395
38479	1340
38479	1348
38479	1350
38479	1351
38479	1352
38479	1355
38479	1358
38479	1361
38479	1364
38479	1365
38479	1366
38479	1367
38479	1368
38479	1369
38479	1370
38479	1371
38479	1373
38479	1374
38479	1378
38479	1380
38479	1382
38479	1387
38479	1388
38479	1390
38479	1391
38479	1392
38479	1396
38479	1397
38479	1398
38479	1399
38479	1400
38479	1402
38479	1405
38479	1406
38479	1413
38479	1415
38479	1416
38479	1418
38479	1419
38479	1420
38479	1421
38479	1424
38479	1426
38479	1432
38479	1433
38479	1434
38479	1435
38479	1441
38479	1457
38479	1462
38479	1471
38479	1475
38479	1477
38479	1492
38479	1569
39142	1348
39142	1416
39142	1417
39142	1421
39142	1424
39142	1457
39142	1459
39142	1466
39142	1476
39142	1484
39275	1348
39275	1358
39275	1368
39275	1371
39275	1392
39275	1396
39275	1400
39275	1410
39275	1411
39275	1432
39275	1466
39275	1492
39275	1603
40242	1343
40242	1362
40242	1364
40242	1367
40242	1377
40242	1381
40556	1348
40556	1358
40556	1398
40556	1404
40556	1603
40963	1329
40963	1348
40963	1360
40963	1368
40963	1369
40963	1370
40963	1384
40963	1385
40963	1388
40963	1396
40963	1402
40963	1405
40963	1420
40963	1423
43096	1352
43096	1355
43096	1370
43096	1388
43096	1390
43096	1398
43096	1423
43096	1425
43362	1320
43362	1325
43362	1327
43362	1329
43362	1331
43362	1332
43362	1333
43362	1335
43362	1338
43362	1339
43362	1340
43362	1346
43362	1348
43362	1349
43362	1350
43362	1351
43362	1353
43362	1354
43362	1355
43362	1357
43362	1359
43362	1362
43362	1363
43362	1364
43362	1365
43362	1366
43362	1367
43362	1369
43362	1370
43362	1371
43362	1372
43362	1373
43362	1374
43362	1375
43362	1376
43362	1377
43362	1378
43362	1379
43362	1381
43362	1384
43362	1385
43362	1386
43362	1387
43362	1388
43362	1389
43362	1390
43362	1392
43362	1397
43362	1398
43362	1399
43362	1400
43362	1401
43362	1402
43362	1403
43362	1404
43362	1405
43362	1406
43362	1407
43362	1409
43362	1416
43362	1417
43362	1418
43362	1419
48570	1392
48570	1398
48570	1399
49279	1318
49279	1319
49279	1324
49279	1371
49279	1373
49279	1374
49279	1379
49279	1380
49279	1382
49279	1392
49279	1433
49279	1492
49508	1392
49508	1404
49508	1686
49763	1400
49763	1422
49763	1465
49763	1492
49763	1505
49763	1527
49939	1297
49939	1303
49939	1318
49939	1319
49939	1320
49939	1392
50354	1314
50354	1317
50354	1319
50354	1320
50354	1324
50354	1325
50354	1326
50354	1327
50354	1331
50354	1332
50354	1333
50354	1335
50354	1336
50354	1338
50354	1339
50354	1343
50354	1345
50354	1346
50354	1348
50354	1349
50354	1351
50354	1352
50354	1353
50354	1354
50354	1355
50354	1362
50354	1363
50354	1364
50354	1366
50354	1367
50354	1370
50354	1372
50354	1375
50354	1378
50354	1384
50354	1385
50354	1386
50354	1388
50354	1389
50354	1392
50354	1399
50354	1403
50354	1404
50354	1406
50354	1407
50354	1419
50354	1420
50354	1422
50354	1427
50714	1401
50714	1403
50714	1411
50714	1438
51394	1358
51394	1392
51394	1404
51394	1410
51394	1416
51394	1417
51394	1422
51394	1424
51394	1426
51394	1427
51394	1428
51394	1430
51394	1441
51394	1454
51394	1457
51394	1459
51394	1464
51394	1476
51394	1603
51408	1392
51408	1424
51408	1426
51566	1348
51566	1358
51566	1361
51566	1362
51566	1369
51566	1373
51566	1382
51566	1388
51566	1400
51566	1401
51566	1404
51566	1411
51566	1413
51566	1415
51566	1416
51566	1418
51566	1419
51566	1421
51566	1424
51566	1427
51566	1435
51566	1441
51566	1445
51566	1454
51566	1460
51566	1462
51566	1466
51566	1471
51566	1473
51566	1474
51581	1348
51581	1368
51581	1370
51581	1380
51581	1388
51581	1392
51581	1402
54970	1348
54970	1368
54970	1371
54970	1374
54970	1388
54970	1397
54970	1418
54970	1420
54970	1434
54970	1441
54970	1466
55063	1348
55063	1366
55063	1368
55063	1373
55063	1397
55063	1401
55063	1402
55063	1405
55063	1409
55063	1418
55063	1420
55401	1348
55401	1351
55401	1358
55401	1368
55401	1392
55401	1405
55401	1406
55401	1409
55401	1413
55401	1426
55634	1348
55634	1368
55634	1371
55634	1373
55634	1379
55634	1416
55828	1404
56783	1356
56783	1361
56783	1373
56783	1416
56783	1424
57311	1294
57311	1297
57311	1300
57311	1301
57311	1302
57311	1303
57311	1304
57311	1305
57311	1306
57311	1307
57311	1308
57311	1309
57311	1310
57311	1311
57311	1312
57311	1314
57311	1315
57311	1316
57311	1317
57311	1318
57311	1319
57311	1325
57311	1339
57311	1340
57311	1342
57311	1343
57311	1344
57311	1345
57311	1346
57311	1348
57311	1349
57311	1350
57311	1351
57311	1352
57311	1353
57311	1354
57311	1355
57311	1357
57311	1359
57311	1360
57311	1361
57311	1362
57311	1363
57311	1364
57311	1365
57311	1366
57311	1367
57311	1369
57311	1370
57311	1371
57311	1372
57311	1373
57311	1374
57311	1375
57311	1377
57311	1379
57311	1381
57311	1382
57311	1384
57311	1387
57311	1389
57311	1390
57311	1391
57311	1392
57311	1395
57311	1397
58236	1348
58236	1351
58236	1361
58236	1379
58236	1392
58236	1416
58236	1418
58236	1421
58236	1603
59154	1388
59154	1390
59154	1392
59266	1361
59266	1373
59266	1379
59266	1392
59266	1416
59266	1418
59266	1421
59266	1424
59266	1603
59323	1361
59323	1418
59733	1321
59733	1327
59733	1329
59733	1343
59733	1355
59733	1360
59733	1365
59733	1373
59733	1377
59733	1384
59733	1390
59733	1401
59733	1406
59733	1411
59733	1414
59733	1421
59733	1422
59733	1427
59733	1434
59733	1445
59733	1459
59733	1467
59733	1470
59733	1477
59733	1484
59733	1603
60244	1414
60244	1421
60244	1422
60244	1424
60244	1426
60244	1457
60244	1459
60244	1496
60244	1504
60244	1519
60244	1788
60244	1806
60244	1831
60244	1993
60244	2160
60597	1348
60597	1373
60597	1379
60597	1421
60597	1457
60986	1398
60986	1424
60986	1428
60986	1434
60986	1459
60986	1464
60986	1472
60986	1476
60986	1479
60986	1489
60986	1492
60986	1493
60986	1496
60986	1516
60986	1554
60986	1619
61760	1348
61760	1413
61892	1361
61892	1371
62161	1348
62161	1358
62161	1368
62161	1392
62161	1394
62161	1396
62161	2755
62161	3533
62341	1320
62341	1329
62341	1338
62341	1348
62341	1350
62341	1354
62341	1356
62341	1362
62341	1365
62341	1370
62341	1371
62341	1379
62341	1382
62341	1385
62341	1401
62341	1402
62341	1405
62341	1409
62341	1418
62341	1473
63772	1358
63772	1368
63772	1380
63772	1388
63772	1405
63772	1416
63772	1459
64080	1358
64080	1368
64080	1373
64080	1392
64080	1404
64080	1405
64080	1406
64080	1420
64080	1441
64829	1422
64829	1457
64829	1464
64829	1471
65398	1339
65398	1340
65398	1346
65398	1351
65398	1353
65398	1354
65398	1355
65398	1364
65398	1370
65398	1372
65398	1373
65398	1378
65398	1391
65398	1402
65398	1504
65398	1505
66068	1373
66068	1496
67353	1361
67353	1379
67353	1391
67353	1413
67353	1473
67461	1348
67461	1352
67461	1355
67461	1358
67461	1361
67461	1366
67461	1367
67461	1368
67461	1370
67461	1373
67461	1377
67461	1378
67461	1379
67461	1380
67461	1384
67461	1388
67461	1392
67461	1396
67461	1398
67461	1399
67461	1400
67461	1402
67461	1404
67461	1405
67461	1409
67461	1410
67461	1411
67461	1414
67461	1416
67461	1418
67461	1420
67461	1421
67461	1422
67461	1423
67461	1424
67461	1426
67461	1427
67461	1432
67461	1435
67461	1441
67461	1445
67461	1457
67461	1462
67461	1466
67461	1471
67461	1477
67976	1348
69326	1348
69326	1351
69326	1379
69326	1384
69326	1388
69326	1400
69326	1462
69367	1364
69367	1392
69367	1404
70527	1329
70527	1370
70527	1385
70527	1388
70527	1392
70527	1408
70527	1413
70527	1424
70527	1425
70527	1427
70725	1348
70725	1355
70725	1361
70725	1366
70725	1373
70725	1374
70725	1377
70725	1378
70725	1379
70725	1399
70725	1421
70725	1423
70725	1424
70725	1427
70725	1460
70725	1466
74146	1358
74146	1395
74146	1406
74489	1315
74489	1325
74489	1327
74489	1344
74489	1372
74489	1379
74489	1418
74489	1433
75277	1322
75277	1330
75277	1332
75277	1337
75277	1342
75277	1348
75277	1352
75277	1358
75277	1361
75277	1362
75277	1367
75277	1368
75277	1370
75277	1371
75277	1373
75277	1374
75277	1379
75277	1380
75277	1388
75277	1390
75277	1391
75277	1392
75277	1397
75277	1404
75277	1405
75277	1413
75277	1415
75277	1424
75277	1471
75729	1392
75729	1400
75729	1415
75729	1424
75729	1474
75729	1477
75729	1492
75729	1569
75729	1810
75729	1824
76710	1324
76710	1329
76710	1340
76710	1352
76710	1374
76710	1377
76710	1380
76710	1390
76770	1421
76770	1424
76770	1432
76770	1435
76770	1440
76770	1445
76770	1457
76770	1459
76770	1471
76770	1476
76903	1339
76903	1349
76903	1363
76903	1365
76903	1370
76903	1374
76903	1381
76903	1388
76903	1405
76903	1414
76903	1426
76903	1471
77722	1311
77722	1317
77722	1319
77722	1320
77722	1325
77722	1327
77722	1338
77722	1340
77722	1343
77722	1350
77722	1351
77722	1352
77722	1355
77722	1362
77722	1364
77722	1366
77722	1367
77722	1370
77722	1377
77735	1408
77735	1418
77735	1498
77735	1554
79123	1414
79123	1421
79123	1466
80640	1358
80640	1384
80640	1400
80640	1404
80640	1406
80640	1408
80640	1417
80640	1422
80640	1426
80640	1427
80640	1429
80640	1441
80640	1460
80640	1471
80640	1492
83962	1320
83962	1329
83962	1387
84151	1348
84151	1361
84151	1373
84151	1379
84151	1388
84151	1392
84151	1445
84151	1459
85202	1420
85202	1506
86243	1372
86809	1321
86809	1323
86809	1338
86809	1356
86809	1368
86809	1383
86809	1392
86809	1406
86809	1421
86809	1425
86809	1435
86809	1441
87923	1320
87923	1321
87923	1323
87923	1348
87923	1350
87923	1356
87923	1358
87923	1362
87923	1368
87923	1371
87923	1373
87923	1379
87923	1382
87923	1387
87923	1388
87923	1392
87923	1404
87923	1405
87923	1406
87923	1410
87923	1411
87923	1414
87923	1416
87923	1418
87923	1421
87923	1422
87923	1424
87923	1426
87923	1457
87923	1471
87923	2328
87923	3085
89465	1422
90015	1333
90015	1335
90015	1348
90015	1355
90015	1363
90015	1366
90015	1370
90015	1372
90015	1373
90015	1388
90015	1399
90015	1401
90015	1405
90015	1423
90015	1441
90015	1811
92675	1356
92675	1358
92675	1368
92675	1391
92675	1392
92675	1416
94173	1339
94173	1360
94173	1392
94173	1407
94173	1420
94173	1426
94173	1816
94173	1939
94173	2249
94173	2314
94528	1320
94528	1327
94528	1329
94528	1348
94528	1356
94528	1368
94528	1370
94528	1371
94528	1373
94528	1385
94528	1388
94528	1390
94528	1392
94528	1396
94528	1398
94528	1401
94528	1410
94528	1411
94528	1414
94528	1421
94528	1424
94528	1426
94528	1438
94528	1439
94528	1441
94528	1445
94528	1459
94528	1464
94528	1471
94528	1476
94528	1512
95924	1348
95924	1358
95924	1368
95924	1379
95924	1396
95924	1400
95924	1418
95947	1348
95947	1358
95947	1368
95947	1392
95947	1414
95947	1421
95947	1422
95947	1424
95947	1427
95947	1603
96523	1300
96523	1301
96523	1303
96523	1314
96523	1326
96523	1327
96523	1329
96523	1349
96523	1375
96523	1381
96523	1400
96523	1402
96523	1403
96523	1406
96523	1407
96523	1416
96523	1418
96523	1419
96523	1420
96523	1422
96523	1428
96523	1434
96523	1436
96523	1442
96523	1452
96523	1665
96523	1763
96523	1914
97254	1348
97254	1373
97254	1385
97254	1421
97254	1457
98300	1348
98300	1361
98300	1368
98300	1370
98300	1373
98300	1379
99994	1315
99994	1316
99994	1320
99994	1324
99994	1327
99994	1330
99994	1350
99994	1372
99994	1373
99994	1374
99994	1375
99994	1378
99994	1385
99994	1432
99994	1433
99994	1435
99994	1439
99994	1497
101035	1296
101035	1320
101035	1324
101035	1339
101035	1340
101035	1345
101035	1346
101035	1350
101035	1366
101035	1367
101035	1369
101035	1370
101035	1373
101035	1374
101035	1376
101035	1377
101035	1378
101035	1380
101035	1382
101035	1384
101035	1388
101035	1390
101035	1399
101035	1401
101035	1404
101035	1405
101035	1420
101035	1462
101035	1471
101035	1475
101035	1492
102218	1444
102218	1493
102218	1494
102218	1519
102431	1296
102431	1312
102431	1320
102431	1321
102431	1323
102431	1328
102431	1340
102431	1351
102431	1356
102431	1358
102431	1368
102431	1369
102431	1373
102431	1380
102431	1388
102431	1390
102431	1392
102431	1401
102431	1402
102431	1406
102431	1414
102431	1457
102431	1492
102431	1495
103576	1361
103576	1416
106844	1348
106844	1361
106844	1368
106844	1373
106844	1391
106844	1397
106844	1398
106844	1405
107086	1321
107086	1323
107086	1338
107086	1356
107086	1360
107155	1366
107155	1373
107155	1390
107155	1397
107155	1415
110238	1356
110238	1380
110238	1392
110238	1395
110238	1638
110510	1357
110510	1359
110545	1358
110545	1368
110545	1392
110545	1396
110545	1404
110545	1414
110545	1416
110545	1426
110545	1427
111058	1329
111058	1348
111058	1371
111058	1373
111058	1413
111058	1473
111290	1293
111290	1297
111290	1300
111290	1304
111290	1315
111290	1316
111290	1317
111290	1318
111290	1320
111290	1327
111290	1331
111290	1335
111290	1339
111290	1345
111290	1346
111290	1348
111290	1352
111290	1353
111290	1354
111290	1355
111290	1357
111290	1359
111290	1361
111290	1362
111290	1367
111290	1370
111290	1371
111290	1373
111290	1374
111290	1377
111290	1378
111290	1392
111290	1398
112430	1358
112430	1392
112430	1414
112430	1421
112430	1422
112430	1426
112430	1430
112430	1457
112430	1459
112430	1464
113007	1373
113007	1392
113007	1422
113007	1425
113173	1373
113173	1385
113173	1473
113217	1319
113217	1320
113217	1322
113217	1323
113217	1325
113217	1327
113217	1340
113217	1348
113217	1350
113217	1351
113217	1352
113217	1355
113217	1357
113217	1359
113217	1363
113217	1364
113217	1366
113217	1367
113217	1368
113217	1370
113217	1371
113217	1372
113217	1373
113217	1374
113217	1378
113217	1382
113217	1388
113217	1391
113217	1398
113217	1401
113217	1413
113217	1415
113217	1418
113217	1420
113217	1423
113217	1441
113217	1452
113217	1463
113217	1467
113217	1473
113217	1475
113217	1476
113217	1503
113217	1583
114161	1384
114161	1425
114908	1333
114908	1348
114908	1354
114908	1361
114908	1366
114908	1373
114908	1392
114908	1399
114908	1408
114908	1415
114908	1421
114908	1424
114908	1426
116322	1348
116322	1368
116322	1373
118125	1358
118125	1388
118125	1392
118125	1397
118125	1404
118125	1415
118320	1320
118320	1338
118320	1358
118320	1361
118320	1392
118320	1399
118320	1426
118320	2523
118476	1348
118476	1368
118476	1411
118476	1415
118476	1428
118476	1459
118476	1788
118476	1912
118476	1942
118522	1351
118522	1352
118522	1358
118522	1361
118522	1364
118522	1368
118522	1374
118522	1377
118522	1378
118522	1380
118522	1387
118522	1388
118522	1389
118522	1392
118522	1396
118522	1410
118522	1414
118522	1416
118522	1420
118522	1421
118522	1422
118522	1424
118522	1425
118522	1426
118522	1433
118522	1441
118522	1457
118522	1475
121103	1313
121103	1353
121103	1388
121103	1401
121103	1411
121103	1419
121103	1421
121103	1424
121103	1426
121103	1459
121103	1569
124345	1392
124345	1496
126485	1390
126485	1398
126485	1421
126485	1428
126485	1432
126485	1440
126485	1457
126485	1459
126485	1471
126485	1476
126606	1392
126623	1358
127739	1348
127739	1358
127739	1361
127739	1373
127739	1398
127739	1404
127739	1405
127739	1421
127771	1315
127771	1316
127771	1319
127771	1335
127771	1339
127771	1342
127771	1346
127771	1359
127771	1370
127771	1371
127771	1372
127771	1373
127771	1374
127771	1378
127771	1383
127771	1384
127771	1385
127771	1390
127771	1391
127771	1401
127771	1403
127771	1407
127771	1409
127771	1420
127771	1421
127771	1424
127771	1425
127771	1717
127771	1738
129511	1297
129511	1309
129511	1318
129511	1368
129511	1392
130091	1329
130091	1424
130099	1361
130099	1371
130316	1351
130316	1364
130316	1368
130316	1370
130316	1383
130316	1384
130316	1388
130316	1399
130316	1410
130316	1434
130316	1460
130316	1462
130316	1466
130838	1309
131285	1364
131285	1370
131285	1373
131285	1398
131285	1404
131285	1418
131285	1470
131532	1358
131532	1361
131532	1368
131532	1373
131532	1380
131532	1388
131532	1404
131532	1405
131594	1348
131594	1368
131594	1411
131594	1418
132423	1296
132423	1300
132423	1301
132423	1303
132423	1306
132423	1308
132423	1309
132423	1311
132423	1312
132423	1314
132423	1315
132423	1316
132423	1320
132423	1324
132423	1326
132423	1327
132423	1331
132423	1333
132423	1335
132423	1338
132423	1339
132423	1342
132423	1343
132423	1346
132423	1348
132423	1349
132423	1350
132423	1351
132423	1352
132423	1353
132423	1354
132423	1355
132423	1362
132423	1363
132423	1364
132423	1365
132423	1367
132423	1370
132423	1371
132423	1372
132423	1373
132423	1375
132423	1378
132423	1382
132423	1384
132423	1385
132423	1386
132423	1387
132740	1348
132740	1372
132740	1373
132740	1379
132740	1392
132740	1399
132740	1408
132740	1414
132740	1419
132740	1421
132740	1424
132740	1426
132740	1427
132740	1434
132740	1459
132740	1460
132740	1462
132740	1476
132740	1484
133195	1315
133195	1324
133195	1326
133195	1337
133195	1365
133195	1370
133195	1373
133195	1380
133195	1381
133195	1384
133195	1385
133195	1396
133195	1423
133195	1460
133195	1769
133195	1933
133195	1937
133195	1943
133195	2050
133195	2171
133378	1294
133378	1296
133378	1301
133378	1303
133378	1304
133378	1308
133378	1309
133378	1311
133378	1314
133378	1317
133378	1319
133378	1320
133378	1324
133378	1329
133378	1333
133378	1338
133378	1339
133378	1340
133378	1343
133378	1345
133378	1346
133378	1350
133378	1351
133378	1352
133378	1355
133378	1357
133378	1362
133378	1364
133378	1365
133378	1367
133378	1369
133378	1372
133378	1373
133378	1374
133378	1375
133378	1376
133378	1377
133378	1381
133378	1382
133378	1384
133378	1387
133378	1388
133378	1394
133378	1397
133378	1420
133512	1358
133512	1368
133512	1392
133512	1405
133512	1410
133512	1414
133512	1426
133512	1427
133746	1306
133746	1307
133746	1309
133746	1314
133746	1315
133746	1316
133746	1318
133746	1325
133746	1331
133746	1333
133746	1335
133746	1366
133746	1371
133788	1348
133788	1361
133788	1368
133788	1388
133788	1421
133788	1455
133788	1471
133788	1482
133788	1493
133788	1554
133788	1569
133788	1594
136252	1373
136252	1392
136953	1343
136953	1346
136953	1348
136953	1364
136953	1365
136953	1366
136953	1367
136953	1368
136953	1372
136953	1377
136953	1378
136953	1381
136953	1382
136953	1388
136953	1390
136953	1392
136953	1395
136953	1396
136953	1399
136953	1400
136953	1403
136953	1405
136953	1406
136953	1407
136953	1410
136953	1411
136953	1428
136953	1438
136953	1439
136953	1450
136953	1456
136953	1457
136953	1475
137467	1360
137467	1370
137467	1372
137467	1392
137467	1418
137504	1368
137504	1379
137504	1399
137504	1421
137504	1424
137504	1459
137504	1551
138950	1348
138950	1358
138950	1368
138950	1370
138950	1380
138950	1388
138950	1390
138950	1392
138950	1404
138950	1410
138950	1416
138950	1420
138950	1424
138950	1426
138950	1444
139033	1348
139033	1355
139033	1364
139033	1373
139033	1379
139033	1384
139033	1392
139033	1421
139033	1430
139033	1435
139033	1452
139650	1348
139650	1358
139650	1368
139650	1374
139650	1396
139650	1421
139650	1422
139650	1423
139650	1427
141168	1348
141168	1361
141168	1368
141168	1379
141168	1396
141168	1399
141168	1413
141168	1421
141168	1434
141168	1457
141168	1459
141168	1466
141168	1471
144296	1319
144296	1320
144296	1324
144296	1325
144296	1329
144296	1331
144296	1335
144296	1338
144296	1339
144296	1340
144459	1379
144459	1391
144459	1396
144913	1392
144913	1405
144913	1406
144913	1410
144913	1426
144913	1441
144913	1474
145460	1425
145460	1426
145460	1433
145460	1471
147848	1338
147848	1350
147848	1362
147848	1371
147848	1375
147848	1408
147848	1411
147848	1416
147848	1417
147848	1419
147848	1422
147848	1425
147848	1426
147848	1432
147848	1454
147848	1457
147848	1469
147848	1477
147848	1488
147848	1557
147848	1586
147848	1594
147848	1701
147848	1801
147848	2369
147848	2458
147848	2513
147848	2606
147848	2778
147939	1321
147939	1360
147939	1361
147939	1372
147939	1415
148237	1424
148293	1331
148293	1333
148293	1371
148293	1373
148293	1392
148293	1399
148293	1400
148293	1432
149516	1320
149516	1351
149516	1356
149516	1358
149516	1368
149516	1392
149516	1399
149516	1492
151016	1348
151016	1358
151685	1300
151685	1301
151685	1303
151685	1308
151685	1314
151685	1320
151685	1322
151685	1323
151685	1327
151685	1328
151685	1329
151685	1331
151685	1336
151685	1338
151685	1339
151685	1340
151685	1342
151685	1343
151685	1346
151685	1348
151685	1349
151685	1350
151685	1353
151685	1354
151685	1356
151685	1357
151685	1358
151685	1359
151685	1360
151685	1362
151685	1364
151685	1365
151685	1367
151685	1368
151685	1369
151685	1370
151685	1371
151685	1372
151685	1373
151685	1378
151685	1385
151685	1388
151685	1390
151685	1391
151685	1397
151685	1402
151685	1473
152331	1312
152331	1357
152331	1362
152331	1363
152331	1364
152331	1365
152331	1366
152331	1367
152331	1368
152331	1371
152331	1373
152331	1374
152331	1375
152331	1384
154558	1319
154558	1320
154558	1322
154558	1324
154558	1325
154558	1326
154558	1327
154558	1328
154558	1333
154558	1338
154558	1340
154558	1343
154558	1346
154558	1348
154558	1350
154558	1351
154558	1352
154558	1355
154558	1357
154558	1359
154558	1363
154558	1366
154558	1367
154558	1368
154558	1369
154558	1370
154558	1371
154558	1373
154558	1374
154558	1376
154558	1377
154558	1378
154558	1382
154558	1385
154558	1386
154558	1387
154558	1390
154558	1398
154558	1399
154558	1401
155063	1361
155063	1368
155063	1387
155063	1392
155063	1424
155063	1426
155063	1441
158890	1348
158890	1398
158890	1418
158890	1422
158890	1427
158890	1464
158890	2165
159912	1392
159912	1493
160024	1300
160024	1346
160024	1352
160024	1353
160024	1354
160024	1357
160024	1359
160024	1363
160024	1364
160024	1365
160024	1366
160024	1367
160024	1386
160024	1387
160024	1389
160024	1390
160024	1392
160024	1395
160024	1396
160024	1400
160024	1405
160024	1419
160024	1420
160024	1441
160024	1446
160024	1449
160024	1450
160024	1452
160024	1453
160024	1454
160024	1461
161106	1346
161106	1348
161106	1349
161106	1352
161106	1355
161106	1362
161106	1364
161106	1365
161106	1367
161106	1370
161106	1371
161106	1372
161106	1373
161106	1374
161106	1377
161106	1387
161106	1390
161333	1294
161333	1304
161333	1312
161333	1315
161333	1316
161333	1317
161333	1319
161333	1325
161333	1331
161333	1335
161333	1338
161333	1339
161333	1340
161333	1345
161333	1346
161333	1348
161333	1349
161333	1351
161333	1352
161333	1357
161333	1359
161333	1362
161333	1364
161333	1365
161333	1366
161333	1371
161333	1372
161333	1373
161333	1374
161333	1377
161333	1378
161333	1385
161333	1386
161333	1387
161333	1392
161333	1398
161333	1399
161333	1411
161333	1420
161333	1475
161541	1360
161541	1373
161541	1385
161541	1434
161541	1460
161541	1471
163175	1352
163175	1356
163175	1362
163175	1368
163175	1371
163175	1373
163175	1379
163175	1380
163175	1390
163175	1392
163175	1398
163175	1420
163175	1424
163175	1432
163175	1433
163175	1471
163175	1475
163727	1348
163727	1361
163727	1373
163727	1379
163727	1392
163727	1396
163727	1398
163727	1406
163727	1434
163727	1457
164644	1390
165054	1348
165054	1361
165054	1368
165054	1371
165054	1388
165054	1392
165054	1397
165054	1404
165054	1410
165054	1414
165054	1415
165054	1416
165054	1419
165054	1421
165054	1422
165054	1424
165054	1426
165054	1445
165054	1447
165054	1510
165054	1603
167435	1348
167649	1300
167649	1303
167649	1304
167649	1311
167649	1315
167649	1316
167649	1319
167649	1320
167649	1325
167649	1326
167649	1327
167649	1329
167649	1331
167649	1335
167649	1338
167649	1339
167649	1342
167649	1346
167649	1348
167649	1351
167649	1352
167649	1355
167649	1362
167649	1365
167649	1366
167649	1367
167649	1370
167649	1371
167649	1372
167649	1373
167649	1374
167649	1377
167649	1378
167649	1382
167649	1387
167649	1391
167649	1392
167649	1398
167649	1399
169665	1311
169665	1314
169665	1315
169665	1316
169665	1329
169665	1331
169665	1335
169665	1338
169665	1340
169665	1343
169665	1346
169665	1391
169665	1400
169665	1428
172863	1327
172863	1329
172863	1330
172863	1338
172863	1345
172863	1348
172863	1352
172863	1355
172863	1357
172863	1358
172863	1359
172863	1361
172863	1362
172863	1363
172863	1364
172863	1365
172863	1366
172863	1368
172863	1369
172863	1370
172863	1371
172863	1372
172863	1373
172863	1374
172863	1378
172863	1379
172863	1381
172863	1382
172863	1384
172863	1387
172863	1388
172863	1392
172863	1395
172863	1396
172863	1397
172863	1399
172863	1400
172863	1404
172863	1406
172863	1409
172863	1411
172863	1418
172863	1460
172863	1462
172863	1492
172863	2063
175937	1358
175937	1380
175937	1392
175937	1398
175937	1404
175937	1411
175937	1416
175937	1418
175937	1421
175937	1427
175937	1445
175937	1460
176333	1321
176333	1323
176333	1338
176333	1343
176333	1350
176333	1361
176333	1363
176333	1373
176333	1374
176333	1377
176333	1379
176333	1392
176333	1396
176333	1398
176333	1410
176333	1426
176333	1427
176333	1428
176333	1432
176333	1433
176333	1435
176333	1437
176333	1440
176333	1443
176333	1459
176333	1463
176333	1464
176333	1494
176333	1512
178196	1387
178196	1392
178196	1414
178196	1416
178196	1421
178196	1422
182008	1368
182008	1392
182008	1396
182008	1405
182883	1362
182883	1364
182883	1367
182883	1370
182883	1372
182883	1390
182883	1400
184695	1348
184695	1371
184695	1373
185072	1348
185072	1358
185072	1368
185072	1373
185072	1388
185072	1392
185072	1396
185072	1405
185072	1426
185072	1430
185072	1476
185072	1528
185072	1649
187049	1343
187049	1348
187049	1355
187049	1358
187049	1361
187049	1362
187049	1368
187049	1370
187049	1371
187049	1372
187049	1373
187049	1378
187049	1379
187049	1380
187049	1388
187049	1389
187049	1390
187049	1392
187049	1396
187049	1398
187049	1401
187049	1404
187049	1408
187049	1409
187049	1410
187049	1411
187049	1413
187049	1416
187049	1418
187049	1420
187049	1421
187049	1423
187049	1424
187049	1426
187049	1427
187049	1432
187049	1433
187049	1441
187049	1445
187049	1460
187049	1462
187049	1466
187049	1473
187049	1475
187049	1477
187049	1492
188222	1400
188718	1348
188718	1355
188718	1361
188718	1370
188718	1374
188718	1388
188718	1391
188718	1396
188718	1406
188718	1413
188718	1423
188718	1492
188718	1867
188718	2997
188724	1343
188724	1348
188724	1370
188724	1382
188724	1396
188724	1402
188948	1329
188948	1338
188948	1343
188948	1348
188948	1370
188948	1392
188948	1396
188948	1399
188948	1406
188948	1420
188948	1466
189288	1370
189288	1384
189288	1388
189288	1392
189288	1404
189288	1441
189978	1300
189978	1304
189978	1317
189978	1319
189978	1320
189978	1325
189978	1327
189978	1331
189978	1333
189978	1339
189978	1345
189978	1346
189978	1350
189978	1353
189978	1354
189978	1363
189978	1364
189978	1366
189978	1367
189978	1370
189978	1374
189978	1378
189978	1387
189978	1389
189978	1399
189978	1400
191503	1348
191503	1356
191503	1361
191503	1373
191503	1388
191503	1414
191503	1424
191902	1324
191902	1361
191902	1368
191902	1380
191902	1381
191902	1389
191902	1396
191902	1410
192992	1370
192992	1371
192992	1372
192992	1373
192992	1374
192992	1377
192992	1378
192992	1381
192992	1382
192992	1387
192992	1390
192992	1401
192992	1405
192992	1409
192992	1412
192992	1420
192992	1421
194952	1321
194952	1358
194952	1366
194952	1368
194952	1371
194952	1388
194952	1416
194952	1426
198256	1392
198256	1423
198256	1432
198256	1462
199007	1302
199007	1306
199007	1312
199007	1315
199007	1316
199007	1318
199007	1319
199007	1320
199007	1324
199007	1325
199007	1331
199007	1335
199007	1339
199007	1346
199007	1348
199007	1359
199007	1361
199007	1370
199007	1371
199007	1373
199007	1375
199007	1377
199007	1408
199069	1348
199069	1370
199069	1384
199069	1392
199069	1408
199069	1425
199069	1460
199339	1346
199339	1348
199339	1353
199339	1356
199339	1358
199339	1368
199339	1380
199339	1388
199339	1391
199339	1395
199339	1404
199339	1405
200126	1348
200126	1368
200126	1390
200126	1422
200126	1423
200126	1457
200665	1348
200665	1368
200665	1388
201865	1317
201865	1327
201865	1348
201865	1352
201865	1355
201865	1361
201865	1366
201865	1368
201865	1370
201865	1373
201865	1384
201865	1385
201865	1392
201865	1398
201865	1405
201865	1406
203295	1351
203295	1355
203295	1368
203295	1421
203295	1422
203295	1423
203295	1427
203506	1348
203506	1459
203506	1464
203506	1466
203506	1603
204895	1348
204895	1367
204895	1396
204895	1397
204895	1409
204895	1459
204895	1717
204895	1879
204895	2498
204895	2578
206404	1340
206404	1348
206404	1352
206404	1355
206404	1365
206404	1366
206404	1370
206404	1373
206404	1374
206404	1379
206404	1385
206404	1388
206404	1397
206404	1398
206404	1401
206404	1408
206404	1413
206404	1417
206404	1420
206404	1421
206404	1423
206404	1432
206404	1445
206404	1457
206404	1467
206404	1477
206404	1554
206557	1392
206557	1426
208070	1380
208070	1388
208070	1398
208070	1421
208070	1422
208070	1425
208598	1432
208598	1434
209308	1348
209308	1358
209308	1361
209308	1368
209308	1373
209308	1379
209308	1388
209308	1392
209308	1396
209308	1398
209308	1404
209308	1405
209308	1408
209308	1410
209308	1414
209308	1416
209308	1421
209308	1424
209308	1426
209308	1427
209308	1457
209308	1603
209375	1317
209375	1329
209375	1348
209375	1352
209375	1363
209375	1373
209375	1392
209375	1405
209375	1421
209375	1433
209375	1457
211747	1348
211747	1358
211747	1368
211747	1370
211747	1379
211747	1392
211747	1402
211747	1416
211747	1418
211747	1471
211825	1310
211825	1318
211825	1319
211825	1323
211825	1325
211825	1331
211825	1340
211825	1350
211825	1357
211825	1359
211825	1365
211825	1369
211825	1375
211825	1379
211825	1380
211825	1400
211825	1425
211825	1475
213035	1313
213035	1358
213035	1366
213035	1368
213035	1372
213035	1380
213035	1392
213035	1398
213035	1401
213035	1416
213035	1421
213035	1424
213035	1457
213035	1465
213035	1504
213035	1542
213035	1575
213035	1757
214461	1358
214461	1368
214461	1392
214461	1404
214461	1426
214461	1434
215493	1348
215493	1371
215493	1373
215493	1401
215493	1411
215493	1413
216738	1368
216738	1370
216738	1373
216738	1390
216738	1397
216738	1398
216738	1404
216738	1406
216738	1408
216738	1422
216738	1435
216738	1471
216738	1474
217248	1338
217248	1361
217248	1363
217248	1373
217248	1392
217248	1396
217248	1423
217248	1433
217248	2198
217814	1348
217814	1368
217814	1388
217814	1415
217814	1422
219202	1353
219202	1354
219202	1364
219202	1374
219202	1394
219202	1402
219202	1405
219202	1416
219202	1419
219202	1464
219202	1485
219202	1603
219202	1672
219369	1361
219369	1368
219369	1371
219369	1396
219369	1416
219516	1292
219516	1293
219516	1294
219516	1296
219516	1297
219516	1301
219516	1303
219516	1305
219516	1308
219516	1311
219516	1312
219516	1314
219516	1315
219516	1316
219516	1317
219516	1318
219516	1319
219516	1320
219516	1324
219516	1325
219516	1331
219516	1333
219516	1335
219516	1338
219516	1339
219516	1340
219516	1342
219516	1346
219516	1348
219516	1349
219516	1351
219516	1352
219516	1355
219516	1357
219516	1359
219516	1363
219516	1364
219516	1366
219516	1370
219516	1371
219516	1372
219516	1373
219516	1374
219516	1375
219516	1377
219516	1378
219516	1381
219516	1382
219516	1384
219516	1385
219516	1386
219516	1390
219516	1392
219516	1440
219516	1578
219719	1348
219719	1384
219719	1392
219719	1416
219719	1420
221564	1333
221564	1335
221564	1348
221564	1372
221564	1373
221564	1377
221564	1398
221564	1399
221564	1404
221564	1406
221564	1420
221564	1421
221564	1425
221564	1427
221564	1459
221564	1471
221564	1476
221564	1492
221564	1569
221564	2813
221564	3484
221564	3486
221564	3514
221564	3551
221746	1355
221746	1373
221746	1391
221746	1396
221746	1397
221746	1398
221746	1408
221746	1410
221746	1434
221746	1435
221746	1457
221746	1459
221746	1603
222886	1351
222886	1358
222886	1366
222886	1370
222886	1373
222886	1374
222886	1377
222886	1387
222886	1388
222886	1390
222886	1392
222886	1396
222886	1397
222886	1398
222886	1402
222886	1405
222886	1406
222886	1420
222886	1441
222886	1454
222886	1475
224073	1361
224073	1416
224073	1421
224073	1422
224073	1424
224661	1348
224661	1352
224661	1355
224661	1368
224661	1370
224661	1372
224661	1380
224661	1391
224661	1396
224661	1397
224661	1423
224661	1425
224661	1434
224661	1459
225204	1370
225204	1418
226264	1348
226264	1355
226264	1358
226264	1361
226264	1366
226264	1371
226264	1373
226264	1375
226264	1379
226264	1392
226264	1399
226264	1400
226264	1401
226264	1404
226264	1405
226264	1407
226264	1416
226264	1418
226264	1422
226264	1425
226264	1434
226264	1441
226264	1465
227249	1358
227249	1362
227249	1367
227249	1380
227249	1387
227249	1390
227249	1391
227249	1396
227249	1401
227249	1405
227249	1406
227249	1409
227249	1415
227249	1433
227249	1434
227249	1454
227249	2489
228053	1317
228053	1321
228053	1323
228053	1356
228053	1358
228053	1377
228053	1390
228053	1401
228053	1402
230291	1320
230291	1329
230291	1352
230291	1368
230291	1392
230291	1399
230291	1400
230291	1404
231583	1348
231583	1414
231583	1430
231583	1464
231583	1470
231583	1476
232511	1327
232511	1348
232511	1358
232511	1361
232511	1368
232511	1370
232511	1371
232511	1373
232511	1379
232511	1388
232511	1392
232511	1396
232511	1411
232511	1413
232511	1414
232511	1415
232511	1418
232511	1421
232511	1422
232511	1423
232511	1426
232511	1434
232511	1460
232511	1677
233252	1414
233252	1427
233739	1348
233739	1358
233739	1364
233739	1418
233739	1426
236270	1320
236270	1327
236270	1356
236270	1360
236270	1392
236270	1435
236493	1348
236493	1358
236493	1361
236493	1364
236493	1367
236493	1368
236493	1370
236493	1373
236493	1380
236493	1384
236493	1387
236493	1388
236493	1390
236493	1392
236493	1398
236493	1404
236493	1409
236493	1411
236493	1420
236493	1424
236493	1426
236493	1457
237810	1320
237810	1339
237810	1346
237810	1348
237810	1361
237810	1362
237810	1365
237810	1369
237810	1370
237810	1374
237810	1378
237810	1379
237810	1382
237810	1384
237810	1387
237810	1398
237810	1399
237810	1405
237810	1406
237810	1413
237810	1423
237810	1460
237810	1470
237810	1473
240042	1327
240042	1360
240042	1370
240042	1384
240042	1423
240042	1427
240042	1428
240042	1460
240042	1498
240042	1499
240042	1538
240042	1554
240229	1320
240229	1338
240229	1343
240229	1369
240229	1370
240229	1373
240229	1380
240229	1382
240229	1387
240229	1390
240229	1391
240229	1396
240229	1397
240229	1398
240229	1401
240229	1402
240229	1404
240229	1406
240229	1410
240229	1411
240229	1414
240229	1418
240229	1420
240229	1422
240229	1423
240229	1426
240229	1427
240229	1429
240229	1432
240229	1433
240229	1434
240229	1441
240229	1452
240229	1454
240229	1462
240229	1467
240229	1474
240229	1475
240229	1492
241441	1320
241441	1323
241441	1343
241441	1346
241441	1348
241441	1360
241441	1363
241441	1370
241441	1373
241441	1375
241441	1379
241441	1380
241441	1382
241441	1390
241441	1391
241441	1398
241441	1401
241441	1402
241441	1405
241441	1415
241441	1418
241441	1430
241441	1445
241441	1457
241441	1465
241441	1496
241441	1528
242159	1296
242159	1317
242159	1319
242159	1324
242159	1333
242159	1335
242159	1338
242159	1339
242159	1340
242159	1343
242159	1346
242159	1348
242159	1350
242159	1351
242159	1352
242159	1353
242159	1354
242159	1355
242159	1357
242159	1362
242159	1363
242159	1364
242159	1365
242159	1367
242159	1368
242159	1369
242159	1370
242159	1372
242159	1374
242159	1375
242159	1376
242159	1377
242159	1378
242159	1381
242159	1382
242159	1388
242159	1392
242159	1397
242159	1407
242159	1415
242159	1416
242159	1417
242159	1418
242159	1420
242159	1421
242159	1422
242159	1427
242159	1428
242159	1431
242159	1440
242159	1473
242159	1475
242159	1743
242159	1924
242159	1927
242159	2212
243236	1388
243236	1392
243236	1398
243236	1423
243236	1433
243236	1457
243236	1476
246132	1332
246132	1340
246132	1343
246132	1345
246132	1349
246132	1350
246132	1351
246132	1362
246132	1364
246132	1365
246132	1367
246132	1370
246132	1372
246132	1377
246132	1384
246132	1385
246132	1386
246132	1387
246132	1390
246132	1392
246132	1404
246632	1348
246632	1361
246632	1364
246632	1389
246632	1392
246632	1416
246632	1420
246632	1422
246632	1427
246632	1428
246632	1457
246632	1464
246632	1467
246632	1603
248665	1348
248665	1371
248755	1348
248755	1414
248755	1458
251084	1321
251084	1323
251084	1329
251084	1340
251084	1350
251084	1354
251084	1355
251084	1356
251084	1360
251084	1361
251084	1362
251084	1363
251084	1368
251084	1369
251084	1370
251084	1371
251084	1372
251084	1373
251084	1375
251084	1377
251084	1378
251084	1379
251084	1380
251084	1384
251084	1385
251084	1387
251084	1388
251084	1390
251084	1391
251084	1392
251084	1397
251084	1398
251084	1401
251084	1405
251084	1411
251084	1413
251084	1415
251084	1420
251084	1423
251084	1425
251084	1433
251407	1323
251407	1329
251407	1343
251407	1348
251407	1355
251407	1356
251407	1361
251407	1368
251407	1370
251407	1371
251407	1373
251407	1375
251407	1385
251407	1392
251407	1396
251407	1397
251407	1398
251407	1413
251407	1418
251407	1424
251407	1434
251407	1462
251407	1471
251407	1473
251940	1358
251940	1368
251940	1370
252984	1354
252984	1358
252984	1364
252984	1410
254673	1314
254673	1318
254673	1343
254673	1348
254673	1362
254673	1365
254673	1366
254673	1369
254673	1370
254673	1371
254673	1373
254673	1374
254673	1380
254673	1382
254673	1388
254673	1391
254673	1392
254673	1397
254673	1398
254673	1401
254673	1402
254673	1405
254673	1409
254673	1418
254673	1420
255195	1352
255195	1368
255195	1380
255195	1408
255195	1410
255195	1415
255195	1421
255195	1432
255195	1434
255195	1445
255195	1467
255195	1470
255195	1471
255195	1476
255195	1506
255377	1404
255693	1311
255693	1314
255693	1322
255693	1332
255693	1348
255693	1355
255693	1362
255693	1369
255693	1377
255693	1388
255693	1403
255693	1406
255693	1410
255693	1412
255693	1416
255693	1425
255693	1426
255693	1431
255961	1348
255961	1356
255961	1358
255961	1361
255961	1368
255961	1370
255961	1379
255961	1385
255961	1392
255961	1404
255961	1426
256126	1350
256126	1361
256126	1371
256126	1373
256126	1379
256126	1392
256126	1404
256126	1471
258734	1348
258734	1358
258734	1362
258734	1388
259847	1348
259847	1368
259847	1373
259847	1378
259847	1390
259847	1392
259847	1404
259847	1405
259847	1406
259847	1410
259847	1422
259847	1454
259847	1457
259847	1460
259952	1355
259952	1358
259952	1378
259952	1392
259952	1404
259952	1423
259952	1433
259952	1434
259952	1454
259952	1460
259952	1462
259952	1488
259952	1492
259952	1499
259952	1513
259952	1562
259952	1569
261982	1348
261982	1358
261982	1368
261982	1373
261982	1392
261982	1421
261982	1424
261982	1426
262445	1348
262445	1361
262445	1368
262445	1371
262445	1373
262445	1380
262445	1390
262445	1392
262445	1398
262445	1401
262445	1423
262445	1424
262445	1433
262445	1457
262726	1348
262726	1358
262726	1361
262726	1392
262726	1424
262726	1427
263454	1358
263454	1368
263454	1603
263856	1300
263856	1301
263856	1302
263856	1303
263856	1304
263856	1305
263856	1307
263856	1308
263856	1309
263856	1310
263856	1311
263856	1312
263856	1314
263856	1317
263856	1318
263856	1319
263856	1320
263856	1322
263856	1323
263856	1324
263856	1325
263856	1327
263856	1328
263856	1329
263856	1331
263856	1333
263856	1335
263856	1338
263856	1339
263856	1342
263856	1343
263856	1346
263856	1348
263856	1349
263856	1350
263856	1351
263856	1352
263856	1353
263856	1354
263856	1355
263856	1356
263856	1357
263856	1359
263856	1360
263856	1361
263856	1362
263856	1363
263856	1364
263856	1365
263856	1366
263856	1367
263856	1368
263856	1370
263856	1371
263856	1372
263856	1373
263856	1374
263856	1375
263856	1377
263856	1378
263856	1381
263856	1382
263856	1385
263856	1386
263856	1388
263856	1389
263856	1390
264025	1348
264025	1358
264025	1368
264025	1373
264025	1392
264025	1396
264090	1373
264090	1379
264090	1397
264135	1351
264135	1352
264135	1355
264135	1358
264135	1364
264135	1367
264135	1368
264135	1377
264135	1378
264135	1380
264135	1384
264135	1387
264135	1390
264135	1392
264135	1396
264135	1398
264135	1399
264135	1400
264135	1404
264135	1406
264135	1408
264135	1410
264135	1411
264135	1414
264135	1415
264135	1416
264135	1417
264135	1419
264135	1421
264135	1422
264135	1424
264135	1425
264135	1426
264135	1427
264135	1429
264135	1430
264135	1432
264135	1433
264135	1434
264135	1435
264135	1437
264135	1438
264135	1439
264135	1440
264135	1441
264135	1443
264135	1444
264135	1445
264135	1451
264135	1452
264135	1453
264135	1454
264135	1456
264135	1457
264135	1458
264135	1459
264135	1460
264135	1461
264135	1462
264135	1463
264135	1464
264135	1466
264135	1467
264135	1468
264135	1470
264135	1471
264135	1474
264135	1475
264135	1476
264135	1477
264135	1483
264135	1484
264135	1492
264135	1494
264135	1503
264135	1506
264135	1512
264135	1528
264135	1569
264135	1603
264135	1649
264490	1361
264490	1370
264490	1373
264490	1384
264490	1402
264490	1426
264490	1441
264490	1454
266031	1348
266031	1373
266031	1421
266031	1426
266356	1365
266356	1370
266837	1390
266837	1392
266837	1415
267590	1348
267590	1368
267590	1373
267590	1390
267590	1414
267590	1421
267590	1424
267783	1356
267783	1368
267783	1392
267783	1400
268762	1358
268762	1368
268762	1392
268891	1368
268891	1373
268891	1384
268891	1422
268891	1471
268991	1327
268991	1356
268991	1358
268991	1360
268991	1368
268991	1379
268991	1385
268991	1392
269720	1358
269720	1368
269720	1380
269720	1390
269720	1392
269720	1396
269720	1398
269720	1411
269720	1415
269720	1421
269720	1422
269720	1424
269720	1426
269720	1457
269720	1471
269720	1474
271089	1327
271089	1356
271089	1358
271089	1360
271089	1368
271089	1392
271089	1396
271089	1405
271089	1433
271089	1441
271089	1492
271966	1343
271966	1388
271966	1392
271966	1396
271966	1397
271966	1423
271966	1454
271976	1368
271976	1373
271976	1379
271976	1392
271976	1396
271976	1404
271976	1426
271976	1451
271976	1471
271976	1492
271976	1942
272179	1392
272179	1413
272805	1404
273258	1392
273258	1396
273258	1473
273691	1337
273691	1356
273691	1358
273691	1368
273691	1370
273691	1377
273691	1384
273691	1388
273691	1392
273691	1399
273691	1405
273691	1422
273691	1454
274161	1369
274161	1382
275246	1355
275246	1370
275246	1372
275246	1373
275246	1392
275246	1423
276034	1352
276034	1368
276034	1373
276034	1384
276034	1390
276034	1398
276034	1401
276034	1434
277439	1348
277439	1414
278559	1300
278559	1301
278559	1305
278559	1312
278559	1314
278559	1315
278559	1317
278559	1320
278559	1327
278559	1333
278559	1336
278559	1340
278559	1354
278559	1355
278559	1363
278559	1364
278559	1366
278559	1367
278559	1368
278559	1370
278559	1372
278559	1373
278559	1377
278559	1378
278559	1382
278559	1385
278559	1386
278559	1388
278559	1390
278559	1392
278559	1400
278559	1405
278559	1406
278559	1433
278559	1757
281734	1297
281734	1312
281734	1318
281734	1319
281734	1322
281734	1329
281734	1331
281734	1350
281734	1391
282486	1416
282486	1421
282486	1464
282486	1471
284565	1387
284565	1388
284565	1399
284565	1418
290703	1327
290703	1360
290703	1368
290703	1390
290703	1398
290977	1323
290977	1329
290977	1339
290977	1346
290977	1348
290977	1351
290977	1356
290977	1358
290977	1360
290977	1363
290977	1367
290977	1368
290977	1370
290977	1373
290977	1388
290977	1390
290977	1396
290977	1404
290977	1405
290977	1415
290977	1418
290977	1421
290977	1423
290977	1471
290977	1528
292663	1316
292663	1318
292663	1321
292663	1327
292663	1343
292663	1348
292663	1350
292663	1351
292663	1352
292663	1355
292663	1356
292663	1358
292663	1360
292663	1361
292663	1362
292663	1364
292663	1365
292663	1367
292663	1368
292663	1370
292663	1371
292663	1372
292663	1373
292663	1379
292663	1380
292663	1382
292663	1385
292663	1387
292663	1388
292663	1389
292663	1392
292663	1396
292663	1397
292663	1398
292663	1399
292663	1401
292663	1402
292663	1404
292663	1405
292663	1406
292663	1409
292663	1411
292663	1413
292663	1418
292663	1420
292663	1441
292663	1454
292663	1473
292663	1475
294461	1348
294461	1379
294461	1392
294461	1414
294461	1421
294461	1428
294461	1437
294461	1446
294461	1455
294461	1459
294461	1469
294461	1621
296242	1299
296242	1321
296242	1325
296242	1348
296242	1358
296242	1374
296242	1377
296242	1385
296242	1392
296242	1398
296242	1425
296242	1426
296242	1726
296242	1766
296242	1833
296244	1327
296244	1348
296244	1351
296244	1370
296244	1373
296244	1374
296244	1421
296244	1422
296244	1423
296244	1425
297061	1341
297061	1348
297061	1355
297061	1361
297061	1371
297061	1373
297061	1391
297061	1396
297061	1407
297061	1422
297061	1425
297623	1327
297623	1348
297623	1358
297623	1368
297623	1381
297623	1405
298825	1348
298825	1377
298825	1384
298825	3056
299210	1346
299884	1396
300562	1294
300562	1296
300562	1300
300562	1301
300562	1303
300562	1304
300562	1305
300562	1309
300562	1310
300562	1311
300562	1312
300562	1319
300562	1320
300562	1324
300562	1325
300562	1326
300562	1327
300562	1329
300562	1331
300562	1333
300562	1336
300562	1338
300562	1339
300562	1340
300562	1342
300562	1343
300562	1346
300562	1349
300562	1350
300562	1351
300562	1355
300562	1357
300562	1359
300562	1362
300562	1363
300562	1364
300562	1365
300562	1366
300562	1367
300562	1369
300562	1372
300562	1375
300562	1377
300562	1378
300562	1381
300562	1384
300562	1385
300562	1386
300562	1387
300562	1388
301487	1348
301487	1361
301487	1373
301487	1392
301487	1421
301487	1426
302110	1293
302110	1294
302110	1300
302110	1303
302110	1305
302110	1308
302110	1317
302110	1327
302110	1331
302110	1351
302110	1352
302110	1357
302110	1358
302110	1362
302110	1364
302110	1367
302110	1370
302110	1372
302110	1374
302110	1377
302110	1378
302110	1380
302110	1392
302110	1400
302110	1492
302488	1333
302488	1339
302488	1346
302488	1348
302488	1354
302488	1364
302488	1367
302488	1377
302488	1378
302488	1387
302488	1400
302488	1410
302488	1433
302488	1506
302645	1348
302645	1351
302645	1392
302645	1398
302645	1399
302645	1409
302645	1459
303269	1320
303269	1329
303269	1343
303269	1365
303269	1368
303269	1370
303269	1373
303269	1374
303269	1379
303269	1380
303269	1385
303269	1388
303269	1390
303269	1398
303269	1401
303269	1415
305182	1374
305182	1376
305182	1382
305182	1418
305182	1420
305182	1421
305182	1542
306282	1348
306282	1361
306282	1370
306282	1372
306282	1373
306282	1374
306282	1379
306282	1388
306282	1392
306282	1399
306282	1402
306282	1404
306282	1409
306282	1411
306282	1414
306282	1418
306282	1421
306282	1422
306282	1423
306282	1424
306282	1425
306282	1426
306282	1427
306282	1433
306282	1434
306282	1435
306282	1445
306282	1460
306282	1470
306282	1473
306282	1474
306688	1354
306688	1361
306688	1365
306688	1368
306688	1370
306688	1371
306688	1372
306688	1373
306688	1374
306688	1379
306688	1380
306688	1384
306688	1385
306688	1388
306688	1390
306688	1398
306688	1401
306688	1406
306688	1411
306688	1415
306688	1420
306688	1432
306688	1433
306688	1435
306688	1471
306688	1476
307201	1326
307201	1327
307201	1338
307201	1340
307201	1348
307201	1350
307201	1351
307201	1352
307201	1355
307201	1357
307201	1359
307201	1362
307201	1364
307201	1365
307201	1367
307201	1370
307201	1371
307201	1372
307201	1373
307201	1374
307201	1375
307201	1377
307201	1378
307201	1381
307201	1392
307201	1400
307201	1401
307201	1405
307201	1410
307201	1413
307706	1320
307706	1321
307706	1338
307706	1348
307706	1361
307706	1368
307706	1373
307706	1385
307706	1388
307706	1401
307706	1466
308453	1327
308453	1331
308453	1340
308453	1343
308453	1349
308453	1350
308453	1362
308453	1365
308453	1374
308453	1381
308453	1385
308453	1387
308453	1390
308453	1392
308453	1400
308453	1407
308453	1410
308834	1304
308834	1311
308834	1315
308834	1316
308834	1317
308834	1318
308834	1319
308834	1320
308834	1322
308834	1324
308834	1325
308834	1327
308834	1329
308834	1331
308834	1332
308834	1333
308834	1335
308834	1337
308834	1338
308834	1339
308834	1345
308834	1346
308834	1350
308834	1351
308834	1353
308834	1354
308834	1357
308834	1359
308834	1362
308834	1366
308834	1370
308834	1371
308834	1372
308834	1373
308834	1374
308834	1375
308834	1377
308834	1379
308834	1381
308834	1384
308834	1385
308834	1386
308834	1387
308834	1391
308834	1392
309162	1368
309162	1390
309162	1392
309162	1398
309162	1404
309162	1420
309162	1421
309162	1424
309162	1439
309162	1446
309162	1455
309162	1459
309162	1464
309162	1465
309162	1471
309162	1476
309162	1496
309926	1348
309926	1361
309926	1388
309926	1401
309926	1414
309926	1421
309926	1422
309926	1451
309926	1457
309926	1477
310354	1297
310354	1300
310354	1301
310354	1302
310354	1303
310354	1304
310354	1305
310354	1318
310354	1319
310354	1320
310354	1322
310354	1323
310354	1324
310354	1325
310354	1326
310354	1327
310354	1329
310354	1330
310354	1331
310354	1333
310354	1335
310354	1338
310354	1339
310354	1340
310354	1342
310354	1343
310354	1344
310354	1345
310354	1346
310354	1348
310354	1349
310354	1350
310354	1351
310354	1352
310354	1353
310354	1354
310354	1355
310354	1357
310354	1359
310354	1362
310354	1363
310354	1364
310354	1365
310354	1367
310354	1369
310354	1370
310354	1371
310354	1372
310354	1373
310354	1374
310354	1375
310354	1376
310354	1377
310354	1378
310354	1381
310354	1382
310354	1385
310354	1386
310354	1387
310354	1389
310354	1390
310354	1391
310354	1392
310354	1395
310354	1396
310354	1397
310354	1400
310354	1401
310354	1402
310354	1403
310354	1405
310354	1406
310354	1407
310354	1409
310354	1413
310354	1418
310354	1420
310354	1423
310354	1425
310354	1433
310354	1434
310354	1441
310354	1454
310354	1460
310354	1462
310354	1475
310354	1492
310461	1424
310461	1426
310461	1432
310499	1348
310499	1368
310499	1379
310499	1388
310499	1458
310499	1482
310499	1562
310499	1606
312108	1337
312108	1361
312108	1366
312108	1368
312108	1370
312108	1379
312108	1398
312108	1404
312108	1420
312108	1440
312108	1442
312108	1466
312108	1471
312497	1314
312497	1316
312497	1317
312497	1319
312497	1320
312497	1322
312497	1323
312497	1324
312497	1325
312497	1326
312497	1327
312497	1329
312497	1330
312497	1331
312497	1332
312497	1333
312497	1335
312497	1336
312497	1338
312497	1339
312497	1340
312497	1342
312497	1343
312497	1345
312497	1346
312497	1348
312497	1349
312497	1350
312497	1351
312497	1352
312497	1353
312497	1354
312497	1355
312497	1364
312497	1365
312497	1366
312497	1367
312497	1370
312497	1372
312497	1373
312497	1374
312497	1375
312497	1377
312497	1378
312497	1381
312497	1382
312497	1384
312497	1388
312497	1390
312497	1398
312497	1402
312497	1404
312497	1407
312497	1415
313893	1361
313893	1390
313893	1454
314302	1384
314302	1392
314302	1404
314302	1405
314302	1410
314302	1418
314302	1424
314302	1460
315749	1321
315749	1338
315749	1392
315749	1419
315749	1427
315749	1460
315749	1580
315749	1685
316528	1364
316528	1380
316528	1388
316528	1392
316528	1404
316528	1414
316528	1434
318503	1321
318503	1323
318503	1351
318503	1352
318503	1354
318503	1356
318503	1361
318503	1362
318503	1364
318503	1365
318503	1367
318503	1371
318503	1372
318503	1373
318503	1374
318503	1375
318503	1378
318503	1379
318503	1382
318503	1387
318503	1388
318503	1389
318503	1392
318503	1399
318503	1401
318503	1402
318503	1405
318503	1406
318503	1410
318503	1411
318503	1413
318503	1414
318503	1415
318503	1418
318503	1419
318503	1420
318503	1425
318503	1426
318503	1432
318503	1434
318503	1435
318503	1441
318503	1452
318503	1457
318503	1477
318503	1494
318518	1348
318518	1358
318518	1368
318518	1390
318518	1392
318518	1396
318518	1401
318518	1404
318518	1418
318518	1426
318518	1427
318518	1430
318518	1435
318518	1442
318518	1457
318518	1463
318518	1464
318518	1466
318518	1484
318518	1492
318518	1603
318993	1377
318993	1384
318993	1398
318993	1406
318993	1408
318993	1414
318993	1416
318993	1417
318993	1424
318993	1425
318993	1426
318993	1427
318993	1429
318993	1432
318993	1433
318993	1435
318993	1445
318993	1460
318993	1466
318993	1470
319194	1460
319194	1492
320537	1293
320537	1294
320537	1296
320537	1297
320537	1300
320537	1301
320537	1302
320537	1304
320537	1305
320537	1308
320537	1309
320537	1311
320537	1312
320537	1314
320537	1315
320537	1316
320537	1317
320537	1318
320537	1319
320537	1320
320537	1322
320537	1324
320537	1325
320537	1327
320537	1330
320537	1331
320537	1332
320537	1335
320537	1336
320537	1338
320537	1339
320537	1346
320537	1350
320537	1353
320537	1354
320537	1357
320537	1362
320537	1363
320537	1364
320537	1365
320537	1366
320537	1367
320537	1369
320537	1370
320537	1371
320537	1373
320537	1374
320537	1377
320537	1378
320537	1382
320537	1386
320537	1387
320537	1390
320537	1392
320537	1400
320537	1401
320537	1402
320537	1425
321036	1373
321235	1321
321235	1323
321235	1327
321235	1348
321235	1354
321235	1368
321235	1370
321235	1379
321235	1392
321235	1405
321346	1338
321346	1354
321346	1355
321346	1372
321346	1375
321348	1348
321348	1355
321348	1370
321348	1373
321348	1374
321348	1384
321348	1396
321348	1400
321348	1401
321348	1406
321348	1413
321348	1415
321348	1457
321491	1358
321491	1368
321491	1392
321491	1395
321491	1416
321491	1424
321491	1427
321491	1434
322216	1293
322216	1300
322216	1301
322216	1302
322216	1303
322216	1308
322216	1309
322216	1314
322216	1319
322216	1320
322216	1322
322216	1325
322216	1328
322216	1331
322216	1333
322216	1335
322216	1336
322216	1339
322216	1340
322216	1342
322216	1343
322216	1346
322216	1348
322216	1349
322216	1353
322216	1354
322216	1357
322216	1359
322216	1363
322216	1366
322216	1369
322216	1370
322216	1372
322216	1374
322216	1376
322216	1377
322216	1378
322216	1381
322216	1382
322216	1385
322216	1386
322216	1388
322216	1397
322216	1403
322216	1409
322216	1410
322216	1418
322216	1420
322216	1433
322216	1441
322465	1321
322465	1323
322465	1326
322465	1327
322465	1328
322465	1330
322465	1332
322465	1335
322465	1340
322465	1344
322465	1346
322465	1348
322465	1350
322465	1351
322465	1352
322465	1353
322465	1357
322465	1358
322465	1360
322465	1364
322465	1366
322465	1368
322465	1370
322465	1373
322465	1376
322465	1379
322465	1381
322465	1382
322465	1383
322465	1385
322465	1388
322465	1392
322465	1395
322465	1403
322465	1405
322465	1418
322465	1420
322465	1423
322465	1459
322465	1489
322465	1717
322465	1757
322465	2318
322465	2490
322465	2510
322531	1321
322531	1330
322531	1338
322531	1339
322531	1345
322531	1346
322531	1353
322531	1368
322531	1370
322531	1371
322531	1378
322531	1379
322531	1381
322531	1382
322531	1384
322531	1387
322531	1389
322531	1401
322531	1403
322531	1406
322531	1409
322531	1462
322531	1492
324280	1348
324280	1355
324280	1373
324280	1387
324280	1390
324280	1392
324280	1398
324280	1408
324280	1418
324280	1421
325823	1307
325823	1323
325823	1339
325823	1348
325823	1368
325823	1373
325823	1396
325823	1416
326002	1363
326002	1379
326002	1392
326002	1409
326768	1320
326768	1321
326768	1338
326768	1368
326768	1388
326768	1402
326768	1405
326768	1408
326768	1422
326768	1426
326768	1427
326768	1463
326768	1464
326768	1494
326768	1512
326915	1348
326915	1368
326915	1392
326915	1426
327130	1329
327130	1348
327130	1354
327130	1360
327130	1361
327130	1369
327130	1370
327130	1371
327130	1378
327130	1379
327130	1380
327130	1384
327130	1385
327130	1387
327130	1388
327130	1390
327130	1391
327130	1392
327130	1396
327130	1398
327130	1399
327130	1401
327130	1404
327130	1411
327130	1413
327130	1414
327130	1415
327130	1418
327130	1420
327130	1421
327130	1422
327130	1423
327130	1424
327130	1425
327130	1427
327130	1434
327130	1445
327130	1457
327130	1460
327130	1462
327130	1467
327130	1470
327130	1471
327130	1474
327130	1476
327999	1348
327999	1392
327999	1427
329126	1471
329126	1628
329126	1745
329126	2369
330387	1392
330387	1426
330387	1435
330407	1348
330407	1355
330407	1363
330407	1373
330407	1374
330407	1379
330407	1390
330407	1392
330407	1399
330407	1413
330407	1419
330407	1423
330407	1471
332101	1348
332101	1392
332101	1424
332204	1374
332204	1392
332204	1414
332346	1367
332346	1373
332346	1378
334571	1348
334571	1370
334571	1372
334571	1388
334571	1418
334571	1434
334705	1373
334705	1379
334705	1390
334705	1492
334998	1392
334998	1404
334998	1421
334998	1422
334998	1435
334998	1459
