1750	3055
1750	3070
1750	3082
1750	3115
1750	3131
1750	3136
1750	3137
1750	3138
1750	3140
1750	3145
1750	3151
1750	3153
1750	3154
1750	3161
1750	3166
1750	3167
1750	3174
1750	3175
1750	3178
1750	3225
1750	3230
1750	3234
1750	3251
1791	3085
1791	3095
1791	3105
1791	3111
1791	3125
1791	3130
1791	3141
1791	3155
1791	3177
1791	3194
1791	3225
1791	3229
2068	3037
2068	3047
2068	3050
2068	3058
2068	3075
2068	3121
2068	3134
2068	3138
2068	3140
2068	3148
2068	3154
2068	3164
2068	3167
2068	3169
2068	3170
2068	3203
2068	3207
2068	3221
2068	3225
2068	3245
2068	3267
2068	3300
3306	3046
3306	3047
3306	3064
3306	3075
3306	3082
3306	3084
3306	3095
3306	3099
3306	3105
3306	3111
3306	3116
3306	3123
3306	3125
3306	3128
3306	3133
3306	3136
3306	3138
3306	3140
3306	3141
3306	3142
3306	3150
3306	3153
3306	3154
3306	3165
3306	3167
3306	3169
3306	3170
3306	3175
3306	3178
3306	3201
3306	3203
3306	3211
3306	3225
3306	3234
3306	3245
3306	3286
3651	3095
3651	3099
3651	3134
3651	3136
3651	3138
3651	3141
3651	3153
3651	3154
3651	3155
3651	3156
3651	3168
3651	3177
3651	3203
3651	3227
3651	3230
3892	3070
3892	3072
3892	3095
3892	3109
3892	3111
3892	3112
3892	3121
3892	3122
3892	3123
3892	3132
3892	3136
3892	3151
3892	3174
3892	3185
3892	3195
4805	3070
4805	3090
4805	3099
4805	3103
4805	3104
4805	3126
4805	3133
4805	3147
4805	3157
4805	3167
4805	3193
4805	3225
4805	3245
4805	3324
4966	3075
4966	3134
4966	3155
4966	3167
4966	3174
4966	3178
4966	3251
4966	3261
4966	3306
6237	3047
6237	3082
6237	3136
6237	3142
6237	3153
6237	3178
6648	3082
6648	3092
6648	3095
6648	3107
6648	3109
6648	3115
6648	3131
6648	3138
6648	3142
6648	3153
6648	3154
6648	3155
6648	3161
6648	3165
6648	3174
6648	3178
6648	3182
6690	3055
6690	3058
6690	3072
6690	3080
6690	3085
6690	3086
6690	3095
6690	3101
6690	3105
6690	3111
6690	3112
6690	3121
6690	3123
6690	3125
6690	3129
6690	3136
6690	3147
6690	3152
6690	3182
6690	3203
6935	3115
6935	3116
6935	3122
6935	3123
6935	3128
6935	3136
6935	3138
6935	3142
6935	3145
6935	3151
6935	3153
6935	3154
6935	3165
6935	3173
6935	3178
6935	3199
6935	3207
6935	3208
6935	3215
6935	3244
6935	3245
6935	3251
6935	3280
6935	3284
6935	3290
6935	3294
6935	3315
6935	3336
6935	3345
6935	3350
6935	3354
6935	3369
6935	3394
6935	3400
6935	3411
6935	3413
6935	3428
6935	3465
6935	3468
6935	3514
7146	3153
7146	3174
7146	3208
7146	3251
7146	3286
7490	3075
7490	3082
7490	3094
7490	3140
7490	3160
7490	3162
7490	3225
7784	3052
7784	3055
7784	3061
7784	3067
7784	3096
7784	3356
7808	3080
7808	3082
7808	3095
7808	3099
7808	3101
7808	3108
7808	3116
7808	3118
7808	3122
7808	3136
7808	3139
7808	3142
7808	3153
7808	3154
7808	3155
7808	3158
7808	3171
7808	3173
7808	3178
7808	3192
7808	3193
7808	3225
7808	3239
7886	3075
7886	3082
7886	3095
7886	3104
7886	3105
7886	3111
7886	3118
7886	3123
7886	3138
7886	3140
7886	3151
7886	3153
7886	3155
7886	3156
7886	3158
7886	3162
7886	3172
7886	3174
7886	3178
7886	3209
7886	3215
7886	3225
7886	3234
7886	3245
7886	3267
7886	3286
7886	3310
9386	3035
9386	3039
9386	3042
9386	3043
9386	3044
9386	3047
9386	3051
9386	3052
9386	3055
9386	3059
9386	3061
9386	3064
9386	3066
9386	3069
9386	3071
9386	3072
9386	3074
9386	3077
9386	3078
9386	3079
9386	3082
9386	3084
9386	3085
9386	3086
9386	3087
9386	3088
9386	3092
9386	3093
9386	3094
9386	3096
9386	3099
9386	3102
9386	3103
9386	3104
9386	3105
9386	3108
9386	3110
9386	3112
9386	3114
9386	3115
9386	3117
9386	3119
9386	3120
9386	3121
9386	3123
9386	3124
9386	3125
9386	3126
9386	3129
9386	3133
9386	3135
9386	3137
9386	3146
9919	3151
9919	3155
9919	3165
10031	3038
10031	3047
10031	3072
10031	3082
10031	3100
10031	3126
10031	3133
10031	3138
10031	3145
10031	3153
10031	3154
10031	3155
10031	3163
10031	3167
10031	3169
10031	3177
10031	3178
10031	3187
10031	3225
10223	3038
10223	3050
10223	3052
10223	3055
10223	3061
10223	3064
10223	3067
10223	3072
10223	3077
10223	3078
10223	3093
10223	3096
10223	3098
10223	3099
10223	3101
10223	3102
10223	3103
10223	3104
10223	3107
10223	3111
10223	3112
10223	3113
10223	3117
10223	3120
10223	3125
10223	3131
10223	3132
10223	3133
10223	3134
10223	3135
10223	3136
10223	3138
10223	3197
10223	3218
10223	3272
10223	3387
10223	3388
10223	3416
10252	3095
10252	3122
10252	3140
10252	3141
10252	3151
10252	3153
10252	3154
10252	3164
10252	3173
10252	3174
10252	3176
10252	3180
10252	3194
10252	3211
10252	3245
10252	3260
10252	3286
10252	3392
11945	3123
11945	3145
11945	3225
11945	3252
11945	3256
12604	3094
12604	3138
12604	3142
12604	3146
12604	3178
12604	3222
13361	3046
13361	3082
13361	3092
13361	3095
13361	3116
13361	3123
13361	3133
13361	3135
13361	3174
13361	3178
13361	3261
13361	3267
13361	3315
15947	3153
15947	3154
15947	3155
15947	3168
15947	3178
15947	3195
15947	3207
15947	3286
16033	3082
16033	3092
16033	3153
16033	3169
16033	3178
16339	3026
16339	3027
16339	3029
16339	3031
16339	3033
16339	3039
16339	3046
16339	3047
16339	3050
16339	3058
16339	3068
16339	3072
16339	3090
16339	3099
16339	3103
16339	3112
16339	3114
16339	3123
16339	3129
16339	3136
16339	3138
16339	3140
16339	3141
16339	3149
16339	3156
16339	3157
16339	3158
16339	3168
16339	3201
16339	3211
16339	3225
16385	3103
16385	3109
16385	3126
16385	3138
16385	3146
16385	3151
16385	3153
16385	3178
16385	3186
16385	3225
17064	3041
17064	3050
17064	3075
17064	3095
17064	3115
17064	3118
17064	3119
17064	3125
17064	3129
17064	3133
17064	3135
17064	3140
17064	3148
17064	3153
17064	3154
17064	3158
17064	3160
17064	3165
17064	3166
17064	3177
17064	3182
17064	3225
17064	3227
18825	3116
19141	3138
19141	3140
19141	3153
19141	3178
20447	3063
20447	3069
20447	3082
20447	3084
20447	3092
20447	3099
20447	3101
20447	3103
20447	3104
20447	3106
20447	3116
20447	3118
20447	3122
20447	3123
20447	3128
20447	3131
20447	3136
20447	3137
20447	3140
20447	3142
20447	3146
20447	3148
20447	3151
20447	3154
20447	3156
20447	3158
20447	3159
20447	3165
20447	3171
20447	3173
20447	3174
20447	3177
20447	3178
20447	3182
20447	3185
20447	3193
20447	3195
20447	3225
20447	3234
20447	3251
20447	3256
20447	3267
20447	3270
23192	3082
23192	3122
23192	3155
23192	3178
23192	3225
24134	3038
24134	3082
24134	3118
24134	3122
24134	3123
24134	3128
24134	3131
24134	3136
24134	3138
24134	3154
24134	3158
24134	3165
24134	3166
24217	3058
24217	3095
24217	3105
24217	3111
24217	3140
24217	3149
24217	3167
24217	3178
24217	3203
24217	3225
24217	3274
24371	3073
24371	3075
24371	3080
24371	3082
24371	3084
24371	3095
24371	3097
24371	3099
24371	3101
24371	3107
24371	3111
24371	3119
24371	3123
24371	3128
24371	3131
24371	3133
24371	3136
24371	3142
24371	3147
24371	3153
24371	3154
24371	3155
24371	3156
24371	3158
24371	3160
24371	3168
24371	3171
24371	3177
24371	3178
24371	3203
24371	3225
24371	3256
24371	3300
26712	3035
26712	3036
26712	3044
26712	3047
26712	3050
26712	3052
26712	3063
26712	3066
26712	3073
26712	3074
26712	3076
26712	3082
26712	3086
26712	3099
26712	3112
26712	3114
26712	3118
26712	3119
26712	3123
26712	3140
26712	3144
26712	3157
26712	3177
26712	3182
26712	3187
26712	3239
27321	3082
27321	3105
27321	3153
27321	3154
27321	3178
27501	3038
27501	3082
27501	3104
27501	3112
27501	3134
27501	3139
27501	3170
29255	3012
29255	3015
29255	3017
29255	3019
29255	3020
29255	3021
29255	3022
29255	3025
29255	3026
29255	3027
29255	3028
29255	3029
29255	3031
29255	3032
29255	3033
29255	3034
29255	3035
29255	3036
29255	3040
29255	3042
29255	3048
29255	3049
29255	3050
29255	3052
29255	3055
29255	3059
29255	3063
29255	3064
29255	3067
29255	3070
29255	3071
29255	3072
29255	3073
29255	3077
29255	3078
29255	3082
29255	3084
29255	3085
29255	3086
29255	3087
29255	3088
29255	3096
29255	3099
29255	3101
29255	3102
29255	3103
29255	3104
29255	3107
29255	3108
29255	3109
29255	3111
29255	3112
29255	3113
29255	3115
29255	3117
29255	3119
29255	3120
29255	3124
29255	3125
29255	3126
29255	3129
29255	3131
29255	3132
29255	3133
29255	3134
29255	3135
29255	3136
29255	3138
29255	3141
29255	3142
29255	3144
29255	3145
29255	3146
29255	3147
29255	3150
29255	3151
29255	3152
29255	3153
29255	3154
29255	3156
29255	3157
29255	3160
29255	3162
29255	3178
29255	3185
29255	3193
29778	3082
29778	3123
29778	3136
29778	3138
29778	3140
29778	3153
29778	3161
29778	3167
29778	3174
29778	3175
29778	3178
29778	3207
29778	3217
29778	3234
29778	3239
29778	3251
30733	3058
30733	3140
33540	3055
33540	3059
33540	3086
33540	3095
33540	3111
33540	3125
33540	3126
33540	3135
33540	3168
34154	3123
34154	3128
34154	3131
34154	3138
34154	3152
34154	3153
34154	3154
34154	3178
34154	3215
34154	3225
34154	3234
34611	3075
34611	3090
35478	3012
35478	3014
35478	3015
35478	3019
35478	3020
35478	3021
35478	3022
35478	3025
35478	3037
35478	3051
35478	3055
35478	3064
35478	3067
35478	3070
35478	3073
35478	3074
35478	3077
35478	3079
35478	3084
35478	3086
35478	3087
35478	3088
35478	3092
35478	3094
35478	3099
35478	3101
35478	3104
35478	3105
35478	3107
35478	3108
35478	3109
35478	3110
35478	3111
35478	3112
35478	3113
35478	3115
35478	3117
35478	3122
35478	3123
35478	3124
35478	3126
35478	3130
35478	3133
35478	3135
35478	3141
35478	3142
35478	3143
35478	3145
35478	3147
35478	3148
35478	3151
35478	3157
35713	3038
35713	3053
35713	3058
35713	3079
35713	3082
35713	3114
35713	3115
35713	3125
35713	3152
35713	3153
35713	3154
35713	3166
35713	3252
35966	3046
35966	3082
35966	3111
35966	3123
35966	3128
35966	3136
35966	3138
35966	3139
35966	3153
35966	3154
35966	3178
35966	3225
35966	3245
35966	3252
36790	3082
36790	3154
36790	3178
36790	3225
37043	3075
37043	3098
37043	3111
37043	3123
37043	3146
37043	3154
37043	3166
37043	3168
38013	3063
38013	3064
38013	3086
38013	3094
38013	3096
38013	3099
38013	3102
38013	3105
38013	3109
38013	3110
38013	3112
38013	3113
38013	3115
38013	3119
38013	3120
38013	3121
38013	3129
38013	3130
38013	3131
38013	3132
38013	3133
38013	3138
38013	3141
38013	3143
38013	3144
38013	3147
38013	3150
38013	3162
38013	3166
38013	3168
38013	3182
38479	3046
38479	3050
38479	3051
38479	3053
38479	3055
38479	3058
38479	3063
38479	3075
38479	3082
38479	3084
38479	3085
38479	3086
38479	3090
38479	3094
38479	3095
38479	3097
38479	3103
38479	3105
38479	3106
38479	3107
38479	3111
38479	3114
38479	3116
38479	3118
38479	3119
38479	3121
38479	3123
38479	3125
38479	3126
38479	3128
38479	3129
38479	3130
38479	3131
38479	3132
38479	3136
38479	3137
38479	3138
38479	3140
38479	3142
38479	3145
38479	3146
38479	3147
38479	3148
38479	3150
38479	3153
38479	3154
38479	3157
38479	3163
38479	3166
38479	3167
38479	3168
38479	3171
38479	3174
38479	3177
38479	3178
38479	3182
38479	3186
38479	3195
38479	3198
38479	3203
38479	3207
38479	3225
38479	3226
38479	3227
38479	3252
38479	3267
38479	3274
38479	3286
38479	3297
38479	3300
39142	3108
39142	3136
39142	3138
39142	3152
39142	3153
39142	3154
39142	3173
39142	3178
39142	3180
39142	3192
39142	3267
39275	3153
39275	3186
40242	3020
40242	3022
40242	3031
40242	3033
40242	3041
40242	3050
40242	3057
40242	3059
40242	3065
40242	3075
40242	3077
40242	3079
40242	3094
40242	3143
40242	3148
40242	3419
40556	3069
40556	3075
40556	3082
40556	3151
40556	3153
40556	3178
40963	3047
40963	3080
40963	3099
40963	3121
40963	3123
40963	3138
40963	3140
40963	3221
40963	3286
40963	3392
43096	3021
43096	3038
43096	3153
43362	3014
43362	3015
43362	3016
43362	3017
43362	3019
43362	3020
43362	3021
43362	3022
43362	3023
43362	3024
43362	3027
43362	3029
43362	3031
43362	3033
43362	3034
43362	3036
43362	3037
43362	3038
43362	3040
43362	3042
43362	3044
43362	3047
43362	3048
43362	3049
43362	3050
43362	3051
43362	3052
43362	3055
43362	3060
43362	3061
43362	3064
43362	3067
43362	3069
43362	3070
43362	3071
43362	3072
43362	3073
43362	3074
43362	3079
43362	3080
43362	3084
43362	3085
43362	3091
43362	3092
43362	3093
43362	3094
43362	3095
43362	3096
43362	3101
43362	3102
43362	3112
43362	3113
43362	3114
43362	3117
43362	3119
43362	3120
43362	3121
43362	3124
43362	3125
43362	3126
43362	3127
43362	3129
43362	3130
43362	3131
43362	3134
43362	3138
43362	3144
43362	3145
43362	3146
43362	3148
43362	3151
43362	3154
43362	3157
43362	3170
43362	3239
48570	3095
48570	3128
48570	3138
48570	3147
48570	3155
48570	3170
48570	3178
48570	3195
49279	3037
49279	3059
49279	3095
49279	3111
49279	3123
49279	3125
49279	3132
49279	3133
49279	3135
49279	3145
49279	3147
49279	3152
49279	3168
49279	3169
49279	3171
49279	3177
49508	3037
49508	3075
49508	3094
49508	3105
49508	3133
49508	3140
49508	3148
49508	3160
49508	3162
49508	3170
49508	3227
49508	3348
49763	3090
49763	3107
49763	3249
49763	3271
49763	3315
49939	3012
49939	3014
49939	3015
49939	3017
49939	3023
49939	3024
49939	3026
49939	3027
49939	3031
49939	3036
49939	3120
49939	3121
49939	3122
49939	3123
49939	3124
49939	3125
49939	3126
49939	3130
49939	3131
49939	3132
49939	3133
49939	3134
49939	3135
50354	3038
50354	3042
50354	3044
50354	3049
50354	3050
50354	3055
50354	3059
50354	3071
50354	3072
50354	3073
50354	3079
50354	3084
50354	3085
50354	3086
50354	3087
50354	3088
50354	3092
50354	3093
50354	3096
50354	3098
50354	3099
50354	3102
50354	3103
50354	3104
50354	3107
50354	3111
50354	3112
50354	3117
50354	3124
50354	3126
50354	3130
50354	3132
50354	3133
50354	3134
50354	3135
50354	3136
50354	3137
50354	3138
50354	3139
50354	3141
50354	3142
50354	3143
50354	3145
50354	3146
50354	3147
50354	3148
50354	3151
50354	3152
50354	3157
50354	3267
50714	3093
50714	3147
50714	3162
51394	3116
51394	3123
51394	3136
51394	3138
51394	3142
51394	3153
51394	3154
51394	3174
51394	3175
51394	3178
51394	3179
51394	3180
51394	3195
51394	3205
51394	3207
51394	3208
51394	3218
51394	3225
51394	3229
51394	3234
51394	3245
51394	3251
51394	3329
51408	3154
51408	3174
51408	3175
51566	3124
51566	3142
51566	3153
51566	3154
51566	3171
51581	3055
51581	3093
51581	3110
51581	3138
51581	3174
51581	3175
51581	3178
51581	3190
51581	3205
51581	3216
51581	3224
51581	3225
51581	3230
51581	3245
51581	3251
51581	3254
51581	3266
51581	3286
51581	3294
51581	3315
51581	3329
54970	3058
54970	3148
54970	3171
54970	3192
55063	3039
55063	3041
55063	3042
55063	3053
55063	3058
55063	3069
55063	3070
55063	3073
55063	3075
55063	3082
55063	3084
55063	3090
55063	3092
55063	3094
55063	3097
55063	3103
55063	3105
55063	3106
55063	3107
55063	3114
55063	3119
55063	3121
55063	3125
55063	3128
55063	3133
55063	3136
55063	3138
55063	3139
55063	3143
55063	3145
55063	3147
55063	3148
55063	3150
55063	3154
55063	3155
55063	3156
55063	3157
55063	3158
55063	3160
55063	3166
55063	3167
55063	3171
55063	3182
55063	3185
55063	3189
55063	3225
55063	3256
55063	3300
55401	3122
55401	3140
55401	3159
55401	3161
55401	3163
55401	3165
55401	3171
55401	3199
55634	3123
55634	3136
55634	3138
55634	3140
55634	3153
55634	3154
55634	3178
55828	3103
55828	3123
55828	3136
55828	3145
55828	3175
55828	3178
56783	3046
56783	3082
56783	3095
56783	3123
56783	3128
56783	3133
56783	3140
56783	3153
56783	3154
56783	3234
56783	3245
57311	3012
57311	3015
57311	3022
57311	3025
57311	3029
57311	3034
57311	3036
57311	3042
57311	3049
57311	3051
57311	3052
57311	3055
57311	3059
57311	3062
57311	3064
57311	3065
57311	3066
57311	3067
57311	3069
57311	3070
57311	3071
57311	3072
57311	3073
57311	3074
57311	3075
57311	3076
57311	3077
57311	3078
57311	3079
57311	3080
57311	3084
57311	3085
57311	3091
57311	3092
57311	3095
57311	3096
57311	3099
57311	3101
57311	3102
57311	3104
57311	3108
57311	3109
57311	3112
57311	3114
57311	3115
57311	3119
57311	3121
57311	3122
57311	3123
57311	3124
57311	3125
57311	3126
57311	3127
57311	3129
57311	3153
58236	3116
58236	3178
58236	3251
58236	3252
59154	3046
59154	3082
59154	3138
59154	3175
59154	3190
59266	3123
59266	3125
59266	3138
59266	3154
59323	3053
59323	3128
59323	3132
59733	3038
59733	3047
59733	3055
59733	3079
59733	3082
59733	3103
59733	3109
59733	3118
59733	3131
59733	3136
59733	3137
59733	3138
59733	3140
59733	3141
59733	3154
59733	3178
59733	3182
59733	3200
59733	3207
59733	3209
59733	3214
59733	3236
59733	3247
59733	3319
60244	3140
60244	3154
60244	3175
60244	3178
60244	3190
60244	3234
60597	3123
60597	3128
60597	3131
60597	3136
60597	3138
60597	3140
60597	3142
60597	3146
60597	3154
60597	3178
60597	3225
60597	3234
60597	3310
60986	3046
60986	3047
60986	3050
60986	3058
60986	3063
60986	3082
60986	3086
60986	3092
60986	3099
60986	3112
60986	3115
60986	3116
60986	3118
60986	3122
60986	3123
60986	3124
60986	3128
60986	3131
60986	3132
60986	3138
60986	3140
60986	3142
60986	3145
60986	3146
60986	3148
60986	3152
60986	3153
60986	3154
60986	3155
60986	3156
60986	3158
60986	3171
60986	3172
60986	3174
60986	3175
60986	3178
60986	3191
60986	3203
60986	3205
60986	3208
60986	3218
60986	3224
60986	3225
60986	3234
60986	3237
60986	3242
60986	3290
60986	3292
60986	3295
60986	3296
60986	3300
60986	3304
60986	3312
60986	3341
60986	3377
60986	3455
60986	3463
61760	3046
61760	3132
61760	3134
61760	3169
61892	3008
61892	3029
61892	3067
61892	3085
61892	3118
61892	3129
61892	3131
61892	3134
61892	3177
62161	3089
62161	3095
62161	3140
62161	3167
62161	3168
62161	3221
62161	3225
62161	3253
62161	3286
62341	3041
62341	3046
62341	3050
62341	3055
62341	3063
62341	3067
62341	3085
62341	3086
62341	3092
62341	3097
62341	3106
62341	3107
62341	3111
62341	3112
62341	3113
62341	3119
62341	3124
62341	3126
62341	3129
62341	3132
62341	3140
62341	3148
62341	3150
62341	3151
62341	3153
62341	3154
62341	3155
62341	3156
62341	3158
62341	3164
62341	3171
62341	3173
62341	3176
62341	3177
62341	3178
62341	3185
62341	3189
62341	3198
62341	3201
62341	3207
62341	3225
62341	3226
62341	3239
62341	3252
62341	3256
62341	3267
62341	3270
62341	3392
63772	3125
63772	3140
63772	3167
63772	3174
63772	3274
64080	3075
64080	3095
64080	3138
64080	3151
64080	3152
64080	3154
64080	3171
64080	3178
64080	3203
64080	3207
64829	3046
64829	3047
64829	3175
65398	3010
65398	3015
65398	3017
65398	3019
65398	3020
65398	3022
65398	3023
65398	3024
65398	3031
65398	3033
65398	3034
65398	3035
65398	3036
65398	3038
65398	3042
65398	3052
65398	3055
65398	3059
65398	3060
65398	3061
65398	3063
65398	3069
65398	3072
65398	3079
65398	3082
65398	3083
65398	3085
65398	3099
65398	3104
65398	3111
65398	3112
65398	3115
65398	3118
65398	3119
65398	3121
65398	3123
65398	3124
65398	3125
65398	3131
65398	3137
65398	3144
65398	3145
65398	3152
65398	3160
65398	3172
65398	3189
65398	3256
66068	3037
66068	3132
67353	3132
67461	3053
67461	3069
67461	3070
67461	3075
67461	3082
67461	3084
67461	3092
67461	3095
67461	3099
67461	3104
67461	3106
67461	3111
67461	3114
67461	3115
67461	3116
67461	3119
67461	3122
67461	3123
67461	3124
67461	3125
67461	3128
67461	3130
67461	3131
67461	3133
67461	3136
67461	3138
67461	3140
67461	3141
67461	3142
67461	3143
67461	3145
67461	3146
67461	3148
67461	3150
67461	3151
67461	3153
67461	3154
67461	3155
67461	3158
67461	3159
67461	3161
67461	3162
67461	3166
67461	3167
67461	3173
67461	3174
67461	3178
67461	3180
67461	3182
67461	3185
67461	3186
67461	3195
67461	3203
67461	3207
67461	3215
67461	3221
67461	3222
67461	3225
67461	3226
67461	3227
67461	3234
67461	3235
67461	3236
67461	3245
67461	3252
67461	3256
67461	3274
67461	3275
67461	3286
67461	3297
67461	3300
67976	3038
67976	3055
67976	3084
67976	3225
67976	3227
69326	3051
69326	3122
69326	3161
69326	3177
69326	3194
69326	3195
69367	3086
70527	3041
70527	3046
70527	3047
70527	3051
70527	3058
70527	3082
70527	3104
70527	3122
70527	3134
70527	3135
70527	3152
70527	3153
70527	3154
70527	3156
70527	3158
70527	3178
70527	3203
70527	3205
70527	3225
70725	3070
70725	3082
70725	3085
70725	3095
70725	3112
70725	3115
70725	3116
70725	3122
70725	3136
70725	3138
70725	3139
70725	3147
70725	3151
70725	3161
70725	3171
70725	3174
70725	3178
70725	3193
70725	3257
74146	3054
74146	3100
74146	3119
74146	3133
74146	3155
74146	3256
74489	3055
74489	3075
74489	3115
74489	3125
74489	3141
74489	3153
74489	3162
74489	3165
74489	3211
74489	3407
75277	3111
75277	3119
75277	3122
75277	3138
75277	3140
75277	3156
75277	3158
75277	3165
75277	3189
75277	3225
75729	3067
75729	3088
75729	3095
75729	3118
75729	3122
75729	3137
75729	3139
75729	3168
75729	3178
75729	3181
75729	3182
75729	3201
75729	3225
76710	3033
76710	3038
76710	3050
76710	3059
76710	3064
76710	3067
76710	3079
76710	3082
76710	3086
76710	3101
76710	3119
76710	3121
76710	3129
76710	3143
76770	3046
76770	3067
76770	3082
76770	3086
76770	3103
76770	3122
76770	3123
76770	3124
76770	3126
76770	3128
76770	3132
76770	3136
76770	3138
76770	3140
76770	3142
76770	3154
76770	3165
76770	3169
76770	3178
76770	3193
76903	3018
76903	3019
76903	3024
76903	3027
76903	3028
76903	3032
76903	3079
76903	3095
76903	3096
76903	3099
76903	3103
76903	3104
76903	3109
76903	3115
76903	3116
76903	3117
76903	3122
76903	3123
76903	3124
76903	3128
76903	3133
76903	3145
76903	3155
76903	3158
76903	3169
76903	3172
76903	3193
76903	3195
76903	3245
77722	3016
77722	3020
77722	3021
77722	3022
77722	3024
77722	3027
77722	3031
77722	3033
77722	3036
77722	3038
77722	3040
77722	3047
77722	3048
77722	3051
77722	3055
77722	3060
77722	3069
77722	3075
77722	3076
77722	3077
77722	3080
77722	3085
77722	3086
77722	3090
77722	3091
77722	3099
77722	3104
77722	3106
77722	3109
77722	3112
77722	3114
77722	3120
77722	3121
77722	3137
77722	3141
77722	3142
77722	3148
77722	3150
77722	3151
77722	3153
77722	3154
77722	3155
77735	3111
77735	3121
77735	3150
77735	3190
77735	3194
77735	3247
77735	3425
79123	3122
79123	3140
79123	3152
79123	3154
79123	3226
80640	3099
80640	3103
80640	3104
80640	3133
80640	3137
80640	3139
80640	3140
80640	3151
80640	3153
80640	3156
80640	3158
80640	3167
80640	3168
80640	3177
80640	3226
80640	3245
80640	3253
80640	3271
80640	3392
83962	3050
83962	3123
83962	3128
83962	3138
83962	3142
83962	3169
83962	3174
83962	3234
83962	3260
84151	3082
84151	3140
84151	3154
84151	3203
85202	3101
85202	3122
86243	3109
86243	3122
86243	3132
86243	3142
86243	3154
86243	3173
86243	3178
86809	3101
86809	3133
86809	3134
86809	3203
86809	3205
86809	3216
86809	3225
87923	3047
87923	3050
87923	3072
87923	3075
87923	3108
87923	3123
87923	3133
87923	3136
87923	3140
87923	3144
87923	3152
87923	3153
87923	3154
87923	3167
87923	3168
87923	3174
87923	3178
87923	3203
87923	3221
87923	3225
87923	3234
87923	3245
87923	3253
87923	3274
87923	3286
87923	3331
87923	3516
89465	3123
89465	3140
89465	3174
89465	3175
89465	3178
90015	3014
90015	3015
90015	3019
90015	3020
90015	3021
90015	3037
90015	3059
90015	3067
90015	3072
90015	3082
90015	3086
90015	3092
90015	3095
90015	3096
90015	3099
90015	3102
90015	3103
90015	3104
90015	3107
90015	3109
90015	3112
90015	3113
90015	3115
90015	3117
90015	3124
90015	3126
90015	3127
90015	3130
90015	3131
90015	3133
90015	3134
90015	3135
90015	3136
90015	3143
90015	3146
90015	3147
90015	3148
90015	3153
90015	3154
90015	3157
90015	3158
90015	3168
90015	3171
90015	3172
90015	3203
90015	3246
90015	3499
92675	3038
92675	3051
92675	3084
92675	3104
92675	3133
92675	3138
92675	3153
92675	3163
92675	3167
92675	3170
92675	3171
92675	3178
92675	3186
92675	3194
92675	3216
92675	3225
92675	3239
92675	3251
92675	3274
94173	3052
94173	3085
94173	3095
94173	3105
94173	3109
94173	3111
94173	3112
94173	3125
94173	3126
94173	3131
94173	3141
94173	3147
94173	3150
94173	3164
94173	3168
94173	3173
94173	3185
94173	3392
94528	3050
94528	3058
94528	3072
94528	3082
94528	3116
94528	3118
94528	3122
94528	3128
94528	3131
94528	3135
94528	3139
94528	3147
94528	3148
94528	3166
94528	3167
94528	3168
94528	3169
94528	3170
94528	3178
94528	3181
94528	3187
94528	3203
94528	3225
94528	3245
95924	3168
95947	3082
95947	3116
95947	3122
95947	3123
95947	3136
95947	3138
95947	3142
95947	3178
96523	3014
96523	3015
96523	3017
96523	3020
96523	3022
96523	3024
96523	3027
96523	3028
96523	3030
96523	3031
96523	3034
96523	3037
96523	3038
96523	3040
96523	3041
96523	3042
96523	3047
96523	3048
96523	3049
96523	3050
96523	3053
96523	3055
96523	3057
96523	3067
96523	3072
96523	3079
96523	3102
96523	3103
96523	3104
96523	3107
96523	3109
96523	3112
96523	3113
96523	3118
96523	3124
96523	3126
96523	3127
96523	3137
96523	3139
96523	3143
96523	3144
96523	3148
96523	3156
96523	3164
96523	3205
96523	3236
96523	3248
96523	3250
96523	3292
96523	3299
96523	3358
96523	3368
97254	3083
97254	3111
97254	3123
97254	3136
97254	3152
97254	3178
97254	3239
97254	3245
98300	3082
98300	3104
98300	3123
98300	3126
98300	3174
98300	3175
98300	3205
98300	3208
98300	3227
99994	3051
99994	3080
99994	3101
99994	3108
99994	3129
99994	3133
99994	3135
99994	3157
99994	3164
99994	3181
99994	3182
99994	3186
99994	3192
99994	3207
99994	3208
101035	3041
101035	3050
101035	3052
101035	3053
101035	3055
101035	3057
101035	3058
101035	3061
101035	3063
101035	3064
101035	3067
101035	3069
101035	3071
101035	3072
101035	3073
101035	3075
101035	3076
101035	3078
101035	3079
101035	3080
101035	3082
101035	3083
101035	3084
101035	3086
101035	3090
101035	3092
101035	3095
101035	3096
101035	3098
101035	3099
101035	3101
101035	3103
101035	3108
101035	3110
101035	3111
101035	3112
101035	3113
101035	3114
101035	3115
101035	3116
101035	3118
101035	3119
101035	3121
101035	3122
101035	3123
101035	3124
101035	3125
101035	3126
101035	3128
101035	3129
101035	3130
101035	3131
101035	3132
101035	3133
101035	3135
101035	3136
101035	3137
101035	3138
101035	3139
101035	3142
101035	3143
101035	3144
101035	3145
101035	3146
101035	3147
101035	3148
101035	3149
101035	3150
101035	3151
101035	3152
101035	3153
101035	3154
101035	3155
101035	3157
101035	3158
101035	3167
101035	3173
101035	3178
101035	3181
101035	3186
101035	3189
101035	3201
101035	3221
101035	3225
101035	3257
101035	3274
102218	3123
102218	3205
102218	3226
102431	3019
102431	3023
102431	3024
102431	3036
102431	3041
102431	3045
102431	3047
102431	3049
102431	3050
102431	3051
102431	3054
102431	3057
102431	3058
102431	3062
102431	3069
102431	3084
102431	3086
102431	3090
102431	3091
102431	3093
102431	3098
102431	3100
102431	3101
102431	3104
102431	3114
102431	3127
102431	3132
102431	3133
102431	3135
102431	3138
102431	3143
102431	3149
102431	3155
102431	3158
102431	3168
102431	3170
102431	3186
102431	3203
102431	3239
102431	3256
102431	3286
102431	3305
102431	3336
103576	3082
103576	3105
106844	3058
106844	3075
106844	3084
106844	3095
106844	3104
106844	3125
106844	3138
106844	3140
106844	3165
106844	3199
106844	3203
106844	3233
106844	3245
106844	3252
106844	3253
106844	3286
107086	3160
107155	3046
107155	3079
107155	3135
107155	3142
107155	3169
107155	3252
110238	3049
110238	3054
110238	3058
110238	3102
110238	3148
110238	3167
110238	3184
110238	3202
110238	3245
110510	3023
110510	3059
110510	3066
110510	3069
110510	3070
110510	3071
110510	3080
110510	3085
110510	3086
110510	3087
110510	3103
110510	3104
110510	3105
110510	3106
110510	3111
110510	3118
110510	3119
110510	3123
110510	3125
110510	3129
110510	3130
110510	3131
110510	3133
110510	3141
110510	3162
110510	3181
110545	3125
110545	3134
110545	3136
110545	3141
110545	3178
110545	3216
110545	3235
110545	3245
110545	3286
111058	3038
111058	3083
111058	3104
111058	3109
111058	3175
111290	3031
111290	3038
111290	3047
111290	3048
111290	3050
111290	3055
111290	3063
111290	3064
111290	3066
111290	3067
111290	3069
111290	3070
111290	3072
111290	3074
111290	3082
111290	3084
111290	3086
111290	3094
111290	3095
111290	3097
111290	3099
111290	3101
111290	3104
111290	3106
111290	3111
111290	3112
111290	3123
111290	3125
111290	3131
111290	3132
111290	3133
111290	3134
111290	3141
111290	3144
111290	3145
111290	3146
111290	3147
111290	3148
111290	3151
111290	3153
111290	3161
111290	3165
111290	3166
111290	3171
111290	3177
111290	3195
111290	3196
111290	3197
111290	3199
111290	3204
111290	3208
111290	3238
112430	3082
112430	3116
112430	3123
112430	3140
112430	3152
112430	3153
112430	3154
112430	3161
112430	3167
112430	3178
112430	3234
113007	3153
113007	3161
113007	3260
113007	3286
113173	3082
113173	3123
113173	3136
113173	3140
113173	3154
113173	3161
113173	3286
113217	3008
113217	3036
113217	3037
113217	3038
113217	3039
113217	3040
113217	3042
113217	3044
113217	3047
113217	3048
113217	3049
113217	3051
113217	3052
113217	3058
113217	3061
113217	3064
113217	3065
113217	3066
113217	3067
113217	3079
113217	3096
113217	3109
113217	3110
113217	3113
113217	3114
113217	3115
113217	3121
113217	3126
113217	3134
113217	3135
113217	3144
113217	3170
114161	3046
114161	3079
114161	3084
114161	3106
114161	3109
114161	3115
114161	3132
114161	3135
114161	3136
114161	3178
114908	3082
114908	3104
114908	3111
114908	3122
114908	3123
114908	3124
114908	3128
114908	3136
114908	3138
114908	3159
114908	3165
114908	3168
114908	3174
114908	3178
114908	3195
114908	3215
114908	3252
114908	3267
116322	3058
116322	3075
116322	3097
116322	3153
116322	3178
116322	3245
116322	3252
118125	3095
118125	3111
118125	3115
118125	3119
118125	3147
118125	3167
118125	3175
118125	3203
118125	3225
118320	3058
118320	3095
118320	3167
118320	3175
118320	3178
118320	3203
118320	3216
118320	3221
118320	3225
118476	3055
118476	3131
118476	3138
118476	3142
118476	3153
118476	3178
118476	3225
118522	3069
118522	3075
118522	3080
118522	3094
118522	3095
118522	3099
118522	3101
118522	3104
118522	3105
118522	3111
118522	3119
118522	3123
118522	3133
118522	3136
118522	3138
118522	3140
118522	3150
118522	3153
118522	3154
118522	3158
118522	3160
118522	3165
118522	3174
118522	3178
118522	3186
118522	3203
118522	3205
118522	3225
118522	3239
118522	3252
118522	3256
118522	3286
118522	3300
121103	3092
121103	3114
121103	3136
121103	3178
121103	3195
121103	3234
124345	3136
124345	3141
124345	3155
124345	3171
124345	3221
124345	3225
124345	3235
124345	3243
124345	3253
124345	3256
124345	3257
124345	3274
126485	3103
126485	3123
126485	3128
126485	3136
126485	3137
126485	3138
126485	3142
126485	3145
126485	3153
126485	3177
126485	3178
126485	3196
126485	3207
126485	3215
126485	3222
126485	3225
126485	3234
126485	3245
126606	3154
126606	3155
126606	3156
126606	3158
126606	3173
126623	3103
126623	3177
126623	3203
127739	3046
127739	3047
127739	3140
127739	3178
127739	3225
127771	3010
127771	3037
127771	3039
127771	3053
127771	3063
127771	3064
127771	3067
127771	3070
127771	3071
127771	3072
127771	3073
127771	3077
127771	3082
127771	3086
127771	3088
127771	3091
127771	3096
127771	3098
127771	3110
127771	3112
127771	3113
127771	3115
127771	3117
127771	3118
127771	3123
127771	3124
127771	3125
127771	3127
127771	3128
127771	3129
127771	3130
127771	3132
127771	3133
127771	3134
127771	3135
127771	3136
127771	3137
127771	3141
127771	3144
127771	3145
127771	3147
127771	3154
127771	3156
127771	3166
127771	3168
127771	3169
127771	3173
127771	3177
127771	3185
127771	3186
127771	3187
127771	3193
127771	3195
127771	3251
127771	3260
129511	3086
129511	3095
129511	3115
129511	3126
130091	3109
130091	3136
130091	3153
130091	3195
130091	3196
130091	3197
130091	3207
130091	3226
130091	3234
130091	3236
130091	3247
130091	3261
130091	3264
130091	3319
130099	3092
130099	3123
130099	3153
130099	3178
130099	3195
130316	3045
130316	3051
130316	3070
130316	3080
130316	3082
130316	3085
130316	3094
130316	3104
130316	3107
130316	3108
130316	3109
130316	3113
130316	3115
130316	3116
130316	3118
130316	3125
130316	3129
130316	3139
130316	3146
130316	3151
130316	3156
130316	3165
130316	3166
130316	3170
130316	3173
130316	3192
130316	3194
130316	3201
130316	3239
130316	3266
130316	3322
130316	3392
130838	3019
130838	3037
130838	3051
130838	3053
130838	3069
130838	3071
130838	3081
130838	3082
130838	3084
130838	3086
130838	3096
130838	3101
130838	3113
130838	3115
130838	3117
130838	3124
130838	3126
130838	3132
130838	3135
130838	3143
131285	3082
131285	3109
131285	3118
131285	3122
131285	3123
131285	3128
131285	3130
131285	3136
131285	3138
131285	3140
131285	3141
131285	3149
131285	3153
131285	3159
131285	3174
131285	3178
131285	3198
131285	3201
131285	3235
131285	3392
131532	3136
131532	3138
131532	3152
131532	3153
131532	3167
131594	3037
131594	3055
131594	3069
131594	3075
131594	3111
131594	3114
131594	3115
131594	3116
131594	3119
131594	3123
131594	3131
131594	3136
131594	3138
131594	3142
131594	3154
131594	3155
131594	3160
131594	3173
131594	3178
132423	3107
132423	3120
132423	3124
132423	3125
132423	3126
132423	3127
132423	3130
132423	3131
132423	3132
132423	3133
132423	3137
132423	3139
132423	3143
132423	3146
132423	3147
132423	3148
132423	3150
132423	3153
132423	3154
132740	3037
132740	3067
132740	3079
132740	3083
132740	3096
132740	3110
132740	3113
132740	3134
132740	3170
132740	3234
133195	3047
133195	3050
133195	3072
133195	3080
133195	3082
133195	3095
133195	3097
133195	3125
133195	3127
133195	3140
133195	3146
133195	3147
133195	3152
133195	3155
133195	3163
133195	3165
133195	3167
133195	3169
133195	3170
133195	3173
133195	3179
133195	3195
133195	3236
133195	3256
133195	3381
133195	3394
133195	3487
133195	3505
133378	3014
133378	3015
133378	3016
133378	3017
133378	3020
133378	3021
133378	3022
133378	3025
133378	3031
133378	3034
133378	3036
133378	3037
133378	3040
133378	3041
133378	3042
133378	3050
133378	3051
133378	3053
133378	3055
133378	3057
133378	3060
133378	3063
133378	3064
133378	3065
133378	3067
133378	3077
133378	3079
133378	3080
133378	3082
133378	3085
133378	3093
133378	3094
133378	3095
133378	3096
133378	3101
133378	3102
133378	3103
133378	3104
133378	3107
133378	3109
133378	3111
133378	3112
133378	3114
133378	3119
133378	3120
133378	3121
133378	3124
133378	3126
133378	3129
133378	3131
133378	3132
133378	3135
133378	3143
133378	3146
133378	3150
133378	3157
133378	3162
133378	3177
133378	3193
133378	3302
133378	3356
133378	3518
133512	3136
133512	3167
133512	3175
133512	3178
133512	3216
133512	3221
133512	3225
133512	3229
133512	3275
133512	3286
133746	3010
133746	3019
133746	3032
133746	3035
133746	3036
133746	3111
133746	3122
133746	3124
133746	3125
133746	3132
133746	3186
133788	3082
133788	3108
133788	3128
133788	3137
133788	3153
133788	3174
133788	3193
136252	3082
136252	3095
136252	3122
136252	3123
136252	3136
136252	3138
136252	3142
136252	3154
136252	3230
136252	3286
136252	3354
136953	3047
136953	3049
136953	3050
136953	3053
136953	3055
136953	3057
136953	3063
136953	3065
136953	3069
136953	3079
136953	3085
136953	3091
136953	3097
136953	3098
136953	3102
136953	3103
136953	3106
136953	3111
136953	3112
136953	3113
136953	3121
136953	3124
136953	3125
136953	3126
136953	3131
136953	3136
136953	3137
136953	3138
136953	3140
136953	3141
136953	3142
136953	3143
136953	3144
136953	3145
136953	3148
136953	3153
137467	3072
137467	3085
137467	3095
137467	3105
137467	3111
137467	3125
137467	3185
137467	3257
137504	3128
137504	3131
137504	3136
137504	3140
137504	3153
137504	3154
137504	3178
137504	3216
137504	3245
138950	3047
138950	3090
138950	3092
138950	3123
138950	3133
138950	3138
138950	3151
138950	3153
138950	3154
138950	3165
138950	3167
138950	3177
138950	3178
138950	3203
138950	3225
138950	3245
139033	3123
139033	3152
139033	3161
139033	3178
139033	3215
139033	3234
139033	3245
139650	3115
139650	3178
139650	3245
141168	3046
141168	3047
141168	3122
141168	3128
141168	3131
141168	3140
141168	3154
141168	3178
144296	3012
144296	3014
144296	3015
144296	3016
144296	3019
144296	3020
144296	3022
144296	3031
144296	3033
144296	3036
144296	3037
144296	3040
144296	3042
144296	3050
144296	3051
144296	3052
144296	3082
144296	3123
144296	3133
144296	3136
144296	3138
144459	3036
144459	3108
144459	3109
144459	3123
144459	3146
144459	3168
144913	3075
144913	3084
144913	3111
144913	3125
144913	3147
144913	3175
144913	3190
144913	3195
144913	3203
144913	3216
144913	3245
144913	3329
145460	3082
147848	3022
147848	3047
147848	3054
147848	3075
147848	3107
147848	3112
147848	3162
147848	3252
147848	3281
147939	3082
147939	3119
147939	3140
147939	3152
147939	3154
147939	3232
147939	3297
147939	3324
148237	3115
148237	3116
148237	3136
148237	3138
148237	3149
148237	3178
148293	3046
148293	3052
148293	3123
148293	3128
148293	3131
148293	3136
149516	3095
149516	3149
149516	3153
149516	3168
151016	3058
151016	3153
151016	3167
151016	3227
151685	3015
151685	3017
151685	3023
151685	3027
151685	3029
151685	3031
151685	3033
151685	3036
151685	3037
151685	3038
151685	3041
151685	3044
151685	3046
151685	3047
151685	3050
151685	3052
151685	3053
151685	3055
151685	3063
151685	3066
151685	3067
151685	3069
151685	3072
151685	3075
151685	3079
151685	3082
151685	3084
151685	3085
151685	3086
151685	3087
151685	3091
151685	3092
151685	3095
151685	3096
151685	3099
151685	3103
151685	3105
151685	3106
151685	3107
151685	3108
151685	3109
151685	3110
151685	3111
151685	3112
151685	3113
151685	3114
151685	3115
151685	3117
151685	3119
151685	3121
151685	3122
151685	3123
151685	3124
151685	3125
151685	3126
151685	3127
151685	3128
151685	3129
151685	3130
151685	3131
151685	3132
151685	3133
151685	3135
151685	3136
151685	3137
151685	3138
151685	3144
151685	3146
151685	3147
151685	3157
151685	3160
151685	3166
151685	3169
151685	3178
151685	3185
151685	3225
151685	3239
151685	3245
151685	3252
151685	3256
151685	3300
152331	3042
154558	3010
154558	3012
154558	3014
154558	3015
154558	3019
154558	3020
154558	3021
154558	3024
154558	3025
154558	3027
154558	3038
154558	3042
154558	3044
154558	3048
154558	3050
154558	3055
154558	3067
154558	3070
154558	3073
154558	3074
154558	3077
154558	3079
154558	3085
154558	3092
154558	3093
154558	3096
154558	3105
154558	3111
154558	3112
154558	3114
154558	3115
154558	3117
154558	3119
154558	3121
154558	3123
154558	3125
154558	3126
154558	3132
154558	3146
155063	3041
155063	3050
155063	3058
155063	3072
155063	3095
155063	3111
155063	3125
155063	3138
155063	3146
155063	3167
155063	3178
155063	3203
155063	3286
158890	3128
158890	3138
158890	3140
158890	3174
158890	3205
158890	3216
158890	3230
159912	3111
159912	3128
159912	3131
159912	3138
159912	3147
159912	3153
159912	3178
159912	3193
160024	3108
160024	3146
160024	3148
160024	3152
160024	3165
160024	3166
160024	3169
160024	3170
160024	3171
160024	3172
160024	3173
160024	3174
160024	3177
160024	3212
160024	3213
160024	3216
160024	3217
161106	3051
161106	3052
161106	3055
161106	3060
161106	3064
161106	3067
161106	3072
161106	3075
161106	3079
161106	3080
161106	3085
161106	3094
161106	3095
161106	3099
161106	3101
161106	3102
161106	3103
161106	3107
161106	3109
161106	3112
161106	3113
161106	3115
161106	3119
161106	3120
161106	3121
161106	3124
161106	3125
161106	3126
161106	3127
161106	3129
161106	3130
161106	3131
161106	3132
161106	3133
161106	3134
161106	3137
161106	3143
161106	3144
161106	3146
161106	3147
161106	3148
161106	3150
161106	3152
161106	3153
161106	3155
161106	3158
161106	3159
161106	3160
161106	3163
161106	3168
161106	3171
161106	3172
161333	3015
161333	3016
161333	3019
161333	3023
161333	3025
161333	3031
161333	3033
161333	3035
161333	3036
161333	3040
161333	3042
161333	3047
161333	3051
161333	3052
161333	3055
161333	3060
161333	3064
161333	3066
161333	3067
161333	3069
161333	3072
161333	3076
161333	3080
161333	3084
161333	3085
161333	3086
161333	3091
161333	3095
161333	3096
161333	3101
161333	3102
161333	3103
161333	3104
161333	3106
161333	3109
161333	3111
161333	3112
161333	3113
161333	3115
161333	3117
161333	3121
161333	3122
161333	3123
161333	3124
161333	3125
161333	3126
161333	3131
161333	3132
161333	3133
161333	3134
161541	3037
161541	3046
161541	3050
161541	3055
161541	3082
161541	3095
161541	3109
161541	3112
161541	3123
161541	3126
161541	3128
161541	3132
161541	3136
161541	3138
161541	3139
161541	3142
161541	3154
161541	3169
161541	3170
163175	3046
163175	3047
163175	3069
163175	3070
163175	3075
163175	3082
163175	3095
163175	3099
163175	3104
163175	3105
163175	3109
163175	3111
163175	3114
163175	3118
163175	3121
163175	3122
163175	3123
163175	3126
163175	3131
163175	3132
163175	3136
163175	3137
163175	3138
163175	3142
163175	3146
163175	3149
163175	3151
163175	3153
163175	3154
163175	3157
163175	3164
163175	3165
163175	3167
163175	3168
163175	3174
163175	3176
163175	3177
163175	3178
163175	3182
163175	3203
163175	3221
163175	3225
163175	3234
163727	3142
163727	3153
163727	3208
163727	3234
164644	3029
164644	3031
164644	3167
164644	3215
165054	3082
165054	3095
165054	3114
165054	3115
165054	3116
165054	3118
165054	3136
165054	3138
165054	3140
165054	3145
165054	3147
165054	3148
165054	3153
165054	3155
165054	3158
165054	3161
165054	3174
165054	3178
165054	3179
165054	3183
165054	3208
165054	3222
165054	3234
165054	3251
165054	3271
165054	3286
165054	3297
165054	3415
167435	3116
167435	3286
167649	3051
167649	3067
167649	3093
167649	3102
167649	3103
167649	3107
169665	3010
169665	3011
169665	3012
169665	3014
169665	3019
169665	3020
169665	3021
169665	3025
169665	3027
169665	3037
169665	3038
169665	3042
169665	3047
169665	3052
169665	3053
169665	3055
169665	3058
169665	3064
169665	3067
169665	3069
169665	3073
169665	3077
169665	3078
169665	3079
169665	3087
169665	3094
169665	3095
169665	3096
169665	3099
169665	3101
169665	3109
169665	3111
169665	3112
169665	3113
169665	3121
169665	3181
169665	3217
172863	3020
172863	3021
172863	3051
172863	3052
172863	3053
172863	3063
172863	3064
172863	3066
172863	3067
172863	3070
172863	3071
172863	3072
172863	3073
172863	3081
172863	3082
172863	3083
172863	3084
172863	3094
172863	3095
172863	3099
172863	3101
172863	3104
172863	3106
172863	3107
172863	3108
172863	3116
172863	3118
172863	3122
172863	3124
172863	3125
172863	3137
172863	3139
172863	3141
172863	3149
172863	3151
172863	3152
172863	3153
172863	3158
172863	3165
172863	3168
172863	3172
172863	3177
172863	3181
172863	3201
172863	3203
172863	3211
172863	3225
172863	3394
175937	3046
175937	3053
175937	3059
175937	3075
175937	3079
175937	3082
175937	3111
175937	3119
175937	3125
175937	3128
175937	3133
175937	3136
175937	3138
175937	3153
175937	3155
175937	3160
175937	3166
175937	3178
175937	3182
175937	3185
175937	3225
176333	3082
176333	3095
176333	3105
176333	3111
176333	3123
176333	3128
176333	3136
176333	3141
176333	3142
176333	3152
176333	3154
176333	3178
176333	3187
176333	3211
178196	3082
178196	3138
178196	3140
178196	3161
178196	3174
178196	3178
178196	3251
178196	3286
182008	3111
182008	3167
182008	3168
182008	3286
182883	3093
182883	3094
182883	3099
182883	3104
182883	3106
182883	3109
182883	3112
182883	3114
182883	3115
182883	3119
182883	3120
182883	3121
182883	3124
182883	3126
182883	3129
182883	3132
182883	3134
182883	3137
182883	3144
182883	3148
182883	3151
182883	3154
182883	3155
182883	3156
182883	3157
182883	3158
182883	3164
182883	3168
182883	3173
182883	3181
182883	3183
182883	3184
182883	3186
182883	3191
182883	3199
182883	3207
182883	3217
184695	3122
184695	3128
184695	3131
184695	3136
184695	3138
184695	3140
184695	3153
184695	3154
184695	3178
185072	3047
185072	3082
185072	3095
185072	3111
185072	3123
185072	3128
185072	3132
185072	3138
185072	3142
185072	3153
185072	3154
185072	3168
185072	3178
185072	3203
185072	3205
185072	3207
185072	3240
185072	3241
185072	3254
185072	3284
185072	3286
185072	3305
185072	3309
185072	3310
185072	3403
187049	3055
187049	3075
187049	3082
187049	3084
187049	3092
187049	3095
187049	3097
187049	3105
187049	3107
187049	3111
187049	3114
187049	3115
187049	3116
187049	3118
187049	3119
187049	3122
187049	3123
187049	3124
187049	3125
187049	3126
187049	3128
187049	3129
187049	3131
187049	3133
187049	3135
187049	3136
187049	3138
187049	3140
187049	3142
187049	3143
187049	3145
187049	3146
187049	3147
187049	3148
187049	3152
187049	3153
187049	3154
187049	3155
187049	3157
187049	3158
187049	3160
187049	3163
187049	3164
187049	3165
187049	3166
187049	3167
187049	3168
187049	3171
187049	3173
187049	3174
187049	3176
187049	3177
187049	3178
187049	3181
187049	3185
187049	3186
187049	3195
187049	3198
187049	3203
187049	3207
187049	3215
187049	3217
187049	3221
187049	3226
187049	3227
187049	3229
187049	3245
187049	3252
187049	3253
187049	3256
187049	3257
187049	3267
187049	3274
187049	3286
187049	3297
188222	3059
188222	3067
188222	3082
188222	3153
188222	3155
188222	3167
188222	3168
188222	3178
188222	3192
188222	3251
188222	3256
188718	3041
188718	3058
188718	3082
188718	3090
188718	3101
188718	3105
188718	3111
188718	3116
188718	3128
188718	3133
188718	3134
188718	3153
188718	3203
188724	3075
188724	3099
188724	3104
188724	3138
188724	3165
188724	3174
188724	3175
188724	3234
188724	3245
188948	3082
188948	3104
188948	3107
188948	3115
188948	3121
188948	3140
188948	3166
188948	3251
189288	3138
189288	3153
189288	3167
189288	3178
189288	3245
189288	3286
189978	3033
189978	3036
189978	3038
189978	3040
189978	3044
189978	3047
189978	3052
189978	3061
189978	3063
189978	3064
189978	3067
189978	3069
189978	3074
189978	3075
189978	3076
189978	3078
189978	3084
189978	3092
189978	3094
189978	3099
189978	3101
189978	3104
189978	3105
189978	3106
189978	3109
189978	3112
189978	3113
189978	3114
189978	3115
189978	3130
189978	3132
189978	3133
189978	3146
191503	3105
191503	3133
191503	3138
191503	3141
191503	3153
191503	3165
191503	3176
191503	3178
191503	3186
191503	3225
191503	3239
191503	3251
191503	3252
191902	3178
191902	3225
192992	3037
192992	3048
192992	3049
192992	3051
192992	3052
192992	3053
192992	3055
192992	3064
192992	3067
192992	3071
192992	3073
192992	3074
192992	3079
192992	3086
192992	3088
192992	3091
192992	3092
192992	3095
192992	3096
192992	3098
192992	3099
192992	3101
192992	3104
192992	3107
192992	3110
192992	3111
192992	3112
192992	3113
192992	3115
192992	3117
192992	3118
192992	3119
192992	3122
192992	3123
192992	3124
192992	3126
192992	3127
192992	3129
192992	3130
192992	3131
192992	3133
192992	3134
192992	3135
192992	3136
192992	3138
192992	3139
192992	3141
192992	3143
192992	3144
192992	3148
192992	3151
192992	3160
192992	3162
192992	3166
192992	3170
194952	3095
194952	3113
194952	3136
194952	3138
194952	3167
194952	3203
194952	3225
194952	3274
198256	3082
198256	3095
198256	3110
198256	3116
198256	3118
198256	3134
198256	3140
198256	3141
198256	3154
198256	3159
198256	3175
198256	3226
198256	3234
198256	3235
198256	3247
199007	3011
199007	3019
199007	3026
199007	3041
199007	3059
199007	3107
199069	3037
199069	3038
199069	3041
199069	3046
199069	3047
199069	3050
199069	3051
199069	3053
199069	3055
199069	3058
199069	3059
199069	3063
199069	3067
199069	3069
199069	3070
199069	3072
199069	3073
199069	3075
199069	3079
199069	3080
199069	3082
199069	3083
199069	3084
199069	3085
199069	3086
199069	3090
199069	3092
199069	3093
199069	3095
199069	3096
199069	3097
199069	3099
199069	3101
199069	3103
199069	3105
199069	3106
199069	3107
199069	3108
199069	3109
199069	3110
199069	3111
199069	3112
199069	3113
199069	3114
199069	3115
199069	3116
199069	3118
199069	3119
199069	3121
199069	3122
199069	3123
199069	3124
199069	3125
199069	3126
199069	3127
199069	3128
199069	3129
199069	3130
199069	3131
199069	3132
199069	3134
199069	3135
199069	3136
199069	3137
199069	3139
199069	3140
199069	3141
199069	3142
199069	3143
199069	3144
199069	3145
199069	3146
199069	3147
199069	3148
199069	3150
199069	3151
199069	3152
199069	3153
199069	3154
199069	3156
199069	3157
199069	3158
199069	3159
199069	3160
199069	3161
199069	3162
199069	3164
199069	3165
199069	3166
199069	3168
199069	3169
199069	3172
199069	3176
199069	3177
199069	3178
199069	3180
199069	3182
199069	3183
199069	3184
199069	3185
199069	3186
199069	3187
199069	3189
199069	3192
199069	3193
199069	3194
199069	3195
199069	3198
199069	3201
199069	3211
199069	3215
199069	3217
199069	3222
199069	3226
199069	3227
199069	3229
199069	3234
199069	3235
199069	3236
199069	3238
199069	3239
199069	3245
199069	3246
199069	3250
199069	3252
199069	3256
199069	3257
199069	3258
199069	3264
199069	3267
199069	3268
199069	3270
199069	3271
199069	3275
199069	3286
199069	3297
199069	3300
199069	3304
199069	3392
199069	3431
199339	3140
199339	3153
199339	3167
199339	3203
199339	3227
200126	3046
200126	3047
200126	3067
200126	3112
200126	3124
200126	3129
200126	3132
200126	3153
200126	3166
200126	3167
200126	3173
200126	3178
200126	3225
200665	3047
200665	3133
200665	3138
200665	3140
200665	3152
200665	3153
200665	3178
201865	3104
201865	3108
201865	3122
201865	3128
201865	3136
201865	3138
201865	3142
201865	3153
201865	3174
201865	3178
201865	3225
201865	3234
201865	3239
201865	3245
201865	3246
201865	3274
203295	3082
203295	3104
203295	3115
203295	3122
203295	3124
203295	3140
203295	3154
203295	3284
203506	3123
203506	3128
203506	3140
203506	3152
203506	3153
203506	3159
203506	3175
203506	3178
203506	3183
203506	3184
203506	3215
203506	3216
203506	3231
203506	3234
203506	3245
203506	3253
203506	3269
204895	3167
204895	3175
206404	3037
206404	3038
206404	3047
206404	3050
206404	3051
206404	3055
206404	3063
206404	3072
206404	3079
206404	3082
206404	3085
206404	3092
206404	3095
206404	3103
206404	3112
206404	3113
206404	3115
206404	3121
206404	3123
206404	3124
206404	3126
206404	3131
206404	3142
206404	3146
206404	3150
206404	3151
206404	3152
206404	3153
206404	3165
206404	3170
206404	3173
206404	3178
206404	3187
206404	3193
206404	3211
206404	3225
206404	3239
206557	3122
206557	3138
206557	3140
206557	3154
206557	3167
206557	3178
206557	3286
208070	3113
208070	3115
208070	3225
208598	3128
208598	3252
209308	3082
209308	3095
209308	3116
209308	3122
209308	3123
209308	3128
209308	3136
209308	3138
209308	3140
209308	3142
209308	3145
209308	3153
209308	3154
209308	3155
209308	3159
209308	3161
209308	3167
209308	3174
209308	3178
209308	3205
209308	3207
209308	3208
209308	3225
209308	3234
209308	3286
209308	3329
209375	3082
209375	3103
209375	3123
209375	3128
209375	3136
209375	3138
209375	3151
209375	3178
209375	3203
211747	3138
211747	3140
211747	3178
211747	3225
211747	3286
211825	3044
211825	3048
211825	3058
211825	3072
211825	3093
211825	3094
211825	3099
211825	3137
211825	3177
211825	3185
211825	3211
211825	3248
213035	3051
213035	3085
213035	3092
213035	3095
213035	3101
213035	3132
213035	3140
213035	3141
213035	3164
213035	3167
213035	3173
213035	3174
213035	3177
213035	3195
213035	3235
213035	3256
214461	3082
214461	3132
214461	3138
214461	3140
214461	3153
214461	3154
214461	3167
214461	3174
214461	3234
214461	3245
215493	3051
215493	3052
215493	3053
215493	3064
215493	3073
215493	3074
215493	3075
215493	3084
215493	3092
215493	3101
215493	3113
215493	3114
215493	3115
215493	3118
215493	3121
215493	3125
215493	3126
215493	3130
215493	3131
215493	3135
215493	3137
215493	3138
215493	3140
215493	3143
215493	3145
215493	3147
215493	3152
215493	3153
215493	3154
215493	3157
215493	3158
215493	3171
215493	3173
215493	3178
215493	3182
215493	3185
215493	3186
215493	3187
215493	3192
215493	3195
215493	3205
215493	3252
216738	3107
216738	3138
216738	3140
216738	3141
216738	3154
216738	3185
216738	3233
216738	3236
216738	3274
217248	3046
217248	3051
217248	3055
217248	3095
217248	3105
217248	3128
217248	3131
217248	3132
217248	3134
217248	3135
217248	3136
217248	3142
217248	3153
217248	3225
217248	3347
217814	3075
217814	3115
217814	3123
217814	3140
217814	3153
217814	3158
217814	3159
217814	3161
217814	3165
217814	3178
219202	3054
219202	3055
219202	3058
219202	3072
219202	3075
219202	3135
219202	3140
219202	3144
219202	3195
219202	3203
219202	3251
219202	3311
219369	3121
219369	3136
219369	3138
219369	3153
219369	3154
219369	3245
219516	3015
219516	3016
219516	3017
219516	3019
219516	3020
219516	3022
219516	3023
219516	3025
219516	3027
219516	3029
219516	3033
219516	3036
219516	3040
219516	3042
219516	3047
219516	3049
219516	3051
219516	3052
219516	3055
219516	3059
219516	3064
219516	3066
219516	3067
219516	3069
219516	3072
219516	3074
219516	3076
219516	3079
219516	3082
219516	3084
219516	3085
219516	3086
219516	3093
219516	3094
219516	3096
219516	3099
219516	3101
219516	3102
219516	3103
219516	3104
219516	3107
219516	3108
219516	3109
219516	3110
219516	3111
219516	3112
219516	3113
219516	3115
219516	3117
219516	3119
219516	3120
219516	3121
219516	3123
219516	3124
219516	3125
219516	3126
219516	3130
219516	3202
219719	3123
219719	3131
219719	3136
219719	3140
219719	3159
219719	3178
219719	3195
219719	3252
219719	3267
221564	3015
221564	3046
221564	3068
221564	3085
221564	3113
221564	3132
221564	3142
221564	3145
221564	3148
221564	3154
221564	3225
221564	3345
221746	3140
221746	3148
221746	3153
221746	3173
221746	3174
221746	3205
221746	3216
221746	3234
221746	3260
222886	3082
222886	3095
222886	3118
222886	3145
222886	3148
222886	3154
222886	3155
222886	3156
222886	3158
222886	3167
222886	3168
222886	3171
222886	3172
222886	3181
222886	3187
222886	3189
222886	3193
222886	3201
222886	3203
222886	3256
224073	3095
224073	3123
224073	3136
224073	3138
224073	3140
224073	3178
224073	3245
224661	3072
224661	3082
224661	3095
224661	3104
224661	3105
224661	3112
224661	3118
224661	3125
224661	3131
224661	3136
224661	3147
224661	3148
224661	3153
224661	3157
224661	3174
224661	3178
224661	3192
224661	3203
224661	3227
224661	3256
225204	3095
225204	3131
226264	3073
226264	3095
226264	3107
226264	3116
226264	3118
226264	3121
226264	3122
226264	3146
226264	3151
226264	3152
226264	3161
226264	3165
226264	3222
226264	3243
226264	3269
226264	3306
227249	3015
227249	3053
227249	3055
227249	3086
227249	3103
227249	3128
227249	3132
227249	3136
227249	3138
227249	3140
227249	3142
227249	3182
227249	3217
228053	3043
228053	3044
228053	3048
228053	3055
228053	3069
228053	3070
228053	3081
228053	3086
228053	3103
228053	3114
228053	3121
228053	3123
228053	3124
228053	3126
228053	3131
228053	3132
228053	3133
228053	3135
228053	3138
228053	3150
228053	3153
228053	3162
228053	3166
228053	3182
228053	3185
228053	3225
228053	3236
230291	3099
230291	3104
230291	3109
230291	3110
230291	3170
230291	3174
230291	3195
230291	3227
231583	3140
231583	3158
231583	3161
231583	3174
231583	3178
231583	3199
231583	3233
231583	3234
232511	3038
232511	3082
232511	3083
232511	3121
232511	3136
232511	3165
232511	3170
232511	3178
232511	3225
233252	3107
233252	3131
233252	3164
233252	3173
233252	3195
233739	3104
233739	3158
233739	3175
233739	3178
233739	3221
236270	3050
236270	3085
236270	3132
236270	3141
236270	3142
236270	3154
236270	3161
236270	3178
236270	3203
236270	3392
236493	3075
236493	3082
236493	3099
236493	3112
236493	3119
236493	3122
236493	3128
236493	3136
236493	3138
236493	3140
236493	3153
236493	3154
236493	3157
236493	3158
236493	3161
236493	3174
236493	3178
236493	3195
236493	3208
236493	3234
236493	3256
236493	3392
237810	3070
237810	3095
237810	3105
237810	3107
237810	3111
237810	3118
237810	3122
237810	3124
237810	3125
237810	3128
237810	3131
237810	3139
237810	3141
237810	3145
237810	3147
237810	3150
237810	3151
237810	3154
237810	3165
237810	3168
237810	3176
237810	3185
237810	3187
237810	3286
240042	3139
240042	3142
240042	3153
240042	3164
240042	3175
240042	3179
240042	3180
240042	3188
240042	3194
240042	3200
240042	3209
240042	3234
240042	3247
240042	3255
240042	3257
240042	3260
240042	3269
240229	3090
240229	3094
240229	3095
240229	3097
240229	3104
240229	3105
240229	3118
240229	3119
240229	3123
240229	3138
240229	3142
240229	3147
240229	3148
240229	3151
240229	3155
240229	3156
240229	3157
240229	3158
240229	3160
240229	3171
240229	3173
240229	3175
240229	3177
240229	3178
240229	3189
240229	3203
240229	3256
240229	3274
241441	3037
241441	3046
241441	3047
241441	3064
241441	3079
241441	3092
241441	3093
241441	3116
241441	3125
241441	3132
241441	3142
241441	3153
241441	3154
241441	3169
241441	3170
241441	3172
241441	3181
241441	3187
241441	3225
241441	3245
241441	3256
241441	3261
241441	3270
241441	3286
241441	3306
241441	3315
241441	3318
241441	3336
241441	3522
242159	3020
242159	3022
242159	3031
242159	3034
242159	3036
242159	3037
242159	3038
242159	3040
242159	3042
242159	3044
242159	3047
242159	3049
242159	3050
242159	3051
242159	3052
242159	3055
242159	3057
242159	3059
242159	3060
242159	3061
242159	3063
242159	3064
242159	3065
242159	3066
242159	3067
242159	3071
242159	3072
242159	3074
242159	3077
242159	3078
242159	3079
242159	3080
242159	3084
242159	3085
242159	3086
242159	3087
242159	3088
242159	3092
242159	3093
242159	3094
242159	3095
242159	3096
242159	3098
242159	3099
242159	3101
242159	3102
242159	3103
242159	3104
242159	3107
242159	3108
242159	3109
242159	3110
242159	3111
242159	3112
242159	3113
242159	3114
242159	3115
242159	3117
242159	3120
242159	3121
242159	3122
242159	3123
242159	3124
242159	3126
242159	3127
242159	3132
242159	3134
242159	3135
242159	3137
242159	3138
242159	3145
242159	3146
242159	3166
242159	3168
242159	3220
243236	3055
243236	3059
243236	3118
243236	3123
243236	3132
243236	3136
243236	3167
246132	3011
246132	3014
246132	3015
246132	3016
246132	3019
246132	3024
246132	3031
246132	3033
246132	3037
246132	3039
246132	3042
246132	3048
246132	3050
246132	3051
246132	3054
246132	3060
246132	3083
246132	3093
246132	3095
246132	3099
246132	3102
246132	3104
246132	3111
246132	3114
246132	3120
246132	3121
246132	3124
246132	3126
246132	3133
246632	3208
246632	3218
246632	3247
246632	3310
248665	3047
248665	3075
248665	3079
248665	3082
248665	3107
248665	3132
248665	3153
248665	3178
248755	3082
248755	3104
248755	3122
248755	3139
248755	3140
248755	3178
248755	3186
251084	3075
251084	3080
251084	3082
251084	3094
251084	3095
251084	3099
251084	3101
251084	3103
251084	3104
251084	3108
251084	3122
251084	3123
251084	3128
251084	3130
251084	3133
251084	3136
251084	3137
251084	3138
251084	3139
251084	3140
251084	3142
251084	3145
251084	3147
251084	3148
251084	3149
251084	3151
251084	3154
251084	3156
251084	3157
251084	3158
251084	3159
251084	3161
251084	3162
251084	3163
251084	3164
251084	3165
251084	3167
251084	3171
251084	3172
251084	3173
251084	3174
251084	3176
251084	3177
251084	3178
251084	3179
251084	3180
251084	3183
251084	3184
251084	3187
251084	3188
251084	3189
251084	3191
251084	3192
251084	3193
251084	3194
251084	3195
251084	3196
251084	3197
251084	3198
251084	3199
251084	3200
251084	3201
251084	3204
251084	3205
251084	3207
251084	3208
251084	3209
251084	3212
251084	3215
251084	3216
251084	3218
251084	3222
251084	3226
251084	3227
251084	3228
251084	3229
251084	3231
251084	3233
251084	3234
251084	3235
251084	3236
251084	3245
251084	3247
251084	3250
251084	3251
251084	3253
251084	3255
251084	3257
251084	3258
251084	3260
251084	3262
251084	3267
251084	3268
251084	3269
251084	3270
251084	3271
251084	3274
251084	3275
251084	3277
251084	3297
251084	3310
251084	3317
251084	3328
251084	3392
251084	3431
251407	3037
251407	3047
251407	3055
251407	3082
251407	3092
251407	3108
251407	3122
251407	3123
251407	3132
251407	3136
251407	3137
251407	3138
251407	3142
251407	3154
251407	3155
251407	3158
251407	3164
251407	3167
251407	3169
251407	3170
251407	3174
251407	3178
251407	3208
251407	3234
251940	3082
252984	3068
252984	3069
252984	3095
252984	3097
252984	3111
252984	3129
252984	3148
252984	3151
252984	3165
252984	3166
252984	3203
254673	3021
254673	3026
254673	3037
254673	3038
254673	3046
254673	3047
254673	3055
254673	3059
254673	3061
254673	3063
254673	3064
254673	3067
254673	3069
254673	3070
254673	3079
254673	3082
254673	3084
254673	3086
254673	3092
254673	3097
254673	3111
254673	3113
254673	3123
254673	3124
254673	3125
254673	3126
254673	3132
254673	3134
254673	3135
254673	3136
254673	3138
254673	3146
254673	3153
254673	3154
254673	3169
254673	3170
254673	3174
254673	3185
254673	3239
254673	3345
255195	3046
255195	3055
255195	3059
255195	3069
255195	3082
255195	3085
255195	3086
255195	3106
255195	3107
255195	3114
255195	3115
255195	3124
255195	3129
255195	3132
255195	3136
255195	3138
255195	3146
255195	3161
255195	3166
255195	3182
255195	3252
255195	3300
255377	3046
255377	3109
255377	3112
255377	3178
255377	3190
255377	3208
255693	3050
255693	3087
255693	3098
255693	3103
255693	3104
255693	3132
255693	3134
255693	3136
255693	3137
255693	3138
255693	3142
255693	3143
255693	3147
255693	3151
255693	3153
255693	3156
255693	3158
255693	3160
255693	3162
255693	3168
255693	3185
255693	3195
255693	3237
255693	3239
255693	3245
255693	3249
255693	3288
255693	3303
255961	3047
255961	3082
255961	3122
255961	3142
255961	3153
255961	3154
255961	3155
255961	3178
255961	3225
255961	3286
255961	3297
256126	3095
256126	3118
256126	3122
256126	3140
256126	3155
256126	3178
256126	3286
258734	3123
258734	3152
258734	3154
258734	3174
258734	3178
259847	3075
259847	3082
259847	3121
259847	3138
259847	3148
259847	3153
259847	3174
259847	3225
259847	3245
259847	3286
259952	3050
259952	3058
259952	3072
259952	3085
259952	3086
259952	3095
259952	3097
259952	3105
259952	3111
259952	3125
259952	3129
259952	3133
259952	3141
259952	3144
259952	3147
259952	3148
259952	3154
259952	3155
259952	3156
259952	3157
259952	3166
259952	3168
259952	3170
259952	3171
259952	3174
259952	3176
259952	3182
259952	3185
259952	3189
259952	3194
259952	3201
259952	3203
259952	3207
259952	3211
259952	3215
259952	3225
259952	3226
259952	3233
259952	3235
259952	3252
259952	3253
259952	3257
259952	3271
259952	3274
259952	3286
259952	3297
261982	3095
261982	3161
261982	3174
261982	3178
261982	3221
261982	3234
261982	3286
262445	3082
262445	3085
262445	3118
262445	3123
262445	3138
262445	3140
262445	3142
262445	3154
262445	3178
262445	3225
262445	3230
262726	3122
262726	3142
262726	3145
262726	3161
262726	3174
262726	3178
262726	3218
262726	3251
263454	3082
263454	3108
263454	3225
263856	3051
263856	3052
263856	3053
263856	3055
263856	3057
263856	3058
263856	3059
263856	3061
263856	3062
263856	3063
263856	3064
263856	3065
263856	3066
263856	3067
263856	3068
263856	3069
263856	3073
263856	3074
263856	3075
263856	3076
263856	3077
263856	3078
263856	3080
263856	3090
263856	3094
263856	3099
263856	3101
263856	3104
263856	3105
263856	3115
263856	3123
263856	3130
263856	3133
263856	3160
263856	3162
263856	3165
263856	3171
263856	3239
263856	3265
263856	3308
264025	3082
264025	3123
264025	3134
264025	3138
264025	3140
264025	3154
264025	3159
264025	3169
264025	3174
264025	3175
264025	3178
264025	3208
264025	3230
264025	3234
264025	3242
264025	3251
264025	3312
264090	3037
264090	3063
264090	3073
264090	3083
264090	3090
264090	3097
264090	3106
264090	3112
264090	3124
264090	3127
264090	3133
264090	3165
264090	3177
264135	3095
264135	3108
264135	3116
264135	3118
264135	3122
264135	3137
264135	3139
264135	3140
264135	3141
264135	3142
264135	3145
264135	3148
264135	3149
264135	3151
264135	3152
264135	3153
264135	3154
264135	3155
264135	3156
264135	3158
264135	3159
264135	3161
264135	3163
264135	3164
264135	3167
264135	3168
264135	3171
264135	3172
264135	3173
264135	3174
264135	3176
264135	3177
264135	3178
264135	3181
264135	3187
264135	3189
264135	3192
264135	3194
264135	3195
264135	3201
264135	3203
264135	3207
264135	3211
264135	3225
264135	3226
264135	3227
264135	3253
264135	3256
264135	3257
264135	3267
264135	3270
264135	3274
264135	3286
264135	3297
264490	3139
264490	3140
264490	3154
264490	3297
266031	3123
266031	3128
266031	3131
266031	3138
266031	3142
266031	3174
266031	3207
266356	3068
266356	3085
266356	3095
266356	3125
266356	3141
266356	3147
266356	3211
266837	3122
266837	3123
266837	3136
266837	3138
266837	3140
266837	3145
266837	3153
266837	3154
266837	3158
266837	3178
266837	3189
266837	3203
266837	3205
266837	3207
266837	3234
267590	3123
267590	3136
267590	3137
267590	3138
267590	3140
267590	3154
267590	3178
267783	3047
267783	3098
267783	3100
267783	3118
267783	3153
267783	3167
267783	3168
267783	3211
267783	3225
268762	3058
268762	3092
268762	3154
268762	3203
268891	3046
268891	3082
268891	3095
268891	3126
268891	3140
268891	3153
268891	3167
268891	3174
268891	3178
268891	3225
268991	3084
268991	3095
268991	3115
268991	3116
268991	3131
268991	3153
268991	3203
268991	3208
268991	3234
268991	3245
268991	3251
269720	3046
269720	3047
269720	3082
269720	3092
269720	3104
269720	3105
269720	3115
269720	3123
269720	3126
269720	3128
269720	3131
269720	3132
269720	3136
269720	3138
269720	3140
269720	3151
269720	3152
269720	3153
269720	3154
269720	3159
269720	3161
269720	3165
269720	3174
269720	3178
269720	3193
269720	3199
269720	3207
269720	3214
269720	3222
269720	3234
269720	3245
269720	3251
269720	3286
271089	3085
271089	3095
271089	3111
271089	3133
271089	3136
271089	3138
271089	3167
271089	3168
271089	3174
271089	3203
271089	3253
271089	3413
271966	3017
271966	3037
271966	3047
271966	3059
271966	3072
271966	3075
271966	3084
271966	3099
271966	3135
271966	3143
271966	3144
271966	3155
271966	3156
271966	3157
271966	3168
271966	3227
271976	3047
271976	3059
271976	3082
271976	3092
271976	3099
271976	3123
271976	3136
271976	3137
271976	3138
271976	3140
271976	3154
271976	3156
271976	3174
271976	3431
272179	3070
272179	3095
272179	3104
272179	3115
272179	3125
272179	3130
272179	3140
272179	3151
272179	3178
272179	3189
272805	3082
272805	3178
273258	3049
273258	3055
273258	3089
273258	3090
273258	3095
273258	3111
273258	3167
273258	3168
273258	3225
273691	3046
273691	3082
273691	3095
273691	3124
273691	3125
273691	3134
273691	3135
273691	3136
273691	3141
273691	3153
273691	3167
273691	3178
273691	3194
273691	3195
273691	3203
273691	3225
273691	3234
273691	3286
274161	3064
274161	3073
274161	3075
274161	3090
274161	3096
274161	3101
274161	3143
275246	3038
275246	3087
275246	3112
275246	3131
275246	3173
275246	3185
275246	3201
275246	3211
276034	3095
276034	3123
276034	3128
276034	3136
276034	3149
276034	3154
276034	3227
277439	3082
277439	3128
277439	3136
277439	3153
277439	3178
278559	3020
278559	3021
278559	3022
278559	3044
278559	3061
278559	3111
278559	3112
278559	3121
278559	3122
278559	3125
278559	3129
281734	3036
281734	3042
281734	3044
281734	3047
281734	3052
281734	3055
281734	3064
281734	3066
281734	3067
281734	3072
281734	3076
281734	3084
281734	3086
281734	3092
281734	3096
281734	3098
281734	3108
281734	3109
281734	3111
281734	3112
281734	3113
281734	3117
281734	3119
281734	3122
281734	3123
281734	3124
281734	3125
281734	3126
281734	3129
281734	3130
281734	3131
281734	3132
281734	3133
281734	3136
281734	3144
281734	3146
281734	3147
281734	3150
281734	3153
281734	3154
281734	3156
281734	3157
282486	3161
282486	3167
282486	3178
282486	3225
282486	3286
284565	3046
284565	3082
284565	3095
284565	3114
284565	3118
284565	3128
284565	3136
284565	3137
284565	3141
284565	3151
284565	3153
284565	3174
284565	3178
284565	3185
284565	3192
284565	3234
290703	3047
290703	3082
290703	3095
290703	3109
290703	3118
290703	3138
290703	3142
290703	3169
290703	3174
290703	3178
290703	3196
290703	3205
290703	3207
290703	3216
290703	3222
290703	3234
290977	3038
290977	3041
290977	3046
290977	3047
290977	3059
290977	3123
290977	3136
290977	3140
290977	3151
290977	3154
290977	3167
290977	3169
290977	3178
290977	3221
290977	3245
290977	3286
290977	3336
292663	3036
292663	3041
292663	3047
292663	3050
292663	3051
292663	3059
292663	3064
292663	3065
292663	3069
292663	3071
292663	3072
292663	3079
292663	3083
292663	3085
292663	3088
292663	3091
292663	3096
292663	3101
292663	3102
292663	3104
292663	3112
292663	3114
292663	3115
292663	3121
292663	3123
292663	3125
292663	3131
292663	3132
292663	3133
292663	3136
292663	3138
292663	3142
292663	3145
292663	3149
292663	3152
292663	3154
292663	3156
292663	3158
292663	3169
292663	3170
292663	3182
292663	3185
292663	3186
292663	3239
292663	3256
292663	3300
294461	3108
294461	3139
294461	3145
294461	3151
294461	3153
294461	3154
294461	3171
294461	3178
294461	3195
294461	3207
294461	3214
294461	3241
294461	3256
294461	3291
296242	3117
296242	3125
296242	3126
296242	3133
296242	3142
296242	3146
296242	3148
296242	3178
296242	3181
296242	3200
296242	3406
296244	3075
296244	3109
296244	3122
296244	3128
296244	3149
296244	3178
297061	3082
297061	3090
297061	3116
297061	3148
297061	3151
297061	3152
297061	3153
297061	3176
297061	3178
297623	3154
297623	3156
297623	3181
298825	3109
299210	3123
299210	3138
299210	3142
299210	3165
299210	3182
299210	3193
299884	3152
299884	3163
300562	3015
300562	3019
300562	3020
300562	3021
300562	3022
300562	3023
300562	3028
300562	3030
300562	3031
300562	3034
300562	3037
300562	3038
300562	3040
300562	3041
300562	3042
300562	3043
300562	3048
300562	3050
300562	3051
300562	3052
300562	3057
300562	3060
300562	3066
300562	3071
300562	3072
300562	3074
300562	3075
300562	3077
300562	3079
300562	3080
300562	3082
300562	3085
300562	3094
300562	3098
300562	3102
300562	3103
300562	3104
300562	3107
300562	3109
300562	3110
300562	3112
300562	3113
300562	3114
300562	3120
300562	3121
300562	3123
300562	3124
300562	3126
300562	3130
300562	3137
300562	3139
301487	3047
301487	3085
301487	3092
301487	3110
301487	3115
301487	3123
301487	3139
301487	3153
301487	3164
301487	3165
301487	3169
301487	3218
302110	3038
302110	3042
302110	3044
302110	3047
302110	3048
302110	3049
302110	3050
302110	3052
302110	3055
302110	3060
302110	3061
302110	3064
302110	3067
302110	3086
302110	3087
302110	3088
302110	3090
302110	3091
302110	3092
302110	3101
302110	3102
302110	3103
302110	3104
302110	3108
302110	3130
302110	3178
302488	3020
302488	3022
302488	3027
302488	3029
302488	3031
302488	3050
302488	3053
302488	3055
302488	3064
302488	3069
302488	3077
302488	3097
302488	3112
302488	3114
302488	3118
302488	3119
302488	3124
302488	3129
302488	3130
302488	3156
302488	3158
302488	3164
302488	3168
302488	3183
302488	3192
302488	3227
302488	3233
302488	3234
302488	3238
302488	3253
302488	3286
302488	3297
302488	3304
302488	3317
302488	3392
302488	3431
302645	3067
302645	3082
302645	3112
302645	3116
302645	3122
302645	3123
302645	3126
302645	3128
302645	3138
302645	3139
302645	3140
302645	3141
302645	3151
302645	3153
302645	3165
302645	3193
302645	3194
302645	3195
302645	3455
303269	3128
303269	3136
303269	3137
303269	3138
303269	3142
303269	3152
303269	3153
303269	3154
303269	3173
303269	3177
303269	3178
303269	3318
305182	3061
305182	3064
305182	3075
305182	3076
305182	3078
305182	3090
305182	3092
305182	3099
305182	3123
305182	3133
305182	3144
305182	3165
306282	3051
306282	3082
306282	3095
306282	3105
306282	3107
306282	3115
306282	3116
306282	3118
306282	3121
306282	3125
306282	3136
306282	3139
306282	3140
306282	3153
306282	3154
306282	3159
306282	3161
306282	3164
306282	3166
306282	3167
306282	3168
306282	3172
306282	3173
306282	3174
306282	3178
306282	3180
306282	3187
306282	3192
306282	3193
306282	3195
306282	3198
306282	3207
306282	3222
306282	3225
306282	3229
306282	3253
306282	3270
306282	3274
306282	3286
306282	3297
306282	3392
306688	3082
306688	3092
306688	3114
306688	3121
306688	3123
306688	3128
306688	3131
306688	3136
306688	3138
306688	3140
306688	3142
306688	3146
306688	3154
306688	3166
306688	3177
306688	3178
306688	3207
306688	3225
306688	3229
307201	3042
307201	3048
307201	3055
307201	3057
307201	3060
307201	3065
307201	3069
307201	3071
307201	3072
307201	3074
307201	3075
307201	3079
307201	3080
307201	3082
307201	3084
307201	3085
307201	3088
307201	3090
307201	3093
307201	3094
307201	3095
307201	3096
307201	3101
307201	3102
307201	3104
307201	3107
307201	3108
307201	3109
307201	3110
307201	3111
307201	3112
307201	3113
307201	3114
307201	3115
307201	3118
307201	3120
307201	3121
307201	3122
307201	3123
307201	3124
307201	3125
307201	3126
307201	3131
307201	3135
307201	3137
307201	3141
307201	3142
307201	3145
307201	3147
307201	3148
307201	3151
307201	3154
307201	3155
307201	3157
307201	3158
307201	3159
307201	3163
307706	3116
307706	3152
307706	3153
307706	3154
307706	3173
307706	3178
307706	3297
308453	3014
308453	3015
308453	3016
308453	3017
308453	3019
308453	3020
308453	3024
308453	3025
308453	3027
308453	3029
308453	3031
308453	3033
308453	3034
308453	3037
308453	3040
308453	3047
308453	3048
308453	3049
308453	3050
308453	3051
308453	3055
308453	3060
308453	3064
308453	3067
308453	3070
308453	3071
308453	3072
308453	3073
308453	3074
308453	3075
308453	3077
308453	3080
308453	3085
308453	3086
308453	3087
308453	3096
308453	3101
308453	3119
308453	3121
308453	3122
308453	3124
308453	3129
308453	3133
308453	3135
308453	3136
308453	3143
308453	3147
308453	3154
308453	3158
308834	3014
308834	3015
308834	3016
308834	3019
308834	3020
308834	3025
308834	3033
308834	3035
308834	3036
308834	3037
308834	3039
308834	3040
308834	3042
308834	3047
308834	3048
308834	3051
308834	3052
308834	3053
308834	3055
308834	3059
308834	3061
308834	3063
308834	3064
308834	3066
308834	3067
308834	3070
308834	3072
308834	3073
308834	3076
308834	3078
308834	3079
308834	3080
308834	3082
308834	3084
308834	3085
308834	3086
308834	3087
308834	3092
308834	3094
308834	3095
308834	3099
308834	3103
308834	3104
308834	3106
308834	3107
308834	3108
308834	3109
308834	3112
308834	3114
308834	3115
308834	3122
308834	3123
308834	3126
308834	3130
308834	3131
308834	3136
308834	3137
308834	3154
308834	3173
308834	3185
308834	3186
308834	3198
308834	3270
308834	3303
309162	3140
309162	3142
309162	3154
309162	3174
309162	3196
309162	3198
309162	3207
309162	3208
309162	3216
309162	3217
309162	3218
309162	3225
309162	3226
309162	3234
309162	3236
309162	3251
309162	3268
309162	3274
309162	3275
309926	3140
309926	3142
309926	3153
309926	3155
309926	3161
309926	3174
309926	3175
309926	3195
309926	3205
309926	3234
309926	3245
310354	3014
310354	3015
310354	3016
310354	3017
310354	3019
310354	3020
310354	3021
310354	3022
310354	3024
310354	3025
310354	3026
310354	3027
310354	3029
310354	3031
310354	3036
310354	3037
310354	3038
310354	3039
310354	3042
310354	3047
310354	3049
310354	3050
310354	3052
310354	3055
310354	3061
310354	3064
310354	3066
310354	3067
310354	3071
310354	3072
310354	3076
310354	3077
310354	3078
310354	3079
310354	3080
310354	3083
310354	3084
310354	3085
310354	3086
310354	3088
310354	3093
310354	3095
310354	3096
310354	3098
310354	3102
310354	3108
310354	3109
310354	3110
310354	3112
310354	3113
310354	3115
310354	3117
310354	3118
310354	3119
310354	3121
310354	3122
310354	3123
310354	3124
310354	3126
310354	3127
310354	3129
310354	3132
310354	3133
310354	3134
310354	3135
310354	3137
310354	3142
310354	3143
310354	3144
310354	3145
310354	3146
310354	3147
310354	3148
310354	3151
310354	3153
310354	3154
310354	3156
310354	3158
310354	3165
310354	3166
310354	3168
310354	3169
310354	3170
310354	3173
310354	3176
310354	3177
310354	3181
310354	3189
310354	3193
310354	3203
310461	3123
310461	3125
310461	3127
310461	3138
310461	3140
310461	3153
310461	3169
310461	3170
310499	3053
310499	3058
310499	3166
310499	3184
310499	3221
312108	3082
312108	3122
312108	3123
312108	3139
312108	3142
312108	3153
312108	3161
312108	3165
312108	3174
312108	3181
312108	3185
312108	3234
312108	3243
312108	3269
312108	3411
312497	3015
312497	3016
312497	3019
312497	3038
312497	3046
312497	3047
312497	3049
312497	3050
312497	3051
312497	3052
312497	3055
312497	3057
312497	3058
312497	3059
312497	3062
312497	3063
312497	3065
312497	3069
312497	3073
312497	3075
312497	3079
312497	3080
312497	3084
312497	3090
312497	3092
312497	3099
312497	3101
312497	3102
312497	3103
312497	3104
312497	3106
312497	3107
312497	3108
312497	3109
312497	3111
312497	3112
312497	3113
312497	3114
312497	3117
312497	3118
312497	3119
312497	3120
312497	3122
312497	3123
312497	3124
312497	3126
312497	3132
312497	3133
312497	3134
312497	3136
312497	3137
312497	3138
312497	3139
312497	3140
312497	3141
312497	3143
312497	3146
312497	3148
312497	3151
312497	3153
312497	3154
312497	3155
312497	3157
312497	3158
312497	3178
312497	3203
313893	3090
313893	3138
313893	3140
313893	3156
313893	3174
313893	3177
313893	3234
313893	3270
313893	3317
314302	3082
314302	3203
314302	3286
315749	3075
315749	3082
315749	3111
315749	3136
315749	3141
315749	3153
315749	3155
315749	3178
315749	3225
316528	3058
316528	3075
316528	3122
316528	3140
316528	3141
316528	3159
316528	3164
316528	3189
318503	3051
318503	3053
318503	3058
318503	3063
318503	3069
318503	3080
318503	3095
318503	3097
318503	3099
318503	3103
318503	3107
318503	3115
318503	3118
318503	3121
318503	3123
318503	3124
318503	3128
318503	3131
318503	3133
318503	3136
318503	3137
318503	3138
318503	3139
318503	3141
318503	3146
318503	3147
318503	3149
318503	3150
318503	3156
318503	3158
318503	3160
318503	3161
318503	3162
318503	3163
318503	3165
318503	3167
318503	3177
318503	3178
318503	3182
318503	3185
318503	3186
318503	3187
318503	3189
318503	3192
318503	3193
318503	3203
318503	3226
318503	3256
318503	3270
318503	3274
318503	3286
318503	3297
318518	3082
318518	3128
318518	3138
318518	3140
318518	3153
318518	3154
318518	3174
318518	3175
318518	3178
318518	3216
318518	3224
318518	3234
318518	3245
318518	3251
318518	3315
318993	3063
318993	3068
318993	3070
318993	3075
318993	3080
318993	3082
318993	3095
318993	3104
318993	3105
318993	3111
318993	3122
318993	3124
318993	3125
318993	3127
318993	3131
318993	3139
318993	3140
318993	3141
318993	3142
318993	3145
318993	3146
318993	3147
318993	3148
318993	3151
318993	3154
318993	3161
318993	3164
318993	3165
318993	3168
318993	3173
318993	3176
318993	3180
318993	3181
318993	3185
318993	3186
318993	3187
318993	3188
318993	3191
318993	3194
318993	3195
318993	3197
318993	3198
318993	3199
318993	3201
318993	3205
318993	3209
318993	3211
318993	3215
318993	3217
318993	3222
318993	3226
318993	3229
318993	3234
318993	3235
318993	3236
318993	3246
318993	3247
318993	3250
318993	3257
318993	3258
318993	3264
318993	3277
318993	3286
318993	3300
318993	3392
319194	3038
319194	3072
319194	3082
319194	3132
319194	3153
320537	3050
320537	3052
320537	3053
320537	3061
320537	3063
320537	3064
320537	3067
320537	3072
320537	3076
320537	3078
320537	3079
320537	3082
320537	3084
320537	3085
320537	3086
320537	3094
320537	3098
320537	3104
320537	3111
320537	3112
320537	3113
320537	3115
320537	3119
320537	3125
320537	3129
320537	3131
320537	3133
320537	3136
320537	3138
320537	3141
320537	3142
320537	3145
320537	3146
320537	3148
320537	3151
321036	3059
321036	3075
321036	3082
321036	3111
321036	3123
321036	3124
321036	3126
321036	3128
321036	3131
321036	3132
321036	3136
321036	3138
321036	3146
321036	3153
321036	3154
321036	3178
321235	3082
321235	3125
321235	3136
321235	3138
321235	3167
321346	3097
321346	3103
321346	3141
321348	3075
321348	3084
321348	3092
321348	3097
321348	3103
321348	3123
321348	3136
321348	3137
321348	3146
321348	3153
321348	3154
321348	3162
321348	3166
321348	3172
321348	3177
321348	3182
321348	3193
321348	3205
321348	3227
321348	3300
321348	3392
321491	3100
321491	3133
321491	3138
321491	3167
321491	3177
321491	3178
321491	3207
321491	3245
321491	3274
322216	3044
322216	3064
322216	3070
322216	3084
322216	3090
322216	3092
322216	3113
322216	3129
322216	3132
322216	3133
322216	3135
322216	3137
322216	3139
322216	3141
322216	3145
322216	3147
322216	3150
322216	3151
322216	3153
322216	3155
322216	3157
322465	3047
322465	3048
322465	3049
322465	3057
322465	3059
322465	3065
322465	3066
322465	3069
322465	3071
322465	3072
322465	3088
322465	3140
322465	3153
322465	3154
322465	3252
322531	3019
322531	3020
322531	3021
322531	3022
322531	3023
322531	3024
322531	3026
322531	3028
322531	3030
322531	3032
322531	3033
322531	3034
322531	3035
322531	3036
322531	3037
322531	3038
322531	3041
322531	3047
322531	3050
322531	3054
322531	3055
322531	3066
322531	3069
322531	3070
322531	3073
322531	3075
322531	3078
322531	3084
322531	3090
322531	3091
322531	3094
322531	3095
322531	3098
322531	3099
322531	3100
322531	3103
322531	3108
322531	3110
322531	3112
322531	3113
322531	3118
322531	3122
322531	3129
322531	3130
322531	3132
322531	3133
322531	3139
322531	3144
322531	3147
322531	3151
322531	3152
322531	3158
322531	3165
322531	3168
322531	3170
322531	3171
322531	3172
322531	3173
322531	3189
322531	3193
322531	3227
322531	3392
324280	3046
324280	3082
324280	3128
325823	3128
325823	3133
325823	3153
325823	3224
326002	3179
326768	3095
326768	3105
326768	3111
326768	3125
326768	3141
326768	3147
326768	3151
326768	3168
326915	3138
326915	3154
326915	3178
326915	3190
326915	3203
326915	3286
327130	3037
327130	3038
327130	3046
327130	3047
327130	3050
327130	3059
327130	3067
327130	3069
327130	3072
327130	3073
327130	3075
327130	3082
327130	3085
327130	3086
327130	3092
327130	3095
327130	3109
327130	3110
327130	3112
327130	3114
327130	3115
327130	3121
327130	3122
327130	3123
327130	3128
327130	3131
327130	3132
327130	3134
327130	3136
327130	3137
327130	3138
327130	3139
327130	3141
327130	3154
327130	3155
327130	3157
327130	3158
327130	3165
327130	3166
327130	3168
327130	3169
327130	3170
327130	3171
327130	3172
327130	3176
327130	3178
327130	3182
327130	3185
327130	3189
327130	3192
327130	3193
327130	3194
327130	3201
327130	3211
327130	3256
327130	3300
327999	3095
327999	3155
327999	3225
327999	3297
329126	3063
329126	3064
329126	3082
329126	3095
329126	3118
329126	3196
329126	3224
329126	3424
329126	3445
330387	3082
330387	3095
330387	3125
330387	3148
330387	3251
330387	3275
330387	3297
330407	3046
330407	3047
330407	3058
330407	3071
330407	3079
330407	3082
330407	3104
330407	3107
330407	3118
330407	3123
330407	3126
330407	3127
330407	3128
330407	3131
330407	3134
330407	3136
330407	3142
330407	3146
330407	3152
330407	3165
330407	3173
330407	3178
330407	3252
332101	3123
332101	3153
332101	3154
332101	3174
332101	3178
332101	3195
332101	3216
332204	3140
332204	3164
332204	3180
332204	3207
332204	3257
332204	3271
332204	3274
332346	3042
332346	3043
332346	3044
332346	3047
332346	3048
332346	3049
332346	3050
332346	3051
332346	3052
332346	3059
332346	3061
332346	3064
332346	3067
332346	3068
332346	3071
332346	3072
332346	3073
332346	3074
332346	3076
332346	3083
332346	3084
332346	3085
332346	3086
332346	3087
332346	3088
332346	3091
332346	3101
332346	3104
332346	3109
332346	3112
332346	3113
332346	3115
332346	3117
332346	3123
332346	3125
332346	3126
332346	3127
332346	3131
332346	3133
332346	3138
332346	3144
332346	3146
332346	3161
332346	3197
334571	3046
334571	3133
334571	3138
334571	3225
334705	3046
334705	3098
334705	3140
334705	3154
334705	3167
334998	3092
334998	3095
334998	3105
334998	3119
334998	3185
334998	3300
