1750	2047
1750	2050
1750	2080
1750	2084
1750	2103
1750	2107
1750	2111
1750	2123
1750	2140
1750	2144
1750	2148
1750	2150
1750	2152
1750	2160
1750	2161
1750	2165
1750	2174
1750	2195
1750	2221
1750	2225
1750	2243
1750	2258
1750	2911
1791	2072
1791	2095
1791	2096
1791	2117
1791	2126
1791	2142
1791	2143
1791	2145
1791	2166
1791	2168
1791	2186
2068	2108
2068	2122
2068	2123
2068	2148
2068	2155
2068	2160
2068	2162
2068	2167
2068	2168
2068	2169
2068	2176
2068	2189
2068	2201
3306	2074
3306	2081
3306	2083
3306	2108
3306	2120
3306	2126
3306	2148
3306	2153
3306	2155
3306	2162
3306	2163
3306	2166
3306	2168
3306	2171
3306	2172
3306	2174
3306	2180
3306	2181
3306	2194
3306	2198
3651	2065
3651	2074
3651	2077
3651	2080
3651	2083
3651	2103
3651	2105
3651	2107
3651	2108
3651	2109
3651	2120
3651	2127
3651	2137
3651	2144
3651	2148
3651	2153
3651	2155
3651	2165
3651	2166
3651	2170
3651	2195
3651	2198
3892	2080
3892	2126
3892	2132
3892	2134
3892	2136
3892	2160
3892	2161
3892	2171
4805	2123
4805	2148
4805	2155
4805	2172
4805	2188
4966	2092
4966	2130
4966	2148
4966	2170
4966	2171
4966	2183
4966	2194
4966	2195
4966	2207
6237	2081
6237	2103
6237	2150
6237	2163
6237	2164
6237	2165
6237	2171
6237	2194
6237	2195
6237	2204
6237	2362
6648	2074
6648	2083
6648	2092
6648	2103
6648	2107
6648	2108
6648	2115
6648	2120
6648	2122
6648	2159
6648	2163
6648	2171
6648	2174
6648	2198
6690	2050
6690	2055
6690	2071
6690	2074
6690	2080
6690	2095
6690	2096
6690	2105
6690	2107
6690	2109
6690	2128
6690	2137
6690	2146
6690	2148
6690	2161
6690	2162
6690	2171
6690	2172
6690	2184
6935	2129
6935	2140
6935	2160
7146	2148
7146	2160
7146	2161
7146	2165
7146	2166
7146	2168
7146	2171
7146	2180
7146	2192
7146	2195
7146	2198
7146	2221
7146	2225
7146	2245
7490	2091
7490	2092
7490	2121
7490	2138
7490	2141
7490	2152
7490	2165
7490	2207
7784	2018
7784	2023
7784	2030
7784	2031
7784	2036
7784	2042
7784	2054
7784	2066
7784	2070
7808	2047
7808	2049
7808	2071
7808	2080
7808	2084
7808	2105
7808	2109
7808	2131
7886	2103
7886	2121
7886	2123
7886	2136
7886	2138
7886	2141
7886	2146
7886	2154
7886	2160
7886	2163
7886	2165
7886	2167
7886	2170
7886	2171
7886	2180
7886	2186
7886	2195
7886	2208
7886	2232
9386	2016
9386	2017
9386	2018
9386	2020
9386	2023
9386	2024
9386	2025
9386	2026
9386	2029
9386	2030
9386	2031
9386	2032
9386	2035
9386	2036
9386	2040
9386	2043
9386	2047
9386	2051
9386	2052
9386	2053
9386	2055
9386	2057
9386	2059
9386	2062
9386	2064
9386	2066
9386	2068
9386	2069
9386	2080
9386	2082
9386	2086
9386	2091
9386	2092
9386	2095
9386	2098
9386	2099
9386	2101
9386	2103
9386	2105
9386	2106
9386	2108
9386	2110
9386	2115
9386	2116
9386	2117
9386	2118
9386	2119
9386	2120
9386	2122
9386	2125
9386	2127
9386	2129
9386	2130
9919	2115
9919	2126
9919	2150
9919	2165
9919	2180
10031	2080
10031	2103
10031	2123
10031	2144
10031	2148
10031	2195
10223	2042
10223	2045
10223	2048
10223	2054
10223	2059
10223	2072
10223	2073
10223	2076
10223	2077
10223	2078
10223	2079
10223	2080
10223	2081
10223	2082
10223	2083
10223	2091
10223	2092
10223	2094
10223	2098
10223	2100
10223	2102
10223	2105
10223	2107
10223	2114
10223	2116
10223	2121
10223	2122
10223	2124
10223	2127
10223	2131
10223	2325
10223	2376
10252	2123
10252	2135
10252	2145
10252	2150
10252	2153
10252	2158
10252	2161
10252	2165
10252	2166
10252	2170
10252	2180
10252	2181
10252	2185
10252	2186
10252	2188
10252	2190
10252	2193
10252	2195
10252	2198
10252	2203
11945	2080
11945	2095
11945	2122
11945	2129
11945	2136
11945	2155
11945	2170
12604	2092
12604	2150
12604	2168
13361	2074
13361	2080
13361	2148
13361	2627
15947	2054
15947	2093
15947	2096
15947	2097
15947	2108
15947	2126
15947	2128
15947	2132
15947	2137
15947	2144
15947	2148
15947	2153
15947	2155
15947	2162
15947	2166
15947	2169
15947	2177
15947	2213
16033	2140
16033	2150
16339	2094
16339	2097
16339	2098
16339	2099
16339	2101
16339	2103
16339	2104
16339	2106
16339	2107
16339	2109
16339	2110
16339	2112
16339	2115
16339	2119
16339	2121
16339	2123
16339	2126
16339	2129
16339	2130
16339	2133
16339	2134
16339	2141
16339	2143
16339	2144
16339	2146
16339	2152
16339	2157
16339	2165
16339	2167
16339	2169
16339	2171
16339	2172
16339	2184
16339	2188
16339	2195
16339	2198
16339	2219
16339	2229
16339	2240
16385	2050
16385	2080
16385	2083
16385	2090
16385	2120
16385	2124
16385	2138
16385	2139
16385	2150
16385	2164
16385	2169
16385	2171
16385	2198
16385	2201
17064	2092
17064	2120
17064	2128
17064	2130
17064	2133
17064	2136
17064	2144
17064	2148
17064	2150
17064	2153
17064	2157
17064	2167
17064	2176
17064	2194
18825	2080
18825	2083
18825	2162
19141	2083
19141	2120
19141	2148
19141	2150
19141	2161
19141	2166
19141	2168
19141	2171
19141	2180
19141	2190
19141	2194
19141	2197
19141	2198
20447	2049
20447	2055
20447	2074
20447	2080
20447	2081
20447	2099
20447	2103
20447	2107
20447	2108
20447	2111
20447	2120
20447	2138
20447	2139
20447	2148
20447	2152
20447	2159
20447	2160
20447	2164
20447	2171
20447	2174
20447	2178
20447	2180
20447	2184
20447	2192
20447	2195
20447	2198
20447	2225
20447	2226
20447	2276
23192	2085
23192	2148
23192	2162
23192	2165
23192	2172
23192	2183
23192	2185
23192	2209
24134	2049
24134	2081
24134	2083
24134	2092
24134	2099
24134	2103
24134	2105
24134	2107
24134	2108
24134	2114
24134	2120
24134	2133
24134	2138
24134	2143
24134	2147
24134	2148
24134	2160
24134	2161
24134	2162
24134	2171
24134	2176
24134	2184
24134	2190
24134	2194
24134	2197
24217	2128
24217	2148
24217	2175
24217	2189
24371	2092
24371	2103
24371	2107
24371	2108
24371	2123
24371	2129
24371	2130
24371	2133
24371	2136
24371	2138
24371	2140
24371	2141
24371	2148
24371	2151
24371	2152
24371	2157
24371	2160
24371	2161
24371	2162
24371	2163
24371	2167
24371	2168
24371	2171
24371	2172
24371	2174
24371	2201
26712	2046
26712	2049
26712	2055
26712	2062
26712	2072
26712	2075
26712	2082
26712	2094
26712	2103
26712	2117
26712	2120
26712	2121
26712	2133
26712	2141
26712	2161
26712	2163
26712	2173
26712	2184
26712	2185
26712	2190
26712	2191
26712	2198
26712	2200
26712	2219
26712	2226
26712	2232
26712	2260
26712	2289
27321	2120
27321	2121
27501	2148
29255	2023
29255	2024
29255	2025
29255	2026
29255	2029
29255	2030
29255	2031
29255	2038
29255	2042
29255	2045
29255	2047
29255	2048
29255	2049
29255	2052
29255	2053
29255	2054
29255	2055
29255	2056
29255	2057
29255	2059
29255	2060
29255	2061
29255	2066
29255	2069
29255	2072
29255	2073
29255	2076
29255	2078
29255	2079
29255	2080
29255	2081
29255	2082
29255	2083
29255	2084
29255	2085
29255	2086
29255	2088
29255	2089
29255	2091
29255	2092
29255	2094
29255	2095
29255	2097
29255	2098
29255	2099
29255	2101
29255	2103
29255	2105
29255	2106
29255	2107
29255	2108
29255	2110
29255	2113
29255	2114
29255	2119
29255	2120
29255	2121
29255	2122
29255	2123
29255	2127
29255	2129
29255	2130
29255	2134
29255	2169
29255	2197
29778	2081
29778	2120
29778	2148
29778	2153
29778	2160
29778	2162
29778	2163
29778	2165
29778	2167
29778	2171
29778	2174
29778	2178
29778	2183
29778	2192
29778	2195
29778	2198
30733	2180
30733	2201
33540	2080
34154	2083
34154	2103
34154	2107
34154	2108
34154	2114
34154	2115
34154	2120
34154	2129
34154	2148
34154	2151
34154	2160
34154	2162
34154	2163
34154	2165
34154	2167
34154	2171
34154	2174
34154	2180
34154	2190
34154	2194
34154	2195
34154	2204
34154	2276
34611	2092
34611	2095
34611	2107
34611	2123
34611	2148
34611	2155
34611	2164
34611	2166
34611	2172
34611	2184
35478	2054
35478	2073
35478	2085
35478	2088
35478	2089
35478	2092
35478	2094
35478	2099
35478	2102
35478	2105
35478	2107
35478	2111
35478	2114
35478	2116
35478	2121
35478	2122
35478	2123
35478	2124
35478	2125
35478	2129
35478	2130
35478	2131
35478	2135
35478	2147
35478	2158
35478	2160
35478	2161
35713	2050
35713	2055
35713	2080
35713	2081
35713	2084
35713	2093
35713	2095
35713	2105
35713	2107
35713	2108
35713	2109
35713	2131
35713	2141
35713	2144
35713	2149
35713	2152
35713	2163
35713	2165
35713	2169
35713	2195
35713	2198
35713	2201
35713	2204
35966	2151
35966	2171
35966	2176
35966	2177
35966	2180
35966	2194
35966	2195
35966	2225
36790	2166
36790	2171
36790	2174
36790	2180
36790	2194
37043	2050
37043	2061
37043	2080
37043	2107
37043	2112
37043	2123
37043	2144
37043	2167
38013	2061
38013	2069
38013	2076
38013	2077
38013	2080
38013	2088
38013	2089
38013	2098
38013	2105
38013	2111
38013	2118
38013	2119
38013	2122
38013	2127
38013	2130
38013	2131
38013	2133
38013	2134
38013	2136
38013	2137
38013	2143
38013	2144
38013	2146
38013	2150
38013	2164
38013	2167
38013	2188
38013	2190
38479	2049
38479	2053
38479	2055
38479	2069
38479	2073
38479	2080
38479	2081
38479	2082
38479	2083
38479	2091
38479	2092
38479	2094
38479	2097
38479	2099
38479	2101
38479	2103
38479	2107
38479	2108
38479	2111
38479	2114
38479	2115
38479	2120
38479	2121
38479	2123
38479	2124
38479	2125
38479	2128
38479	2129
38479	2131
38479	2133
38479	2135
38479	2136
38479	2137
38479	2138
38479	2141
38479	2143
38479	2144
38479	2148
38479	2152
38479	2153
38479	2154
38479	2155
38479	2157
38479	2159
38479	2160
38479	2161
38479	2162
38479	2164
38479	2165
38479	2166
38479	2168
38479	2169
38479	2172
38479	2174
38479	2176
38479	2182
38479	2183
38479	2184
38479	2194
38479	2197
38479	2204
38479	2207
38479	2260
39142	2103
39142	2108
39142	2129
39142	2148
39142	2150
39142	2157
39142	2159
39142	2161
39142	2163
39142	2169
39142	2197
39142	2198
39275	2120
39275	2129
39275	2164
40242	2048
40242	2052
40242	2053
40242	2064
40242	2090
40242	2092
40242	2094
40242	2101
40242	2130
40242	2137
40242	2171
40556	2092
40556	2135
40556	2140
40556	2171
40556	2194
40556	2198
40963	2093
40963	2097
40963	2122
43096	2093
43096	2195
43362	2045
43362	2047
43362	2054
43362	2055
43362	2057
43362	2069
43362	2072
43362	2074
43362	2077
43362	2078
43362	2080
43362	2081
43362	2082
43362	2083
43362	2085
43362	2086
43362	2088
43362	2089
43362	2090
43362	2091
43362	2092
43362	2094
43362	2097
43362	2098
43362	2099
43362	2102
43362	2103
43362	2105
43362	2106
43362	2107
43362	2108
43362	2110
43362	2113
43362	2114
43362	2117
43362	2118
43362	2119
43362	2120
43362	2121
43362	2122
43362	2123
43362	2124
43362	2125
43362	2127
43362	2129
43362	2130
43362	2155
43362	2172
48570	2081
48570	2090
48570	2123
49279	2049
49279	2080
49279	2090
49279	2097
49279	2107
49279	2120
49279	2123
49279	2125
49279	2128
49279	2142
49279	2148
49279	2150
49279	2155
49279	2160
49279	2162
49279	2168
49279	2171
49279	2176
49279	2194
49508	2153
49508	2156
49508	2162
49508	2170
49508	2172
49508	2184
49508	2193
49763	2049
49763	2080
49763	2107
49763	2108
49763	2111
49763	2120
49763	2123
49763	2136
49763	2163
49763	2174
49939	2022
49939	2023
49939	2026
49939	2029
49939	2030
49939	2031
49939	2036
49939	2040
49939	2041
49939	2042
49939	2043
49939	2047
49939	2049
49939	2050
49939	2057
49939	2060
49939	2120
49939	2121
49939	2122
49939	2127
49939	2129
49939	2130
49939	2152
49939	2156
49939	2160
49939	2161
49939	2176
49939	2178
50354	2049
50354	2050
50354	2052
50354	2053
50354	2057
50354	2069
50354	2070
50354	2072
50354	2073
50354	2075
50354	2077
50354	2078
50354	2080
50354	2082
50354	2083
50354	2086
50354	2088
50354	2091
50354	2092
50354	2094
50354	2098
50354	2102
50354	2105
50354	2107
50354	2115
50354	2116
50354	2121
50354	2122
50354	2127
50354	2130
50354	2131
50354	2133
50354	2135
50354	2136
50354	2139
50354	2140
50354	2143
50354	2145
50354	2146
50354	2148
50354	2149
50354	2151
50354	2154
50354	2160
50354	2161
50354	2163
50354	2167
50354	2171
50354	2174
50354	2177
50354	2178
50714	2115
50714	2121
50714	2157
51394	2123
51394	2126
51394	2148
51394	2160
51394	2163
51394	2165
51394	2170
51394	2171
51394	2174
51394	2177
51394	2180
51394	2185
51394	2192
51394	2193
51394	2194
51394	2198
51394	2200
51394	2204
51394	2217
51394	2218
51394	2221
51394	2226
51394	2243
51394	2245
51394	2246
51394	2251
51394	2253
51394	2258
51394	2276
51408	2130
51408	2138
51408	2152
51408	2171
51408	2183
51408	2185
51408	2192
51408	2194
51408	2195
51408	2198
51566	2074
51566	2081
51566	2082
51566	2083
51566	2092
51566	2099
51566	2103
51566	2107
51566	2108
51566	2120
51566	2126
51566	2134
51566	2140
51566	2141
51566	2148
51566	2150
51566	2151
51566	2158
51566	2159
51566	2160
51566	2161
51566	2162
51566	2163
51566	2164
51566	2165
51566	2166
51566	2167
51566	2171
51566	2174
51566	2178
51566	2194
51566	2195
51566	2198
51566	2204
51566	2207
51566	2219
51581	2085
51581	2092
51581	2120
51581	2123
51581	2125
51581	2126
51581	2133
51581	2143
51581	2148
51581	2153
51581	2160
51581	2162
51581	2165
51581	2166
51581	2169
51581	2170
51581	2171
51581	2172
51581	2181
51581	2183
51581	2188
51581	2190
51581	2195
54970	2074
54970	2119
54970	2120
54970	2126
54970	2132
54970	2134
54970	2135
54970	2142
54970	2143
54970	2155
54970	2159
54970	2160
54970	2161
54970	2163
54970	2164
54970	2165
54970	2166
54970	2172
54970	2195
54970	2198
54970	2207
55063	2054
55063	2096
55063	2105
55063	2126
55063	2136
55063	2140
55063	2141
55063	2148
55063	2152
55063	2153
55063	2154
55063	2156
55063	2165
55063	2166
55063	2170
55063	2172
55063	2174
55063	2176
55063	2178
55063	2180
55063	2186
55063	2195
55063	2196
55063	2198
55063	2199
55063	2201
55063	2203
55063	2204
55063	2207
55063	2219
55401	2070
55401	2096
55401	2097
55401	2114
55401	2125
55401	2126
55401	2132
55401	2137
55401	2144
55401	2158
55401	2162
55401	2168
55401	2169
55634	2074
55634	2080
55634	2083
55634	2085
55634	2107
55634	2120
55634	2129
55634	2148
55634	2161
55634	2163
55828	2074
55828	2080
55828	2138
55828	2140
55828	2160
55828	2165
55828	2198
56783	2107
56783	2125
56783	2174
57311	2025
57311	2029
57311	2030
57311	2031
57311	2032
57311	2033
57311	2034
57311	2035
57311	2036
57311	2037
57311	2038
57311	2040
57311	2042
57311	2043
57311	2045
57311	2046
57311	2047
57311	2048
57311	2049
57311	2054
57311	2057
57311	2060
57311	2070
57311	2072
57311	2080
57311	2081
57311	2091
57311	2092
57311	2094
57311	2097
57311	2098
57311	2099
57311	2100
57311	2101
57311	2102
57311	2104
57311	2105
57311	2106
57311	2108
57311	2110
57311	2111
57311	2114
57311	2115
57311	2116
57311	2117
57311	2118
57311	2119
57311	2120
57311	2121
57311	2124
57311	2126
57311	2127
57311	2129
57311	2130
57311	2131
57311	2135
58236	2195
59154	2163
59266	2080
59266	2081
59266	2103
59266	2107
59266	2120
59266	2148
59266	2160
59266	2161
59266	2174
59266	2180
59266	2194
59266	2198
59323	2050
59323	2053
59323	2080
59323	2107
59323	2111
59323	2120
59323	2148
59323	2155
59323	2160
59323	2161
59323	2163
59733	2093
59733	2094
59733	2103
59733	2107
59733	2108
59733	2114
59733	2115
59733	2120
59733	2129
59733	2132
59733	2136
59733	2142
59733	2145
59733	2147
59733	2148
59733	2161
59733	2169
59733	2174
60244	2165
60244	2177
60244	2183
60244	2192
60244	2195
60244	2221
60244	2294
60597	2083
60597	2132
60597	2148
60597	2161
60597	2163
60597	2165
60597	2167
60597	2168
60597	2169
60597	2174
60986	2073
60986	2080
60986	2081
60986	2082
60986	2103
60986	2108
60986	2120
60986	2126
60986	2148
60986	2150
60986	2163
60986	2165
60986	2192
60986	2195
60986	2204
60986	2444
60986	2911
60986	3230
61760	2053
61760	2080
61760	2148
61892	2092
61892	2112
61892	2119
61892	2139
61892	2176
61892	2632
62161	2114
62161	2127
62161	2128
62161	2130
62161	2138
62161	2155
62161	2171
62161	2184
62341	2091
62341	2092
62341	2117
62341	2124
62341	2129
62341	2134
62341	2136
62341	2138
62341	2141
62341	2142
62341	2143
62341	2144
62341	2145
62341	2146
62341	2147
62341	2151
62341	2160
62341	2163
62341	2164
62341	2168
62341	2169
62341	2171
62341	2181
62341	2182
62341	2184
62341	2188
62341	2189
62341	2190
62341	2193
62341	2196
62341	2208
62341	2225
62341	2260
63772	2123
64080	2092
64080	2108
64080	2136
64080	2138
64080	2153
64080	2165
64080	2170
64080	2171
64080	2179
64080	2180
64080	2183
64080	2195
64080	2198
64080	2214
64080	2232
64829	2053
64829	2108
64829	2164
64829	2171
65398	2026
65398	2030
65398	2032
65398	2036
65398	2040
65398	2042
65398	2043
65398	2044
65398	2045
65398	2046
65398	2047
65398	2048
65398	2050
65398	2052
65398	2055
65398	2057
65398	2069
65398	2089
65398	2092
65398	2094
65398	2099
65398	2101
65398	2103
65398	2105
65398	2134
66068	2074
66068	2080
66068	2093
66068	2168
66068	2174
66068	3394
67353	2070
67353	2074
67353	2082
67353	2120
67353	2139
67353	2155
67461	2081
67461	2091
67461	2094
67461	2099
67461	2101
67461	2103
67461	2107
67461	2108
67461	2120
67461	2123
67461	2125
67461	2126
67461	2129
67461	2132
67461	2134
67461	2135
67461	2136
67461	2138
67461	2139
67461	2142
67461	2146
67461	2148
67461	2151
67461	2152
67461	2153
67461	2155
67461	2157
67461	2159
67461	2160
67461	2161
67461	2162
67461	2163
67461	2164
67461	2165
67461	2166
67461	2168
67461	2169
67461	2170
67461	2171
67461	2178
67461	2180
67461	2181
67461	2184
67461	2186
67461	2194
67461	2195
67461	2198
67461	2201
67461	2204
67461	2207
67461	2225
67461	2260
67976	2080
67976	2111
67976	2140
67976	2161
67976	2162
67976	2164
67976	2170
67976	2174
69326	2135
69326	2146
69326	2168
69326	2194
69326	2260
69367	2114
70527	2107
70527	2129
70527	2150
70527	2151
70527	2160
70527	2161
70527	2167
70527	2198
70725	2081
70725	2085
70725	2108
70725	2120
70725	2130
70725	2132
70725	2136
70725	2138
70725	2149
70725	2150
70725	2158
70725	2165
70725	2171
70725	2174
70725	2192
70725	2193
70725	2194
70725	2198
70725	2204
70725	2207
74146	2063
74146	2128
74146	2148
74146	2296
74489	2099
74489	2135
74489	2136
74489	2140
74489	2145
74489	2158
74489	2159
74489	2163
74489	2408
75277	2122
75277	2133
75277	2141
75277	2166
75277	2171
75277	2194
75277	2195
75729	2070
75729	2072
75729	2124
75729	2126
75729	2132
75729	2134
75729	2135
75729	2146
75729	2159
75729	2186
76710	2052
76710	2053
76710	2054
76710	2076
76710	2079
76710	2085
76710	2089
76710	2099
76710	2105
76710	2114
76710	2124
76710	2129
76710	2133
76770	2049
76770	2070
76770	2074
76770	2080
76770	2081
76770	2082
76770	2083
76770	2103
76770	2107
76770	2108
76770	2115
76770	2120
76770	2136
76770	2137
76770	2144
76770	2147
76770	2150
76770	2151
76770	2152
76770	2160
76770	2161
76770	2163
76770	2164
76770	2174
76770	2190
76770	2197
76903	2085
76903	2103
76903	2108
76903	2114
76903	2138
76903	2147
76903	2168
76903	2186
76903	2189
76903	2194
76903	2201
77722	2091
77722	2092
77722	2094
77722	2097
77722	2099
77722	2123
77722	2130
77722	2131
77722	2139
77722	2141
77722	2143
77722	2170
77722	2215
77735	2126
77735	2159
77735	2170
77735	2181
77735	2217
77735	2233
79123	2123
79123	2125
79123	2148
79123	2165
79123	2166
79123	2167
79123	2197
79123	2198
80640	2123
80640	2126
80640	2129
80640	2138
80640	2145
80640	2149
80640	2156
80640	2160
80640	2161
80640	2166
80640	2174
80640	2176
80640	2186
80640	2190
80640	2201
80640	2260
83962	2050
83962	2085
83962	2103
83962	2109
83962	2141
83962	2165
83962	2168
83962	2183
84151	2107
84151	2120
84151	2161
84151	2170
84151	2171
84151	2178
85202	2124
86243	2070
86243	2081
86243	2083
86243	2150
86243	2151
86243	2160
86243	2161
86809	2141
86809	2162
86809	2171
86809	2194
87923	2055
87923	2074
87923	2080
87923	2097
87923	2103
87923	2121
87923	2122
87923	2128
87923	2136
87923	2137
87923	2144
87923	2148
87923	2155
87923	2162
87923	2163
87923	2164
87923	2167
87923	2168
87923	2169
87923	2171
87923	2174
87923	2198
87923	3082
89465	2108
89465	2147
89465	2171
89465	2183
89465	2260
90015	2024
90015	2025
90015	2033
90015	2036
90015	2041
90015	2045
90015	2048
90015	2049
90015	2050
90015	2052
90015	2053
90015	2055
90015	2060
90015	2076
90015	2080
90015	2084
90015	2088
90015	2095
90015	2097
90015	2099
90015	2105
90015	2116
90015	2122
90015	2127
90015	2130
90015	2131
90015	2141
90015	2144
90015	2146
90015	2156
90015	2160
90015	2161
90015	2163
90015	2189
90015	2204
90015	2224
90015	2237
90015	2284
90015	2473
92675	2096
92675	2101
92675	2125
92675	2148
92675	2150
92675	2166
92675	2172
92675	2201
92675	2207
92675	2219
94173	2076
94173	2093
94173	2119
94173	2132
94173	2159
94173	2165
94173	2198
94528	2049
94528	2050
94528	2074
94528	2080
94528	2083
94528	2084
94528	2103
94528	2107
94528	2108
94528	2115
94528	2123
94528	2128
94528	2138
94528	2144
94528	2150
94528	2152
94528	2154
94528	2155
94528	2160
94528	2163
94528	2165
94528	2166
94528	2169
94528	2170
94528	2171
94528	2173
94528	2174
94528	2177
94528	2178
94528	2179
94528	2184
94528	2192
94528	2195
94528	2196
94528	2197
94528	2198
94528	2201
94528	2212
94528	2214
94528	2220
94528	2234
94528	2245
94528	2246
94528	2281
95924	2107
95924	2120
95924	2139
95924	2184
95924	2189
95924	2201
95947	2148
95947	2163
95947	2165
95947	2166
95947	2168
95947	2170
95947	2171
95947	2174
95947	2177
95947	2183
95947	2194
95947	2195
95947	2198
96523	2026
96523	2031
96523	2033
96523	2035
96523	2047
96523	2056
96523	2060
96523	2070
96523	2072
96523	2073
96523	2081
96523	2085
96523	2086
96523	2088
96523	2090
96523	2091
96523	2102
96523	2105
96523	2130
96523	2131
96523	2139
96523	2141
96523	2143
96523	2152
96523	2158
96523	2164
96523	2193
96523	2199
96523	2244
97254	2148
97254	2160
97254	2163
97254	2164
97254	2165
97254	2183
97254	2192
98300	2107
98300	2109
98300	2114
98300	2161
98300	2194
98300	2198
99994	2034
99994	2038
99994	2056
99994	2059
99994	2069
99994	2097
99994	2110
99994	2120
99994	2121
99994	2122
99994	2124
99994	2129
99994	2147
99994	2148
99994	2149
99994	2151
99994	2157
99994	2211
101035	2024
101035	2030
101035	2031
101035	2032
101035	2034
101035	2035
101035	2036
101035	2038
101035	2039
101035	2040
101035	2042
101035	2043
101035	2045
101035	2046
101035	2047
101035	2051
101035	2052
101035	2057
101035	2058
101035	2062
101035	2064
101035	2066
101035	2068
101035	2071
101035	2076
101035	2086
101035	2105
101035	2111
101035	2116
101035	2121
101035	2129
101035	2133
101035	2134
101035	2136
101035	2138
101035	2140
101035	2141
101035	2151
101035	2155
101035	2160
101035	2164
101035	2165
101035	2167
101035	2168
101035	2171
101035	2188
101035	2189
102218	2152
102218	2176
102218	2180
102218	2192
102218	2240
102431	2043
102431	2060
102431	2063
102431	2073
102431	2077
102431	2079
102431	2080
102431	2085
102431	2097
102431	2098
102431	2103
102431	2104
102431	2109
102431	2115
102431	2117
102431	2120
102431	2121
102431	2123
102431	2125
102431	2127
102431	2128
102431	2144
102431	2148
102431	2197
103576	2120
103576	2162
103576	2166
103576	2168
103576	2198
106844	2155
106844	2194
107086	2162
107086	2171
107155	2147
107155	2160
107155	2161
107155	2180
110238	2125
110238	2127
110238	2128
110238	2166
110238	2171
110238	2316
110510	2103
110510	2117
110545	2123
110545	2162
110545	2166
110545	2167
110545	2198
111058	2148
111058	2154
111058	2160
111058	2163
111058	2176
111058	2178
111058	2185
111058	2276
111290	2091
111290	2092
111290	2094
111290	2097
111290	2099
111290	2103
111290	2106
111290	2107
111290	2108
111290	2114
111290	2116
111290	2117
111290	2120
111290	2121
111290	2122
111290	2123
111290	2124
111290	2127
111290	2129
111290	2130
111290	2131
112430	2092
112430	2103
112430	2107
112430	2121
112430	2123
112430	2125
112430	2146
112430	2151
112430	2157
112430	2160
112430	2161
112430	2165
112430	2170
112430	2171
112430	2180
112430	2198
113007	2049
113007	2080
113007	2081
113007	2086
113007	2103
113007	2135
113007	2163
113007	2194
113173	2124
113173	2149
113173	2163
113217	2062
113217	2064
113217	2066
113217	2067
113217	2068
113217	2081
113217	2083
113217	2091
113217	2094
113217	2098
113217	2099
113217	2101
113217	2103
113217	2105
113217	2106
113217	2114
113217	2117
113217	2121
113217	2123
113217	2130
113217	2131
113217	2132
113217	2133
113217	2135
114161	2080
114161	2083
114161	2093
114161	2138
114161	2139
114161	2155
114161	2160
114161	2194
114908	2083
114908	2085
114908	2103
114908	2107
114908	2160
114908	2170
114908	2174
114908	2180
114908	2219
116322	2152
116322	2160
116322	2163
116322	2166
116322	2195
118125	2103
118125	2123
118125	2172
118320	2155
118320	2164
118320	2183
118320	2184
118476	2080
118476	2088
118476	2160
118476	2163
118522	2081
118522	2092
118522	2103
118522	2108
118522	2120
118522	2123
118522	2125
118522	2126
118522	2130
118522	2141
118522	2142
118522	2148
118522	2149
118522	2150
118522	2153
118522	2162
118522	2163
118522	2164
118522	2165
118522	2167
118522	2168
118522	2169
118522	2170
118522	2171
118522	2178
118522	2188
118522	2194
118522	2195
118522	2197
118522	2198
118522	2201
118522	2207
118522	2219
121103	2085
121103	2120
121103	2148
121103	3224
124345	2166
126485	2108
126485	2124
126485	2136
126485	2148
126485	2150
126485	2151
126485	2160
126485	2161
126485	2163
126485	2165
126485	2178
126485	2180
126485	2183
126485	2190
126485	2200
126485	2212
126485	2225
126485	2276
126485	2301
126606	2054
126606	2055
126606	2122
126623	2123
126623	2164
127739	2047
127739	2069
127739	2071
127739	2080
127739	2092
127739	2103
127739	2107
127739	2108
127739	2109
127739	2160
127739	2161
127739	2194
127771	2023
127771	2030
127771	2044
127771	2050
127771	2054
127771	2055
127771	2067
127771	2079
127771	2084
127771	2085
127771	2096
127771	2106
127771	2108
127771	2110
127771	2116
127771	2118
127771	2119
127771	2120
127771	2127
127771	2144
127771	2148
127771	2163
127771	2167
127771	2194
129511	2062
129511	2066
129511	2099
129511	2106
129511	2107
129511	2108
129511	2110
129511	2113
129511	2116
129511	2118
129511	2120
129511	2121
129511	2122
129511	2131
129511	2133
129511	2197
130091	2135
130091	2161
130091	2163
130099	2050
130099	2080
130099	2105
130099	2160
130316	2070
130316	2073
130316	2080
130316	2085
130316	2092
130316	2099
130316	2103
130316	2107
130316	2108
130316	2120
130316	2122
130316	2126
130316	2131
130316	2132
130316	2134
130316	2141
130316	2142
130316	2150
130316	2156
130316	2158
130316	2161
130316	2162
130316	2164
130316	2167
130316	2184
130316	2190
130316	2206
130316	2324
130838	2023
130838	2024
130838	2039
130838	2042
130838	2044
130838	2045
130838	2057
130838	2059
130838	2067
130838	2070
130838	2072
130838	2073
130838	2076
130838	2077
130838	2078
130838	2079
130838	2082
130838	2085
130838	2086
130838	2088
130838	2089
130838	2091
130838	2092
130838	2094
130838	2097
130838	2098
130838	2099
130838	2101
130838	2105
130838	2110
130838	2111
130838	2112
130838	2113
130838	2116
130838	2117
130838	2118
130838	2119
130838	2120
130838	2121
130838	2122
130838	2123
130838	2124
130838	2126
130838	2127
130838	2129
130838	2131
130838	2132
130838	2135
130838	2136
130838	2140
130838	2142
130838	2146
130838	2147
130838	2148
130838	2150
130838	2155
130838	2161
130838	2163
130838	2167
130838	2176
130838	2188
130838	2190
130838	2192
131285	2074
131285	2080
131285	2081
131285	2083
131285	2126
131285	2154
131285	2160
131285	2161
131285	2163
131285	2165
131285	2169
131285	2183
131285	2198
131285	2203
131285	2215
131285	2233
131285	2245
131285	2247
131285	2264
131285	2266
131285	2290
131532	2111
131532	2123
131532	2135
131532	2140
131532	2141
131532	2148
131532	2160
131532	2161
131532	2162
131532	2166
131594	2080
131594	2092
131594	2099
131594	2108
131594	2121
131594	2162
131594	2168
131594	2171
131594	2174
132423	2019
132423	2031
132423	2033
132423	2036
132423	2039
132423	2040
132423	2041
132423	2042
132423	2043
132423	2045
132423	2048
132423	2049
132423	2052
132423	2053
132423	2056
132423	2057
132423	2059
132423	2060
132423	2061
132423	2062
132423	2064
132423	2071
132423	2072
132423	2075
132423	2077
132423	2080
132423	2082
132423	2083
132423	2086
132423	2087
132423	2088
132423	2089
132423	2115
132423	2116
132423	2118
132423	2119
132423	2120
132423	2122
132423	2123
132423	2127
132423	2129
132423	2130
132423	2134
132423	2135
132740	2070
132740	2081
132740	2085
132740	2092
132740	2099
132740	2103
132740	2108
132740	2114
132740	2120
132740	2134
132740	2136
132740	2148
132740	2150
132740	2157
132740	2169
132740	2176
132740	2188
132740	2195
133195	2070
133195	2072
133195	2082
133195	2085
133195	2120
133195	2132
133195	2134
133195	2142
133195	2144
133195	2155
133195	2164
133195	2195
133195	2301
133378	2033
133378	2036
133378	2037
133378	2039
133378	2040
133378	2041
133378	2043
133378	2046
133378	2047
133378	2048
133378	2049
133378	2050
133378	2051
133378	2053
133378	2054
133378	2055
133378	2056
133378	2057
133378	2059
133378	2060
133378	2064
133378	2066
133378	2068
133378	2069
133378	2072
133378	2075
133378	2076
133378	2077
133378	2078
133378	2081
133378	2084
133378	2085
133378	2086
133378	2088
133378	2089
133378	2090
133378	2092
133378	2094
133378	2095
133378	2097
133378	2098
133378	2101
133378	2107
133378	2108
133378	2110
133378	2112
133378	2114
133378	2115
133378	2116
133378	2117
133378	2118
133378	2119
133378	2120
133378	2122
133378	2123
133378	2124
133378	2125
133378	2129
133378	2130
133378	2131
133378	2132
133378	2134
133378	2136
133378	2137
133378	2143
133378	2144
133512	2153
133512	2162
133512	2166
133512	2168
133512	2170
133512	2201
133746	2042
133746	2044
133746	2051
133746	2108
133746	2110
133746	2113
133746	2116
133746	2120
133746	2121
133746	2127
133746	2129
133746	2132
133788	2085
133788	2120
133788	2151
133788	2161
133788	2165
133788	2170
133788	2194
136252	2176
136953	2077
136953	2080
136953	2081
136953	2082
136953	2083
136953	2084
136953	2086
136953	2090
136953	2091
136953	2092
136953	2094
136953	2095
136953	2097
136953	2098
136953	2099
136953	2105
136953	2106
136953	2107
136953	2108
136953	2114
136953	2116
136953	2122
136953	2124
136953	2127
136953	2131
136953	2134
136953	2136
136953	2137
136953	2142
136953	2143
136953	2144
136953	2149
136953	2151
136953	2153
136953	2166
136953	2198
136953	2219
136953	2276
136953	2312
136953	2386
137467	2093
137467	2106
137467	2126
137467	2132
137467	2134
137467	2195
137467	2198
137504	2195
138950	2075
138950	2084
138950	2096
138950	2107
138950	2109
138950	2137
138950	2148
138950	2162
138950	2164
138950	2165
138950	2166
138950	2167
138950	2168
138950	2170
138950	2172
138950	2174
138950	2195
138950	2197
138950	2207
138950	2219
139033	2145
139033	2161
139033	2163
139033	2183
139033	2193
139033	2198
139650	2123
139650	2148
139650	2171
141168	2081
141168	2093
141168	2103
141168	2108
141168	2126
141168	2136
141168	2148
141168	2160
141168	2165
141168	2170
141168	2193
141168	2195
141168	2197
141168	2225
141168	2503
144296	2025
144296	2033
144296	2036
144296	2040
144296	2041
144296	2043
144296	2048
144296	2049
144296	2050
144296	2052
144296	2053
144296	2055
144296	2056
144296	2057
144296	2071
144296	2076
144296	2077
144296	2079
144296	2080
144296	2081
144296	2083
144296	2084
144296	2085
144296	2087
144296	2092
144296	2094
144296	2099
144296	2102
144296	2108
144296	2111
144296	2116
144296	2122
144296	2126
144296	2127
144296	2129
144296	2130
144459	2085
144459	2108
144459	2125
144459	2160
144459	2162
144459	2168
144459	2171
144913	2106
144913	2123
144913	2189
145460	2050
145460	2080
145460	2107
145460	2120
147848	2072
147848	2087
147848	2091
147848	2092
147848	2094
147848	2112
147848	2135
147848	2145
147848	2146
147848	2187
147848	2193
147848	2195
147848	2203
147848	2207
147848	2210
147848	2212
147848	2219
147848	2220
147848	2224
147848	2228
147848	2235
147848	2245
147848	2301
147848	2578
147848	2833
147848	2926
147939	2139
147939	2162
147939	2167
148237	2085
148237	2155
148237	2157
148237	2163
148237	2171
148237	2197
148293	2065
148293	2074
148293	2080
148293	2107
148293	2124
149516	2096
149516	2143
151016	2136
151685	2072
151685	2086
151685	2089
151685	2091
151685	2092
151685	2094
151685	2102
151685	2103
151685	2105
151685	2116
151685	2117
151685	2122
151685	2123
151685	2131
151685	2133
152331	2017
152331	2018
152331	2019
152331	2023
152331	2024
152331	2025
152331	2026
152331	2031
152331	2036
152331	2037
152331	2042
152331	2043
152331	2044
152331	2045
152331	2047
152331	2048
152331	2049
152331	2051
152331	2052
152331	2055
152331	2061
152331	2062
152331	2066
152331	2067
152331	2134
152331	2135
152331	2136
152331	2141
152331	2152
154558	2042
154558	2043
154558	2045
154558	2046
154558	2049
154558	2051
154558	2052
154558	2053
154558	2054
154558	2055
154558	2057
154558	2060
154558	2064
154558	2072
154558	2076
154558	2078
154558	2079
154558	2080
154558	2081
154558	2082
154558	2088
154558	2089
154558	2094
154558	2099
154558	2103
154558	2106
154558	2107
154558	2108
154558	2110
154558	2114
154558	2117
154558	2118
154558	2120
154558	2121
154558	2122
154558	2123
154558	2124
154558	2125
154558	2127
154558	2131
154558	2133
154558	2134
154558	2135
154558	2136
155063	2165
155063	2171
155063	2172
158890	2171
158890	2183
158890	2195
158890	2225
159912	2164
160024	2044
160024	2048
160024	2066
160024	2081
160024	2082
160024	2083
160024	2088
160024	2089
160024	2091
160024	2095
160024	2098
160024	2099
160024	2103
160024	2104
160024	2105
160024	2106
160024	2107
160024	2108
160024	2113
160024	2114
160024	2116
160024	2117
160024	2131
160024	2132
160024	2133
160024	2134
160024	2135
160024	2138
160024	2140
160024	2142
160024	2143
160024	2144
160024	2146
160024	2154
160024	2155
160024	2165
160024	2167
160024	2171
160024	2211
161106	2091
161106	2092
161106	2094
161106	2097
161106	2100
161106	2105
161106	2106
161106	2108
161106	2114
161106	2116
161106	2120
161106	2122
161106	2123
161106	2124
161106	2127
161106	2130
161106	2131
161333	2036
161333	2037
161333	2039
161333	2040
161333	2041
161333	2042
161333	2043
161333	2046
161333	2052
161333	2053
161333	2054
161333	2055
161333	2056
161333	2057
161333	2059
161333	2060
161333	2062
161333	2069
161333	2071
161333	2072
161333	2076
161333	2078
161333	2079
161333	2080
161333	2081
161333	2084
161333	2087
161333	2088
161333	2097
161333	2099
161333	2103
161333	2105
161333	2107
161333	2108
161333	2111
161333	2114
161333	2116
161333	2117
161333	2120
161333	2121
161333	2122
161333	2123
161333	2124
161333	2127
161333	2129
161333	2130
161333	2135
161333	2136
161333	2139
161333	2149
161333	2160
161333	2161
161333	2163
161333	2178
161333	2180
161333	2183
161333	2185
161333	2186
161333	2188
161541	2049
161541	2050
161541	2054
161541	2074
161541	2080
161541	2081
161541	2083
161541	2084
161541	2093
161541	2105
161541	2109
161541	2120
161541	2122
161541	2130
161541	2135
161541	2136
161541	2138
161541	2145
161541	2152
161541	2160
161541	2161
161541	2163
161541	2168
161541	2169
161541	2170
161541	2171
161541	2174
161541	2177
161541	2185
163175	2053
163175	2069
163175	2077
163175	2080
163175	2081
163175	2092
163175	2094
163175	2107
163175	2108
163175	2114
163175	2120
163175	2123
163175	2146
163175	2147
163175	2150
163175	2155
163175	2163
163175	2164
163175	2194
163727	2129
163727	2148
163727	2163
163727	2168
163727	2171
163727	2174
163727	2180
163727	2194
163727	2195
163727	2198
164644	2034
164644	2035
164644	2042
164644	2050
164644	2061
164644	2080
164644	2081
164644	2082
164644	2120
164644	2161
164644	2174
165054	2133
165054	2157
165054	2160
165054	2163
165054	2164
165054	2165
165054	2170
165054	2183
165054	2191
165054	2194
165054	2198
165054	2212
165054	2219
165054	2225
167435	2176
167435	2180
167435	2198
167649	2020
167649	2023
167649	2029
167649	2030
167649	2033
167649	2035
167649	2037
167649	2042
167649	2045
167649	2048
167649	2052
167649	2053
167649	2054
167649	2056
167649	2057
167649	2061
167649	2067
167649	2068
167649	2076
167649	2078
167649	2079
167649	2080
167649	2081
167649	2082
167649	2084
167649	2085
167649	2087
167649	2097
167649	2107
167649	2108
167649	2111
167649	2114
167649	2116
167649	2120
167649	2121
167649	2122
167649	2124
167649	2127
167649	2130
167649	2134
169665	2031
169665	2033
169665	2036
169665	2040
169665	2042
169665	2043
169665	2044
169665	2045
169665	2048
169665	2049
169665	2052
169665	2053
169665	2054
169665	2055
169665	2056
169665	2057
169665	2068
169665	2070
169665	2072
169665	2073
169665	2078
169665	2080
169665	2081
169665	2082
169665	2085
169665	2086
169665	2088
169665	2090
169665	2091
169665	2094
169665	2095
169665	2107
169665	2108
169665	2114
169665	2116
169665	2118
169665	2119
169665	2120
169665	2121
169665	2122
169665	2126
169665	2127
169665	2129
169665	2147
169665	2278
172863	2018
172863	2023
172863	2024
172863	2025
172863	2030
172863	2031
172863	2047
172863	2054
172863	2055
172863	2061
172863	2064
172863	2067
172863	2069
172863	2070
172863	2071
172863	2074
172863	2075
172863	2076
172863	2077
172863	2079
172863	2080
172863	2085
172863	2090
172863	2091
172863	2092
172863	2094
172863	2095
172863	2096
172863	2099
172863	2101
172863	2111
172863	2114
172863	2116
172863	2120
172863	2121
172863	2124
172863	2125
172863	2126
172863	2127
172863	2129
172863	2130
172863	2131
172863	2134
172863	2135
172863	2137
172863	2139
172863	2140
172863	2141
172863	2142
172863	2146
172863	2147
172863	2148
172863	2149
172863	2151
172863	2152
172863	2155
172863	2156
172863	2169
172863	2171
172863	2172
172863	2175
172863	2176
172863	2201
175937	2074
175937	2083
175937	2092
175937	2093
175937	2097
175937	2107
175937	2111
175937	2123
175937	2144
175937	2163
176333	2071
176333	2099
176333	2120
176333	2122
176333	2126
176333	2141
176333	2142
176333	2143
176333	2148
176333	2155
176333	2161
176333	2164
176333	2165
176333	2170
176333	2174
176333	2176
176333	2180
176333	2181
176333	2190
176333	2193
176333	2195
176333	2197
176333	2198
176333	2204
176333	2225
178196	2107
178196	2108
178196	2136
178196	2138
178196	2148
178196	2152
178196	2160
178196	2165
178196	2170
178196	2174
178196	2180
178196	2194
178196	2195
178196	2204
182008	2097
182008	2098
182008	2120
182008	2127
182008	2174
182883	2123
182883	2126
182883	2127
182883	2133
182883	2139
182883	2141
182883	2145
182883	2146
182883	2154
182883	2156
182883	2158
182883	2160
182883	2161
182883	2178
184695	2049
184695	2074
184695	2080
184695	2083
184695	2084
184695	2103
184695	2107
184695	2108
184695	2109
184695	2120
184695	2158
184695	2160
184695	2161
184695	2163
184695	2180
184695	2194
184695	2195
184695	2198
184695	2225
184695	2275
184695	2362
185072	2074
185072	2080
185072	2081
185072	2103
185072	2107
185072	2120
185072	2123
185072	2129
185072	2144
185072	2148
185072	2153
185072	2155
185072	2160
185072	2161
185072	2162
185072	2163
185072	2165
185072	2171
185072	2186
185072	2198
185072	2200
185072	2209
185072	2225
187049	2049
187049	2074
187049	2080
187049	2081
187049	2083
187049	2085
187049	2092
187049	2093
187049	2095
187049	2097
187049	2099
187049	2103
187049	2107
187049	2108
187049	2115
187049	2122
187049	2123
187049	2124
187049	2126
187049	2128
187049	2134
187049	2135
187049	2136
187049	2139
187049	2140
187049	2141
187049	2144
187049	2145
187049	2146
187049	2148
187049	2149
187049	2151
187049	2152
187049	2155
187049	2157
187049	2161
187049	2162
187049	2163
187049	2164
187049	2167
187049	2168
187049	2169
187049	2171
187049	2176
187049	2188
187049	2190
187049	2194
187049	2197
188222	2050
188222	2061
188222	2071
188222	2075
188222	2084
188222	2090
188222	2096
188222	2107
188222	2120
188718	2054
188718	2075
188718	2091
188718	2092
188718	2096
188718	2108
188718	2109
188718	2138
188718	2146
188718	2162
188718	2164
188718	2171
188718	2189
188718	2887
188724	2120
188724	2122
188724	2123
188724	2171
188948	2103
188948	2121
188948	2136
188948	2144
188948	2169
188948	2195
189288	2125
189288	2144
189288	2171
189978	2048
189978	2052
189978	2053
189978	2054
189978	2055
189978	2056
189978	2059
189978	2064
189978	2069
189978	2071
189978	2072
189978	2075
189978	2076
189978	2079
189978	2082
189978	2084
189978	2111
189978	2122
191503	2120
191503	2123
191503	2148
191503	2163
191503	2194
191503	2198
191902	2162
191902	2166
191902	2171
191902	2183
192992	2038
192992	2049
192992	2057
192992	2059
192992	2060
192992	2061
192992	2077
192992	2089
192992	2092
192992	2094
192992	2095
192992	2098
192992	2099
192992	2102
192992	2103
192992	2104
192992	2105
192992	2106
192992	2107
192992	2108
192992	2110
192992	2114
192992	2116
192992	2119
192992	2120
192992	2122
192992	2127
192992	2131
192992	2140
192992	2144
192992	2147
192992	2161
192992	2163
192992	2171
194952	2092
194952	2096
194952	2097
194952	2107
194952	2137
194952	2148
194952	2162
194952	2168
194952	2171
198256	2050
198256	2080
198256	2109
199007	2019
199007	2039
199007	2044
199007	2056
199007	2057
199007	2059
199007	2066
199007	2075
199007	2078
199007	2080
199007	2081
199007	2082
199007	2083
199007	2089
199007	2090
199007	2095
199007	2098
199007	2099
199007	2101
199007	2105
199007	2106
199007	2107
199007	2108
199007	2113
199007	2116
199007	2120
199007	2121
199007	2122
199007	2127
199007	2130
199007	2132
199007	2144
199069	2121
199069	2126
199069	2146
199069	2150
199339	2050
199339	2123
199339	2130
199339	2137
199339	2150
199339	2169
199339	2172
199339	2219
200126	2050
200126	2071
200126	2074
200126	2080
200126	2083
200126	2103
200126	2107
200126	2108
200126	2109
200126	2120
200126	2123
200126	2139
200126	2148
200126	2151
200126	2157
200126	2160
200126	2161
200126	2163
200126	2165
200126	2166
200126	2171
200126	2174
200126	2194
200126	2195
200126	2198
200126	2207
200126	2260
200665	2123
200665	2126
200665	2148
200665	2162
200665	2166
200665	2171
201865	2103
201865	2126
201865	2129
201865	2135
201865	2136
201865	2146
201865	2148
201865	2150
201865	2162
201865	2168
201865	2171
201865	2188
201865	2207
203295	2124
203295	2135
203295	2145
203295	2148
203295	2150
203506	2129
203506	2136
203506	2180
204895	2079
204895	2139
204895	2153
204895	2168
204895	2169
204895	2170
204895	2181
204895	2186
206404	2047
206404	2070
206404	2071
206404	2081
206404	2083
206404	2084
206404	2105
206404	2107
206404	2117
206404	2124
206404	2135
206404	2145
206404	2146
206404	2150
206404	2151
206404	2159
206404	2163
206404	2165
206404	2183
206404	2190
206404	2193
206404	2198
206404	2203
206404	2225
206557	2103
206557	2119
206557	2120
206557	2125
206557	2126
206557	2137
206557	2153
206557	2155
206557	2157
206557	2162
206557	2180
208070	2050
208070	2071
208070	2080
208070	2096
208070	2137
208070	2140
208070	2150
208070	2160
208070	2161
208070	2171
208070	2194
208070	2201
208598	2080
208598	2083
208598	2090
208598	2140
208598	2145
208598	2146
209308	2028
209308	2080
209308	2103
209308	2107
209308	2108
209308	2120
209308	2148
209308	2153
209308	2160
209308	2161
209308	2162
209308	2163
209308	2165
209308	2166
209308	2168
209308	2169
209308	2171
209308	2174
209308	2178
209308	2181
209308	2183
209308	2185
209308	2193
209308	2194
209308	2200
209308	2209
209308	2225
209308	2276
209375	2074
209375	2105
209375	2109
209375	2163
209375	2194
209375	2225
211747	2108
211747	2109
211747	2140
211747	2153
211747	2163
211747	2168
211747	2195
211825	2125
211825	2134
211825	2138
211825	2139
211825	2141
211825	2142
211825	2171
211825	2184
211825	2195
211825	2207
213035	2080
213035	2085
213035	2097
213035	2116
213035	2122
213035	2148
213035	2197
214461	2107
214461	2166
214461	2181
215493	2016
215493	2018
215493	2070
215493	2073
215493	2075
215493	2081
215493	2098
215493	2099
215493	2102
215493	2105
215493	2106
215493	2107
215493	2108
215493	2109
215493	2111
215493	2114
215493	2116
215493	2118
215493	2120
215493	2121
215493	2122
215493	2123
215493	2124
215493	2127
215493	2130
215493	2131
215493	2136
215493	2139
215493	2142
215493	2144
215493	2148
215493	2151
215493	2172
215493	2174
215493	2176
215493	2195
216738	2081
216738	2092
216738	2099
216738	2103
216738	2107
216738	2108
216738	2121
216738	2123
216738	2135
216738	2168
216738	2176
216738	2199
217248	2155
217814	2129
217814	2150
217814	2163
217814	2194
219202	2044
219202	2051
219202	2053
219202	2055
219202	2064
219202	2071
219202	2086
219202	2097
219202	2105
219202	2109
219202	2110
219202	2120
219202	2121
219202	2122
219202	2126
219202	2127
219202	2128
219202	2149
219202	2156
219202	2172
219202	2178
219202	2197
219202	2207
219202	2696
219369	2107
219369	2120
219369	2148
219369	2160
219369	2165
219369	2166
219369	2170
219369	2171
219369	2174
219369	2180
219369	2183
219369	2194
219516	2015
219516	2016
219516	2017
219516	2021
219516	2023
219516	2024
219516	2025
219516	2026
219516	2029
219516	2030
219516	2031
219516	2033
219516	2034
219516	2036
219516	2037
219516	2038
219516	2039
219516	2040
219516	2042
219516	2043
219516	2047
219516	2048
219516	2049
219516	2050
219516	2052
219516	2053
219516	2054
219516	2055
219516	2056
219516	2057
219516	2059
219516	2062
219516	2064
219516	2068
219516	2069
219516	2072
219516	2076
219516	2078
219516	2079
219516	2080
219516	2081
219516	2082
219516	2084
219516	2087
219516	2088
219516	2089
219516	2090
219516	2092
219516	2094
219516	2098
219516	2099
219516	2102
219516	2103
219516	2105
219516	2107
219516	2108
219516	2111
219516	2114
219516	2116
219516	2117
219516	2120
219516	2121
219516	2122
219516	2123
219516	2124
219516	2127
219516	2129
219516	2130
219516	2547
219516	3513
219719	2099
219719	2123
219719	2148
219719	2192
221564	2074
221564	2081
221564	2083
221564	2108
221564	2109
221564	2111
221564	2129
221564	2148
221564	2260
221746	2133
221746	2169
221746	2195
221746	2197
222886	2092
222886	2103
222886	2108
222886	2114
222886	2121
222886	2123
222886	2133
222886	2134
222886	2135
222886	2146
222886	2157
222886	2158
222886	2164
222886	2167
222886	2197
224073	2085
224073	2123
224073	2160
224073	2171
224073	2194
224661	2054
224661	2071
224661	2075
224661	2080
224661	2093
224661	2103
224661	2114
224661	2120
224661	2123
224661	2126
224661	2135
224661	2146
224661	2169
224661	2171
224661	2198
225204	2126
225204	2132
225204	2135
225204	2148
225204	2159
226264	2031
226264	2033
226264	2036
226264	2049
226264	2050
226264	2054
226264	2056
226264	2067
226264	2070
226264	2074
226264	2081
226264	2083
226264	2084
226264	2098
226264	2103
226264	2105
226264	2107
226264	2108
226264	2109
226264	2111
226264	2116
226264	2121
226264	2122
226264	2123
226264	2124
226264	2126
226264	2129
226264	2131
226264	2136
226264	2140
226264	2143
226264	2144
226264	2146
226264	2148
226264	2153
226264	2156
226264	2160
226264	2162
226264	2163
226264	2164
226264	2165
226264	2166
226264	2167
226264	2168
226264	2169
226264	2170
226264	2171
226264	2174
226264	2177
226264	2180
226264	2183
226264	2188
226264	2195
226264	2198
226264	2202
226264	2209
226264	2217
226264	2218
226264	2242
226264	2245
226264	2246
226264	2268
226264	2305
226264	2306
226264	2506
227249	2074
227249	2080
227249	2083
227249	2087
227249	2091
227249	2101
227249	2107
227249	2109
227249	2126
227249	2133
227249	2134
227249	2138
227249	2144
227249	2147
227249	2157
227249	2160
227249	2161
227249	2167
227249	2171
227249	2190
227249	2197
227249	2559
228053	2039
228053	2047
228053	2049
228053	2050
228053	2054
228053	2071
228053	2080
228053	2081
228053	2083
228053	2084
228053	2105
228053	2109
228053	2128
228053	2137
228053	2144
228053	2166
228053	2175
230291	2070
230291	2080
230291	2107
230291	2109
230291	2138
230291	2144
230291	2161
230291	2162
230291	2163
230291	2164
230291	2183
230291	2201
231583	2150
231583	2197
232511	2107
232511	2145
232511	2151
232511	2160
232511	2162
232511	2163
232511	2171
232511	2174
232511	2184
232511	2194
233252	2069
233252	2105
233252	2186
233739	2050
233739	2083
233739	2092
233739	2138
233739	2141
233739	2155
233739	2165
233739	2166
233739	2171
233739	2177
233739	2183
233739	2185
233739	2192
236270	2049
236270	2074
236270	2080
236270	2083
236270	2097
236270	2107
236270	2131
236270	2144
236270	2151
236270	2167
236270	2190
236493	2083
236493	2099
236493	2123
236493	2138
236493	2160
236493	2165
236493	2174
236493	2180
236493	2195
237810	2083
237810	2085
237810	2099
237810	2108
237810	2117
237810	2120
237810	2122
237810	2132
237810	2134
237810	2135
237810	2139
237810	2140
237810	2146
237810	2147
237810	2150
237810	2158
237810	2159
237810	2160
237810	2161
237810	2165
237810	2174
237810	2180
237810	2181
237810	2186
237810	2194
237810	2195
237810	2198
237810	2522
240042	2126
240229	2092
240229	2107
240229	2108
240229	2125
240229	2126
240229	2130
240229	2133
240229	2134
240229	2135
240229	2138
240229	2140
240229	2145
240229	2146
240229	2147
240229	2151
240229	2153
240229	2160
240229	2161
240229	2162
240229	2165
240229	2166
240229	2168
240229	2171
240229	2183
240229	2184
240229	2185
240229	2188
240229	2189
240229	2190
240229	2195
240229	2198
240229	2200
240229	2219
241441	2099
241441	2103
241441	2107
241441	2120
241441	2125
241441	2132
241441	2143
241441	2148
241441	2160
241441	2161
241441	2163
241441	2167
241441	2169
241441	2171
241441	2180
241441	2183
241441	2194
241441	2197
242159	2048
242159	2049
242159	2072
242159	2073
242159	2075
242159	2077
242159	2078
242159	2080
242159	2081
242159	2082
242159	2083
242159	2091
242159	2092
242159	2094
242159	2095
242159	2097
242159	2098
242159	2099
242159	2101
242159	2103
242159	2107
242159	2110
242159	2114
242159	2116
242159	2117
242159	2121
242159	2122
242159	2123
242159	2124
242159	2127
242159	2129
242159	2131
242159	2132
242159	2141
242159	2142
242159	2145
242159	2146
242159	2147
243236	2074
243236	2083
243236	2092
243236	2101
243236	2103
243236	2107
243236	2108
243236	2117
243236	2120
246132	2034
246132	2038
246132	2040
246132	2041
246132	2042
246132	2043
246132	2047
246132	2049
246132	2050
246132	2052
246132	2053
246132	2056
246132	2057
246132	2064
246132	2071
246132	2078
246132	2082
246132	2088
246132	2092
246132	2094
246132	2095
246132	2097
246132	2099
246132	2100
246132	2102
246132	2107
246132	2115
246132	2121
246132	2133
246132	2210
246132	2300
246132	2413
246132	2435
246132	2527
246632	2050
246632	2061
246632	2086
248665	2050
248665	2136
248665	2163
248755	2107
251084	2121
251084	2124
251084	2126
251084	2129
251084	2130
251084	2133
251084	2134
251084	2136
251084	2139
251084	2141
251084	2150
251084	2151
251084	2152
251084	2153
251084	2154
251084	2157
251084	2160
251084	2161
251084	2163
251084	2165
251084	2167
251084	2168
251084	2169
251084	2170
251084	2171
251084	2174
251084	2176
251084	2178
251084	2179
251084	2180
251084	2182
251084	2183
251084	2185
251084	2186
251084	2188
251084	2189
251084	2190
251084	2193
251084	2195
251084	2196
251084	2197
251084	2198
251084	2199
251084	2200
251084	2201
251084	2203
251084	2204
251084	2207
251084	2208
251084	2219
251084	2232
251084	2276
251407	2123
251407	2124
251407	2129
251407	2130
251407	2138
251407	2146
251407	2148
251407	2149
251407	2151
251407	2153
251407	2154
251407	2160
251407	2161
251407	2163
251407	2165
251407	2166
251407	2167
251407	2170
251407	2171
251407	2174
251407	2176
251407	2180
251407	2181
251407	2202
251407	2207
251407	2225
251407	2263
251407	3514
251940	2080
251940	2086
251940	2092
251940	2108
251940	2167
251940	2168
251940	2175
251940	2197
252984	2061
252984	2106
252984	2121
252984	2126
252984	2133
252984	2157
252984	2160
252984	2162
254673	2049
254673	2050
254673	2053
254673	2054
254673	2072
254673	2074
254673	2076
254673	2080
254673	2081
254673	2083
254673	2084
254673	2085
254673	2092
254673	2093
254673	2095
254673	2096
254673	2099
254673	2108
254673	2109
254673	2111
254673	2114
254673	2115
254673	2120
254673	2121
254673	2122
254673	2123
254673	2125
254673	2126
254673	2128
254673	2129
254673	2130
254673	2132
254673	2133
254673	2136
254673	2137
254673	2142
254673	2143
254673	2144
254673	2147
254673	2148
254673	2159
254673	2162
254673	2163
254673	2164
254673	2167
254673	2168
254673	2169
254673	2171
254673	2172
254673	2174
254673	2188
254673	2194
254673	2197
254673	2198
255195	2069
255195	2074
255195	2080
255195	2081
255195	2083
255195	2103
255195	2107
255195	2108
255195	2111
255195	2115
255195	2131
255195	2136
255195	2140
255195	2141
255195	2142
255195	2146
255195	2148
255195	2152
255195	2161
255195	2163
255195	2164
255195	2167
255195	2170
255195	2177
255195	2178
255195	2180
255195	2181
255195	2183
255195	2187
255195	2190
255195	2192
255195	2197
255195	2204
255195	2206
255195	2210
255195	2212
255195	2225
255195	2228
255195	2247
255195	2248
255195	2260
255195	2276
255195	2281
255377	2053
255377	2092
255377	2103
255377	2128
255377	2214
255693	2077
255693	2080
255693	2101
255693	2115
255693	2118
255693	2119
255693	2123
255693	2125
255693	2127
255693	2130
255693	2145
255693	2160
255693	2173
255961	2047
255961	2074
255961	2080
255961	2103
255961	2107
255961	2130
255961	2148
255961	2152
255961	2162
255961	2171
255961	2197
255961	2198
255961	2225
256126	2123
256126	2155
256126	2161
256126	2165
256126	2171
258734	2103
258734	2107
258734	2162
258734	2163
258734	2170
258734	2177
258734	2192
259847	2121
259847	2126
259847	2136
259847	2151
259847	2160
259847	2161
259847	2163
259847	2164
259847	2166
259847	2171
259847	2195
259847	2197
259952	2055
259952	2072
259952	2073
259952	2080
259952	2082
259952	2097
259952	2101
259952	2103
259952	2120
259952	2122
259952	2123
259952	2125
259952	2128
259952	2132
259952	2135
259952	2138
259952	2140
259952	2141
259952	2142
259952	2143
259952	2144
259952	2146
259952	2163
259952	2166
259952	2167
259952	2168
259952	2171
259952	2174
259952	2184
259952	2189
259952	2194
259952	2201
259952	2204
259952	2207
259952	2213
261982	2085
261982	2148
261982	2171
261982	2194
261982	2195
261982	2225
262445	2082
262445	2083
262445	2101
262445	2107
262445	2111
262445	2120
262445	2128
262445	2129
262445	2140
262445	2142
262445	2144
262445	2148
262445	2168
262445	2171
262445	2172
262445	2174
262445	2195
262445	2197
262726	2080
262726	2081
262726	2108
262726	2154
262726	2160
262726	2171
262726	2174
262726	2185
262726	2195
262726	2196
263454	2125
263454	2148
263454	2153
263454	2166
263454	2168
263856	2090
263856	2091
263856	2092
263856	2093
263856	2094
263856	2097
263856	2098
263856	2099
263856	2100
263856	2103
263856	2106
263856	2107
263856	2108
263856	2109
263856	2110
263856	2111
263856	2112
263856	2116
263856	2117
263856	2118
263856	2122
263856	2127
263856	2129
263856	2134
263856	2139
263856	2140
263856	2141
263856	2143
263856	2156
263856	2160
263856	2161
264025	2138
264025	2150
264025	2160
264025	2165
264025	2170
264025	2171
264025	2174
264025	2245
264090	2071
264090	2075
264090	2081
264090	2095
264090	2101
264090	2102
264090	2107
264090	2108
264090	2130
264090	2132
264090	2164
264090	2178
264090	2189
264135	2121
264135	2123
264135	2124
264135	2129
264135	2130
264135	2133
264135	2135
264135	2136
264135	2138
264135	2139
264135	2140
264135	2141
264135	2145
264135	2146
264135	2148
264135	2149
264135	2150
264135	2151
264135	2152
264135	2153
264135	2154
264135	2158
264135	2160
264135	2161
264135	2162
264135	2163
264135	2165
264135	2166
264135	2167
264135	2168
264135	2170
264135	2171
264135	2172
264135	2174
264135	2176
264135	2178
264135	2179
264135	2180
264135	2181
264135	2182
264135	2183
264135	2184
264135	2185
264135	2186
264135	2188
264135	2189
264135	2190
264135	2193
264135	2194
264135	2195
264135	2196
264135	2198
264135	2199
264135	2200
264135	2201
264135	2203
264135	2204
264135	2207
264135	2208
264135	2209
264135	2214
264135	2216
264135	2219
264135	2225
264135	2232
264135	2234
264135	2260
264135	2272
264490	2074
264490	2092
264490	2101
264490	2103
264490	2107
264490	2108
264490	2117
264490	2120
264490	2125
264490	2128
264490	2129
264490	2134
264490	2148
264490	2156
264490	2159
264490	2164
264490	2169
264490	2170
264490	2172
264490	2195
266031	2050
266031	2074
266031	2080
266031	2106
266031	2120
266031	2136
266031	2148
266031	2160
266031	2170
266031	2183
266031	2213
266031	2245
266356	2086
266356	2087
266356	2203
266837	2092
266837	2107
266837	2108
266837	2138
266837	2148
266837	2151
266837	2158
266837	2160
266837	2163
266837	2166
266837	2171
266837	2185
266837	2198
266837	2204
267590	2081
267590	2103
267590	2107
267590	2120
267590	2136
267590	2171
267783	2122
267783	2160
267783	2164
267783	2171
267783	2172
267783	2175
268762	2103
268762	2162
268762	2183
268891	2123
268891	2162
268891	2164
268891	2170
268891	2171
268891	2174
268891	2194
268891	2225
268991	2074
268991	2083
268991	2103
268991	2111
268991	2122
268991	2129
268991	2148
268991	2163
268991	2194
268991	2198
269720	2108
269720	2136
269720	2140
269720	2148
269720	2151
269720	2160
269720	2161
269720	2162
269720	2163
269720	2165
269720	2166
269720	2167
269720	2171
269720	2177
269720	2183
269720	2184
269720	2192
269720	2197
269720	2198
269720	2225
269720	2260
269720	2276
271089	2097
271089	2123
271089	2126
271089	2128
271089	2142
271089	2148
271089	2162
271089	2167
271089	2168
271089	2171
271089	2198
271089	2249
271089	2252
271089	2262
271089	2293
271089	2318
271089	2321
271966	2047
271966	2055
271966	2075
271966	2091
271966	2092
271966	2096
271966	2097
271966	2099
271966	2101
271966	2105
271966	2111
271966	2128
271966	2131
271966	2138
271966	2141
271966	2142
271966	2144
271966	2155
271966	2168
271966	2169
271966	2174
271966	2189
271976	2107
271976	2108
271976	2124
271976	2138
271976	2149
271976	2163
271976	2171
271976	2184
271976	2195
271976	2201
272179	2082
272179	2091
272179	2103
272179	2114
272179	2121
272179	2123
272179	2139
272179	2150
272179	2157
272179	2164
272179	2171
272179	2184
272805	2047
272805	2080
272805	2093
272805	2141
273258	2079
273258	2128
273258	2155
273691	2084
273691	2105
273691	2109
273691	2148
273691	2163
273691	2168
273691	2169
273691	2171
273691	2172
273691	2181
274161	2111
274161	2116
274161	2124
274161	2134
274161	2150
275246	2054
275246	2057
275246	2086
275246	2087
275246	2120
275246	2126
275246	2134
275246	2135
275246	2186
276034	2047
276034	2049
276034	2080
276034	2105
276034	2109
276034	2154
276034	2161
276034	2165
276034	2167
276034	2171
276034	2174
276034	2195
276034	2198
276034	2204
276034	2225
277439	2049
277439	2081
277439	2093
277439	2103
277439	2105
277439	2107
277439	2111
277439	2180
278559	2023
278559	2030
278559	2034
278559	2038
278559	2040
278559	2055
278559	2069
278559	2086
278559	2087
278559	2088
278559	2091
278559	2092
278559	2094
278559	2097
278559	2101
278559	2107
278559	2108
278559	2120
278559	2121
278559	2123
278559	2125
278559	2129
278559	2130
278559	2132
278559	2142
278559	2144
278559	2146
278559	2162
278559	2166
278559	2168
278559	2171
278559	2186
278559	2188
278559	2197
278559	2301
278559	2498
281734	2026
281734	2029
281734	2030
281734	2031
281734	2032
281734	2033
281734	2034
281734	2036
281734	2038
281734	2042
281734	2045
281734	2047
281734	2049
281734	2051
281734	2054
281734	2057
281734	2059
281734	2067
281734	2069
281734	2070
281734	2072
281734	2073
281734	2076
281734	2078
281734	2080
281734	2082
281734	2083
281734	2088
281734	2089
281734	2099
281734	2105
281734	2106
281734	2107
281734	2114
281734	2118
281734	2119
281734	2120
281734	2121
281734	2122
281734	2123
281734	2124
281734	2127
281734	2133
281734	2134
281734	2135
281734	2136
281734	2144
281734	2146
281734	2149
281734	2151
281734	2178
281734	2185
281734	2187
281734	2190
281734	2198
281734	2199
282486	2114
282486	2165
282486	2183
282486	2198
284565	2074
284565	2083
284565	2126
284565	2129
284565	2162
284565	2163
284565	2164
284565	2171
284565	2174
284565	2194
284565	2198
290703	2074
290703	2083
290703	2105
290703	2108
290703	2109
290703	2120
290703	2148
290703	2171
290703	2194
290703	2195
290703	2198
290977	2049
290977	2074
290977	2080
290977	2121
290977	2136
290977	2144
290977	2148
290977	2160
290977	2161
290977	2163
290977	2165
290977	2168
290977	2171
290977	2174
290977	2225
292663	2047
292663	2049
292663	2053
292663	2071
292663	2105
292663	2109
292663	2131
292663	2137
292663	2144
292663	2161
292663	2163
292663	2171
294461	2153
294461	2161
294461	2165
294461	2166
294461	2183
294461	2185
294461	2192
294461	2202
294461	2223
296242	2123
296242	2129
296242	2130
296242	2153
296242	2169
296242	2186
296242	2260
296244	2080
296244	2131
296244	2135
296244	2165
296244	2168
296244	2194
296244	2198
296244	2225
297061	2049
297061	2069
297061	2090
297061	2092
297061	2094
297061	2095
297061	2109
297061	2120
297061	2137
297061	2146
297061	2161
297623	2122
297623	2125
297623	2155
297623	2166
297623	2168
298825	2080
298825	2120
298825	2148
298825	2159
298825	2163
298825	2194
299210	2050
299210	2109
299210	2120
299210	2124
299210	2156
299210	2163
299210	2194
299884	2303
299884	2321
300562	2019
300562	2024
300562	2032
300562	2033
300562	2035
300562	2036
300562	2039
300562	2040
300562	2043
300562	2045
300562	2048
300562	2049
300562	2050
300562	2051
300562	2055
300562	2056
300562	2057
300562	2059
300562	2060
300562	2061
300562	2064
300562	2068
300562	2069
300562	2073
300562	2075
300562	2081
300562	2084
300562	2085
300562	2088
300562	2090
300562	2094
300562	2095
300562	2097
300562	2101
300562	2102
300562	2103
300562	2105
300562	2110
300562	2111
300562	2116
300562	2117
300562	2122
300562	2131
300562	2155
301487	2080
301487	2084
301487	2164
302110	2016
302110	2024
302110	2025
302110	2026
302110	2029
302110	2031
302110	2032
302110	2035
302110	2036
302110	2042
302110	2055
302110	2059
302110	2060
302110	2069
302110	2072
302110	2078
302110	2079
302110	2081
302110	2082
302110	2084
302110	2085
302110	2089
302110	2091
302110	2094
302110	2097
302110	2098
302110	2099
302110	2114
302110	2116
302110	2117
302110	2118
302110	2119
302110	2120
302110	2121
302110	2122
302110	2123
302110	2124
302110	2125
302110	2129
302110	2130
302110	2131
302110	2135
302110	2141
302110	2143
302110	2146
302110	2147
302110	2164
302110	2166
302110	2168
302488	2031
302488	2034
302488	2038
302488	2059
302488	2064
302488	2072
302488	2082
302488	2091
302488	2092
302488	2099
302488	2103
302488	2117
302488	2122
302488	2127
302488	2129
302488	2130
302488	2133
302488	2138
302488	2143
302488	2161
302488	2176
302645	2028
302645	2070
302645	2074
302645	2080
302645	2084
302645	2086
302645	2105
302645	2109
302645	2126
302645	2131
302645	2160
302645	2164
302645	2194
303269	2047
303269	2049
303269	2050
303269	2053
303269	2074
303269	2075
303269	2080
303269	2083
303269	2084
303269	2085
303269	2103
303269	2104
303269	2105
303269	2108
303269	2109
303269	2110
303269	2114
303269	2115
303269	2120
303269	2122
303269	2123
303269	2129
303269	2136
303269	2137
303269	2138
303269	2144
303269	2147
303269	2151
303269	2152
303269	2157
303269	2159
303269	2160
303269	2161
303269	2167
303269	2168
303269	2171
303269	2174
303269	2186
303269	2188
303269	2190
303269	2197
305182	2111
305182	2116
305182	2122
306282	2081
306282	2103
306282	2108
306282	2120
306282	2123
306282	2126
306282	2148
306282	2150
306282	2154
306282	2158
306282	2160
306282	2161
306282	2163
306282	2164
306282	2165
306282	2166
306282	2178
306282	2180
306282	2184
306282	2186
306282	2190
306282	2193
306282	2194
306282	2195
306282	2198
306282	2203
306282	2219
306688	2070
306688	2074
306688	2081
306688	2082
306688	2083
306688	2099
306688	2103
306688	2107
306688	2108
306688	2115
306688	2117
306688	2120
306688	2124
306688	2126
306688	2132
306688	2136
306688	2140
306688	2145
306688	2152
306688	2157
306688	2160
306688	2161
306688	2163
306688	2164
306688	2165
306688	2167
306688	2168
306688	2169
306688	2171
306688	2174
306688	2185
306688	2190
306688	2195
306688	2197
306688	2198
306688	2204
307201	2068
307201	2071
307201	2072
307201	2078
307201	2080
307201	2087
307201	2089
307201	2092
307201	2094
307201	2097
307201	2098
307201	2103
307201	2104
307201	2106
307201	2107
307201	2108
307201	2110
307201	2111
307201	2117
307201	2120
307201	2121
307201	2123
307201	2125
307201	2127
307201	2131
307201	2138
307201	2144
307201	2145
307201	2146
307201	2148
307706	2103
307706	2108
307706	2114
307706	2125
307706	2135
307706	2143
307706	2145
307706	2146
307706	2148
307706	2153
307706	2168
307706	2169
307706	2198
308453	2022
308453	2024
308453	2025
308453	2026
308453	2029
308453	2033
308453	2034
308453	2040
308453	2049
308453	2051
308453	2052
308453	2059
308453	2060
308453	2061
308453	2070
308453	2072
308453	2075
308453	2077
308453	2078
308453	2079
308453	2082
308453	2083
308453	2090
308453	2091
308453	2092
308453	2098
308453	2102
308453	2103
308453	2105
308453	2114
308453	2116
308453	2123
308453	2124
308453	2131
308453	2133
308453	2135
308453	2136
308453	2139
308453	2146
308453	2147
308453	2148
308453	2149
308834	2029
308834	2030
308834	2031
308834	2036
308834	2039
308834	2042
308834	2048
308834	2052
308834	2054
308834	2056
308834	2057
308834	2059
308834	2061
308834	2064
308834	2066
308834	2067
308834	2068
308834	2069
308834	2072
308834	2075
308834	2076
308834	2077
308834	2078
308834	2083
308834	2084
308834	2087
308834	2088
308834	2089
308834	2090
308834	2093
308834	2095
308834	2105
308834	2121
308834	2123
308834	2129
308834	2130
308834	2135
308834	2136
308834	2195
309162	2140
309162	2153
309162	2160
309162	2161
309162	2162
309162	2163
309162	2170
309162	2174
309162	2177
309162	2183
309162	2184
309162	2192
309162	2194
309162	2195
309162	2198
309162	2200
309162	2202
309162	2204
309162	2243
309162	2260
309162	2276
309926	2138
309926	2153
309926	2165
309926	2185
309926	2195
309926	2198
310354	2016
310354	2017
310354	2047
310354	2049
310354	2050
310354	2051
310354	2053
310354	2054
310354	2055
310354	2057
310354	2069
310354	2071
310354	2072
310354	2076
310354	2077
310354	2078
310354	2079
310354	2080
310354	2082
310354	2083
310354	2084
310354	2086
310354	2088
310354	2089
310354	2090
310354	2091
310354	2092
310354	2094
310354	2095
310354	2097
310354	2098
310354	2099
310354	2103
310354	2104
310354	2105
310354	2106
310354	2107
310354	2108
310354	2110
310354	2111
310354	2112
310354	2113
310354	2114
310354	2116
310354	2117
310354	2118
310354	2119
310354	2120
310354	2121
310354	2122
310354	2123
310354	2124
310354	2126
310354	2127
310354	2129
310354	2130
310354	2137
310354	2140
310354	2141
310354	2142
310354	2144
310354	2147
310354	2151
310354	2155
310354	2157
310354	2164
310354	2168
310354	2172
310354	2184
310461	2080
310461	2103
310461	2148
310461	2155
310461	2163
310461	2173
310461	2178
310461	2183
310461	2911
310499	2125
310499	2148
310499	2153
310499	2166
312108	2084
312108	2107
312108	2120
312108	2194
312108	2198
312497	2026
312497	2029
312497	2030
312497	2033
312497	2034
312497	2035
312497	2038
312497	2042
312497	2045
312497	2047
312497	2049
312497	2052
312497	2053
312497	2054
312497	2057
312497	2061
312497	2064
312497	2069
312497	2072
312497	2073
312497	2074
312497	2076
312497	2077
312497	2079
312497	2080
312497	2084
312497	2085
312497	2086
312497	2088
312497	2089
312497	2090
312497	2091
312497	2092
312497	2094
312497	2095
312497	2097
312497	2098
312497	2099
312497	2100
312497	2101
312497	2102
312497	2105
312497	2107
312497	2110
312497	2113
312497	2114
312497	2115
312497	2116
312497	2118
312497	2119
312497	2122
312497	2123
312497	2124
312497	2127
312497	2130
312497	2131
312497	2132
312497	2133
312497	2136
312497	2138
312497	2140
312497	2141
312497	2143
312497	2144
312497	2145
312497	2146
312497	2166
313893	2103
313893	2136
313893	2161
313893	2162
313893	2176
314302	2107
314302	2120
314302	2132
314302	2133
314302	2148
314302	2169
315749	2107
315749	2108
315749	2126
315749	2132
315749	2146
315749	2147
315749	2153
315749	2164
315749	2165
315749	2181
315749	2186
315749	2195
315749	2225
316528	2164
316528	2170
316528	2185
316528	2196
318503	2081
318503	2085
318503	2092
318503	2094
318503	2099
318503	2114
318503	2120
318503	2121
318503	2125
318503	2129
318503	2132
318503	2133
318503	2134
318503	2138
318503	2147
318503	2149
318503	2152
318503	2156
318503	2159
318503	2161
318503	2162
318503	2163
318503	2164
318503	2165
318503	2166
318503	2167
318503	2169
318503	2171
318503	2178
318503	2181
318503	2184
318503	2186
318503	2188
318503	2190
318503	2195
318503	2196
318503	2197
318503	2198
318503	2199
318503	2200
318503	2201
318503	2203
318503	2207
318503	2214
318503	2219
318503	2225
318503	2260
318518	2103
318518	2123
318518	2160
318518	2161
318518	2162
318518	2174
318518	2180
318518	2194
318518	2195
318518	2198
318518	2212
318518	2225
318518	2243
318993	2038
318993	2074
318993	2085
318993	2094
318993	2099
318993	2108
318993	2123
318993	2126
318993	2129
318993	2130
318993	2134
318993	2135
318993	2136
318993	2139
318993	2140
318993	2145
318993	2146
318993	2148
318993	2150
318993	2151
318993	2152
318993	2157
318993	2158
318993	2160
318993	2161
318993	2163
318993	2165
318993	2170
318993	2173
318993	2176
318993	2178
318993	2180
318993	2181
318993	2182
318993	2186
318993	2194
318993	2195
318993	2196
318993	2198
318993	2200
318993	2201
318993	2203
318993	2204
318993	2210
318993	2225
318993	2231
318993	2260
318993	2274
319194	2144
319194	2158
319194	2161
319194	2162
319194	2163
319194	2176
319194	2186
319194	2194
319194	2198
319194	2201
319194	2207
319194	2596
319194	2710
319194	2912
320537	2038
320537	2041
320537	2042
320537	2046
320537	2048
320537	2049
320537	2053
320537	2054
320537	2055
320537	2059
320537	2061
320537	2062
320537	2066
320537	2068
320537	2069
320537	2072
320537	2075
320537	2078
320537	2081
320537	2082
320537	2083
320537	2084
320537	2086
320537	2089
320537	2091
320537	2092
320537	2094
320537	2095
320537	2097
320537	2098
320537	2099
320537	2101
320537	2105
320537	2106
320537	2107
320537	2108
320537	2111
320537	2114
320537	2115
320537	2116
320537	2120
320537	2121
320537	2122
320537	2123
320537	2124
320537	2127
320537	2130
320537	2131
320537	2132
320537	2133
320537	2134
320537	2138
320537	2144
320537	2145
320537	2148
320537	2149
320537	2152
320537	2160
320537	2164
320537	2197
321036	2074
321036	2080
321036	2083
321036	2120
321036	2163
321036	2174
321235	2047
321235	2050
321235	2061
321235	2080
321235	2081
321235	2085
321235	2103
321235	2105
321235	2107
321235	2120
321235	2123
321235	2130
321235	2136
321235	2143
321235	2148
321235	2153
321235	2155
321235	2164
321235	2168
321235	2171
321235	2174
321235	2195
321346	2054
321346	2135
321346	2145
321346	2146
321348	2050
321348	2081
321348	2111
321348	2120
321348	2136
321348	2139
321348	2157
321348	2161
321348	2163
321348	2165
321348	2171
321348	2174
321348	2190
321348	2194
321348	2258
321491	2079
321491	2080
321491	2083
321491	2097
321491	2103
321491	2120
321491	2128
321491	2137
321491	2144
321491	2148
321491	2160
321491	2161
321491	2168
321491	2169
321491	2174
321491	2197
322216	2024
322216	2039
322216	2044
322216	2073
322216	2077
322216	2078
322216	2081
322216	2082
322216	2086
322216	2088
322216	2089
322216	2090
322216	2091
322216	2092
322216	2095
322216	2098
322216	2099
322216	2100
322216	2102
322216	2105
322216	2111
322216	2113
322216	2114
322216	2116
322216	2117
322216	2118
322216	2119
322216	2120
322216	2122
322216	2125
322216	2127
322216	2131
322216	2134
322216	2148
322216	2156
322216	2167
322465	2053
322465	2056
322465	2075
322465	2076
322465	2077
322465	2078
322465	2080
322465	2081
322465	2083
322465	2084
322465	2088
322465	2090
322465	2092
322465	2094
322465	2096
322465	2099
322465	2101
322465	2132
322465	2148
322465	2164
322465	2313
322465	2559
322465	3031
322465	3046
322531	2041
322531	2042
322531	2043
322531	2047
322531	2051
322531	2052
322531	2053
322531	2054
322531	2055
322531	2060
322531	2061
322531	2063
322531	2080
322531	2090
322531	2091
322531	2092
322531	2093
322531	2094
322531	2095
322531	2097
322531	2098
322531	2104
322531	2105
322531	2107
322531	2108
322531	2110
322531	2112
322531	2113
322531	2114
322531	2115
322531	2117
322531	2119
322531	2121
322531	2122
322531	2123
322531	2125
322531	2126
322531	2127
322531	2128
322531	2129
322531	2130
322531	2138
322531	2141
322531	2142
322531	2143
322531	2144
322531	2149
322531	2151
322531	2157
322531	2162
322531	2167
322531	2197
322531	2198
322531	2209
324280	2083
324280	2170
324280	2195
324280	2198
325823	2080
325823	2148
325823	2198
326002	2148
326002	2165
326002	2185
326002	2195
326768	2171
326915	2123
326915	2171
326915	2174
326915	2183
326915	2202
326915	2243
327130	2049
327130	2053
327130	2069
327130	2070
327130	2071
327130	2074
327130	2080
327130	2081
327130	2082
327130	2083
327130	2084
327130	2092
327130	2096
327130	2099
327130	2103
327130	2105
327130	2107
327130	2108
327130	2122
327130	2126
327130	2132
327130	2134
327130	2136
327130	2141
327130	2142
327130	2151
327130	2152
327130	2158
327130	2159
327130	2160
327130	2161
327130	2163
327130	2164
327130	2167
327130	2168
327130	2171
327130	2176
327130	2184
327130	2190
327130	2197
327999	2120
327999	2232
329126	2164
329126	2165
329126	2170
329126	2196
329126	2250
329126	2307
329126	2426
330387	2082
330387	2126
330387	2133
330387	2157
330387	2195
330387	2198
330407	2123
330407	2130
330407	2150
330407	2151
330407	2152
330407	2161
330407	2163
330407	2170
330407	2171
330407	2174
330407	2178
330407	2194
330407	2195
330407	2196
330407	2198
330407	2225
332101	2123
332101	2136
332204	2145
332204	2165
332346	2083
332346	2084
332346	2088
332346	2089
332346	2092
332346	2098
332346	2099
332346	2100
332346	2101
332346	2103
332346	2105
332346	2106
332346	2107
332346	2108
332346	2111
332346	2114
332346	2115
332346	2116
332346	2117
332346	2118
332346	2120
332346	2121
332346	2124
332346	2129
332346	2131
332346	2132
332346	2134
332346	2143
332346	2144
332346	2146
332346	2147
332346	2148
332346	2156
332346	2163
332346	2195
334571	2042
334571	2055
334571	2069
334571	2074
334571	2080
334571	2121
334571	2133
334571	2157
334571	2169
334571	2171
334571	2198
334705	2074
334705	2103
334705	2107
334705	2151
334705	2160
334705	2163
334705	2174
334705	2176
334998	2140
334998	2153
334998	2170
334998	2225
