1750	2811
1750	2824
1750	2830
1750	2831
1750	2841
1750	2848
1750	2851
1750	2854
1750	2856
1750	2857
1750	2863
1750	2870
1750	2882
1750	2894
1750	2895
1750	2912
1750	2920
1750	2929
1750	3083
1791	2846
1791	2871
1791	2878
1791	2883
1791	2899
2068	2824
2068	2830
2068	2837
2068	2844
2068	2851
2068	2854
2068	2858
2068	2873
2068	2878
2068	2904
3306	2803
3306	2822
3306	2824
3306	2830
3306	2851
3306	2854
3306	2863
3306	2869
3306	2875
3306	2882
3306	2912
3306	2920
3306	2929
3651	2894
3892	2817
3892	2833
3892	2841
3892	2851
3892	2854
3892	2856
3892	2869
3892	2894
3892	2895
3892	2908
3892	2920
3892	2927
3892	2981
4805	2824
4805	2871
4805	2892
4805	2921
4966	2851
4966	2893
4966	2900
4966	2907
6237	2869
6237	2906
6237	2911
6237	2912
6648	2806
6648	2817
6648	2831
6648	2833
6648	2835
6648	2837
6648	2841
6648	2845
6648	2851
6648	2856
6648	2863
6648	2865
6648	2869
6648	2871
6648	2875
6648	2895
6648	2899
6690	2806
6690	2822
6690	2825
6690	2830
6690	2837
6690	2843
6690	2845
6690	2846
6690	2859
6690	2870
6690	2889
6690	2901
6935	2856
6935	2912
6935	2929
7146	2876
7146	2885
7146	2893
7146	2906
7146	2911
7490	2829
7490	2837
7490	2863
7490	2869
7490	2873
7490	2876
7490	2877
7490	2882
7490	2889
7490	2896
7490	2906
7784	2779
7784	2781
7784	2782
7784	2784
7784	2786
7784	2789
7784	2790
7784	2792
7784	2795
7784	2797
7784	2798
7784	2799
7784	2800
7784	2822
7784	2827
7784	2828
7784	2829
7784	2832
7784	2835
7784	2837
7784	2838
7784	2842
7784	2849
7784	2853
7784	2854
7784	2865
7808	2803
7808	2815
7808	2820
7808	2827
7808	2831
7808	2841
7808	2851
7808	2856
7808	2857
7808	2863
7808	2865
7808	2870
7808	2884
7808	2885
7808	2894
7808	2895
7808	2898
7808	2901
7808	2904
7808	2905
7808	2910
7808	2912
7808	2928
7808	2929
7808	2933
7808	2940
7808	2953
7808	2956
7808	2958
7886	2833
7886	2838
7886	2843
7886	2851
7886	2865
7886	2869
7886	2877
7886	2879
7886	2881
7886	2882
7886	2885
7886	2886
7886	2890
7886	2892
7886	2894
7886	2898
7886	2899
7886	2900
7886	2906
7886	2910
7886	2912
7886	2921
7886	2925
7886	2928
7886	2929
9386	2765
9386	2766
9386	2768
9386	2770
9386	2771
9386	2773
9386	2774
9386	2775
9386	2778
9386	2779
9386	2781
9386	2782
9386	2786
9386	2789
9386	2790
9386	2792
9386	2794
9386	2796
9386	2797
9386	2798
9386	2801
9386	2802
9386	2803
9386	2804
9386	2805
9386	2806
9386	2807
9386	2808
9386	2809
9386	2812
9386	2813
9386	2817
9386	2818
9386	2820
9386	2822
9386	2823
9386	2827
9386	2828
9386	2829
9386	2831
9386	2832
9386	2833
9386	2837
9386	2838
9386	2840
9386	2841
9386	2842
9386	2843
9386	2846
9386	2847
9386	2852
9386	2854
9386	2855
9386	2856
9386	2857
9386	2858
9386	2865
9386	2876
9919	2851
9919	2865
9919	2877
9919	2889
9919	2910
9919	2927
9919	2929
9919	3154
10031	2817
10031	2824
10031	2868
10031	2892
10031	2912
10223	2785
10223	2792
10223	2793
10223	2795
10223	2797
10223	2800
10223	2806
10223	2809
10223	2812
10223	2815
10223	2823
10223	2834
10223	2839
10223	2841
10223	2843
10223	2844
10223	2847
10223	2851
10223	2853
10223	2855
10252	2851
10252	2861
10252	2864
10252	2867
10252	2881
10252	2882
10252	2886
10252	2891
10252	2893
10252	2895
10252	2898
10252	2907
10252	2908
10252	2910
10252	2912
10252	2927
10252	2928
11945	2865
11945	2915
12604	2834
12604	2854
12604	2857
12604	2869
12604	2906
12604	2912
12604	2929
13361	2841
13361	2851
13361	2858
13361	2870
13361	2899
13361	2920
15947	2826
15947	2837
15947	2851
15947	2882
15947	2885
15947	2915
15947	2925
15947	2929
15947	2932
15947	3065
16033	2816
16033	2831
16033	2870
16033	2886
16033	2893
16033	2912
16033	2915
16033	2932
16033	2939
16033	2954
16033	2956
16033	2967
16339	2811
16339	2814
16339	2817
16339	2818
16339	2819
16339	2826
16339	2827
16339	2831
16339	2833
16339	2835
16339	2837
16339	2841
16339	2842
16339	2843
16339	2845
16339	2846
16339	2848
16339	2854
16339	2855
16339	2857
16339	2859
16339	2861
16339	2863
16339	2864
16339	2879
16339	2883
16339	2904
16339	2908
16339	2909
16339	2912
16339	2981
16385	2825
16385	2831
16385	2847
16385	2848
16385	2851
16385	2853
16385	2854
16385	2856
16385	2857
16385	2869
16385	2871
16385	2882
16385	2884
16385	2886
16385	2889
16385	2893
16385	2894
16385	2895
16385	2906
16385	2910
16385	2914
16385	2917
16385	2921
16385	2928
16385	2930
16385	2935
16385	2936
16385	2952
16385	2953
16385	2957
16385	2961
16385	2971
17064	2867
17064	2884
17064	2890
17064	2895
17064	2920
18825	2806
18825	2842
18825	2845
18825	2848
18825	2851
18825	2886
19141	2803
20447	2824
20447	2847
20447	2856
20447	2865
20447	2869
20447	2882
20447	2884
20447	2885
20447	2886
20447	2890
20447	2891
20447	2895
20447	2898
20447	2911
20447	2912
20447	2914
20447	2920
20447	2922
20447	2926
20447	2929
20447	2930
20447	2932
20447	2935
20447	2936
20447	2953
20447	2967
20447	3091
23192	2861
24134	2824
24134	2825
24134	2827
24134	2833
24134	2854
24134	2872
24217	2806
24217	2830
24217	2843
24371	2843
24371	2857
24371	2861
24371	2864
24371	2899
24371	2912
26712	2792
26712	2796
26712	2811
26712	2815
26712	2817
26712	2820
26712	2825
26712	2827
26712	2832
26712	2837
26712	2847
26712	2848
26712	2849
26712	2850
26712	2858
26712	2863
26712	2868
26712	2869
26712	2870
26712	2875
26712	2876
26712	2894
26712	2898
26712	2903
26712	2927
26712	2959
26712	3078
27321	2833
27321	2854
27321	2885
27501	2839
27501	2856
29255	2764
29255	2766
29255	2770
29255	2771
29255	2774
29255	2775
29255	2779
29255	2781
29255	2789
29255	2790
29255	2792
29255	2793
29255	2794
29255	2795
29255	2796
29255	2797
29255	2798
29255	2799
29255	2800
29255	2801
29255	2802
29255	2804
29255	2806
29255	2807
29255	2808
29255	2809
29255	2812
29255	2816
29255	2817
29255	2819
29255	2821
29255	2823
29255	2827
29255	2828
29255	2829
29255	2834
29255	2837
29255	2839
29255	2841
29255	2842
29255	2846
29255	2847
29255	2849
29255	2851
29255	2853
29255	2854
29255	2855
29255	2857
29255	2858
29255	2878
29255	2883
29255	2981
29778	2856
29778	2881
29778	2882
29778	2885
29778	2886
29778	2898
29778	2906
29778	2912
29778	2928
30733	2875
30733	2876
30733	2882
33540	2819
33540	2841
33540	2849
33540	2851
33540	2867
33540	2921
34154	2833
34154	2853
34154	2856
34154	2863
34154	2865
34611	2806
35478	2799
35478	2800
35478	2801
35478	2802
35478	2804
35478	2809
35478	2815
35478	2817
35478	2819
35478	2821
35478	2831
35478	2834
35478	2839
35478	2842
35478	2843
35478	2844
35478	2846
35478	2847
35478	2851
35478	2853
35478	2854
35478	2855
35478	2856
35478	2857
35478	2860
35478	2861
35478	2863
35478	2865
35478	2867
35478	2868
35478	2872
35478	2874
35478	2878
35478	2879
35478	2880
35478	2882
35713	2803
35713	2812
35713	2825
35713	2833
35713	2854
35713	2856
35713	2858
35713	2865
35713	2867
35713	2920
35966	2854
35966	2869
35966	2875
35966	2882
35966	2895
35966	2898
35966	2912
36790	2879
36790	2881
36790	2882
36790	2885
36790	2886
36790	2887
36790	2894
36790	2906
36790	2912
36790	2920
36790	2928
36790	2929
37043	2836
37043	2843
37043	2852
37043	2867
37043	2871
37043	2883
37043	2916
38013	2768
38013	2809
38013	2812
38013	2817
38013	2818
38013	2819
38013	2827
38013	2828
38013	2829
38013	2831
38013	2842
38013	2845
38013	2846
38013	2847
38013	2849
38013	2853
38013	2854
38013	2855
38013	2858
38013	2863
38013	2866
38013	2867
38013	2868
38013	2870
38013	2871
38013	2874
38013	2879
38013	2880
38013	2883
38479	2811
38479	2819
38479	2820
38479	2821
38479	2822
38479	2824
38479	2825
38479	2830
38479	2831
38479	2833
38479	2837
38479	2838
38479	2841
38479	2842
38479	2843
38479	2844
38479	2845
38479	2848
38479	2851
38479	2853
38479	2854
38479	2856
38479	2859
38479	2863
38479	2864
38479	2865
38479	2867
38479	2868
38479	2869
38479	2871
38479	2872
38479	2873
38479	2874
38479	2875
38479	2876
38479	2877
38479	2878
38479	2879
38479	2881
38479	2882
38479	2883
38479	2884
38479	2885
38479	2889
38479	2890
38479	2892
38479	2894
38479	2896
38479	2899
38479	2900
38479	2904
38479	2920
38479	2924
38479	2925
38479	2926
38479	2943
38479	2981
39142	2861
39142	2898
39142	2929
39275	2803
39275	2817
39275	2851
39275	2855
39275	2868
39275	2889
39275	2912
39275	2925
40242	2766
40242	2771
40242	2779
40242	2809
40242	2817
40242	2827
40242	2836
40242	2837
40242	2842
40242	2845
40242	2846
40242	2848
40242	2857
40242	2859
40242	2862
40242	2869
40242	2878
40242	2884
40242	2901
40242	2904
40556	2838
40556	2844
40556	2857
40556	2879
40556	2912
40963	2824
40963	2833
40963	2837
40963	2843
40963	2851
40963	2879
40963	2882
40963	2883
40963	2884
40963	2895
40963	2898
40963	2901
40963	2904
40963	2927
40963	2928
43096	2816
43096	2841
43096	2886
43096	2898
43096	3179
43362	2774
43362	2775
43362	2776
43362	2778
43362	2779
43362	2781
43362	2782
43362	2783
43362	2785
43362	2786
43362	2789
43362	2790
43362	2792
43362	2793
43362	2794
43362	2795
43362	2796
43362	2800
43362	2801
43362	2802
43362	2803
43362	2804
43362	2806
43362	2807
43362	2808
43362	2809
43362	2810
43362	2812
43362	2814
43362	2815
43362	2818
43362	2819
43362	2820
43362	2821
43362	2825
43362	2827
43362	2833
43362	2837
43362	2839
43362	2841
43362	2842
43362	2843
43362	2844
43362	2845
43362	2851
43362	2852
43362	2854
43362	2855
43362	2856
43362	2857
43362	2858
43362	2860
43362	2861
43362	2862
43362	2868
43362	2869
43362	2870
43362	2871
43362	2874
43362	2880
43362	2912
48570	2868
48570	2870
48570	2882
48570	2885
48570	2887
48570	2906
48570	2910
48570	2911
48570	2912
48570	2915
48570	2936
48570	2952
49279	2806
49279	2821
49279	2830
49279	2842
49279	2851
49279	2857
49279	2870
49279	2871
49279	2878
49279	2883
49279	2892
49508	2837
49508	2842
49508	2843
49508	2851
49508	2862
49508	2883
49508	2884
49508	2890
49508	2892
49763	2824
49763	2838
49763	2869
49763	2881
49763	2898
49939	2767
49939	2770
49939	2777
49939	2779
49939	2781
49939	2782
49939	2785
49939	2788
49939	2790
49939	2792
49939	2852
49939	2860
49939	2863
49939	2865
49939	2873
49939	2875
49939	2879
50354	2798
50354	2799
50354	2802
50354	2804
50354	2807
50354	2809
50354	2811
50354	2812
50354	2815
50354	2818
50354	2821
50354	2822
50354	2828
50354	2829
50354	2831
50354	2832
50354	2838
50354	2841
50354	2842
50354	2843
50354	2847
50354	2851
50354	2854
50354	2855
50354	2856
50354	2857
50354	2858
50354	2860
50354	2861
50354	2863
50354	2864
50354	2865
50354	2866
50354	2868
50354	2874
50354	2875
50714	2858
50714	2863
51394	2869
51394	2879
51394	2885
51394	2906
51394	2912
51394	2920
51408	2844
51408	2857
51408	2881
51408	2882
51408	2885
51408	2895
51408	2928
51408	2929
51566	2806
51566	2825
51566	2833
51566	2844
51566	2847
51566	2848
51566	2851
51566	2856
51566	2857
51566	2861
51566	2863
51566	2864
51566	2865
51566	2867
51566	2871
51566	2872
51566	2874
51566	2876
51566	2877
51566	2878
51566	2879
51566	2881
51566	2882
51566	2884
51566	2885
51566	2887
51566	2888
51566	2889
51566	2894
51566	2895
51566	2898
51566	2899
51566	2900
51566	2904
51566	2905
51566	2906
51566	2908
51566	2910
51566	2915
51566	2917
51566	2920
51566	2922
51566	2925
51566	2926
51566	2927
51566	2929
51566	2932
51566	2933
51566	2935
51566	2936
51566	2939
51566	2940
51566	2941
51566	2943
51566	2950
51566	2952
51566	2953
51566	2954
51566	2955
51566	2957
51566	2962
51566	2964
51566	2966
51566	2967
51566	2969
51566	2970
51566	2971
51566	2974
51566	2978
51566	2979
51566	2980
51566	2981
51566	2988
51566	2989
51566	2995
51566	3012
51566	3013
51566	3014
51566	3017
51566	3056
51566	3065
51566	3091
51581	2851
51581	2857
51581	2869
51581	2894
51581	2899
51581	2904
51581	2905
51581	2906
51581	2910
51581	2917
51581	2952
51581	2956
54970	2803
54970	2806
54970	2822
54970	2841
54970	2882
54970	2904
55063	2806
55063	2807
55063	2808
55063	2811
55063	2813
55063	2814
55063	2820
55063	2821
55063	2822
55063	2823
55063	2824
55063	2826
55063	2828
55063	2829
55063	2830
55063	2833
55063	2834
55063	2835
55063	2837
55063	2838
55063	2839
55063	2841
55063	2843
55063	2844
55063	2848
55063	2853
55063	2854
55063	2855
55063	2856
55063	2858
55063	2859
55063	2862
55063	2863
55063	2864
55063	2867
55063	2869
55063	2871
55063	2872
55063	2873
55063	2874
55063	2876
55063	2877
55063	2878
55063	2888
55063	2889
55063	2890
55063	2894
55063	2896
55063	2898
55063	2899
55063	2901
55063	2906
55063	2907
55063	2920
55063	2921
55063	2926
55063	2928
55063	2929
55063	2943
55401	2806
55401	2824
55401	2837
55401	2843
55401	2874
55401	2880
55401	2883
55634	2803
55634	2865
55634	2912
55828	2811
55828	2817
55828	2824
55828	2863
55828	2879
55828	2920
56783	2890
56783	2898
56783	2929
57311	2764
57311	2771
57311	2779
57311	2782
57311	2786
57311	2792
57311	2794
57311	2799
57311	2800
57311	2811
57311	2818
57311	2820
57311	2822
57311	2823
57311	2828
57311	2831
57311	2832
57311	2833
57311	2834
57311	2837
57311	2838
57311	2839
57311	2840
57311	2841
57311	2842
57311	2843
57311	2844
57311	2845
57311	2846
57311	2847
57311	2848
57311	2849
57311	2850
57311	2851
57311	2852
57311	2853
57311	2854
57311	2855
57311	2857
57311	2858
58236	2824
58236	2861
58236	2864
58236	2867
58236	2889
58236	2895
58236	2906
58236	2907
59154	2851
59154	2882
59154	2885
59154	2910
59154	2911
59154	2912
59154	2936
59154	2953
59154	3065
59266	2898
59266	2912
59266	2928
59266	2929
59266	2953
59323	2833
59323	2846
59323	2854
59323	2856
59323	2865
59323	2872
59733	2831
59733	2833
59733	2838
59733	2841
59733	2844
59733	2848
59733	2856
59733	2858
59733	2868
59733	2907
59733	2912
59733	2971
60244	2885
60244	2906
60244	2912
60597	2833
60597	2847
60597	2856
60597	2885
60597	2894
60597	2898
60597	2906
60597	2912
60597	2928
60597	2929
60986	2906
60986	2912
60986	2928
60986	2954
61760	2824
61892	2822
61892	2843
61892	2846
62161	2821
62161	2837
62161	2867
62161	2879
62161	2899
62161	2900
62161	2912
62161	2926
62341	2825
62341	2833
62341	2837
62341	2847
62341	2853
62341	2857
62341	2873
62341	2878
62341	2895
62341	2912
63772	2824
63772	2851
63772	2892
64080	2806
64080	2851
64080	2882
64080	2885
64080	2898
64080	2906
64080	2912
64080	2925
64080	2928
64080	2929
64829	2832
64829	2841
64829	2869
65398	2761
65398	2764
65398	2765
65398	2766
65398	2770
65398	2771
65398	2777
65398	2778
65398	2779
65398	2781
65398	2782
65398	2784
65398	2790
65398	2792
65398	2793
65398	2794
65398	2796
65398	2797
65398	2801
65398	2806
65398	2817
65398	2818
65398	2820
65398	2822
65398	2827
65398	2828
65398	2829
65398	2832
65398	2833
65398	2837
65398	2838
65398	2842
65398	2843
65398	2845
65398	2852
65398	2858
66068	2870
66068	2916
66068	2929
67353	2806
67353	2821
67353	2831
67353	2845
67353	2847
67353	2859
67353	2869
67353	2870
67353	2873
67353	2879
67461	2806
67461	2822
67461	2824
67461	2825
67461	2837
67461	2843
67461	2847
67461	2851
67461	2853
67461	2856
67461	2857
67461	2858
67461	2861
67461	2863
67461	2864
67461	2865
67461	2867
67461	2869
67461	2872
67461	2873
67461	2875
67461	2878
67461	2882
67461	2883
67461	2889
67461	2890
67461	2892
67461	2895
67461	2898
67461	2899
67461	2901
67461	2912
67461	2920
67461	2926
67461	2928
67461	2929
67976	2779
67976	2816
67976	2826
67976	2830
67976	2837
69326	2857
69326	2875
69326	2909
69326	2910
69326	2921
69367	2803
69367	2814
70527	2875
70527	2907
70527	2912
70725	2806
70725	2815
70725	2818
70725	2822
70725	2824
70725	2832
70725	2845
70725	2851
70725	2858
70725	2859
70725	2865
70725	2874
70725	2875
70725	2876
70725	2878
70725	2879
70725	2895
70725	2908
70725	2912
70725	2924
70725	2927
70725	2928
74146	2769
74146	2788
74146	2794
74146	2821
74146	2823
74146	2830
74146	2837
74146	2844
74146	2848
74146	2872
74146	2873
74146	2883
74146	2884
74146	2892
74146	2911
74146	2952
74489	2813
74489	2840
74489	2853
74489	2904
75277	2820
75277	2833
75277	2843
75277	2851
75277	2856
75277	2873
75277	2876
75277	2878
75277	2884
75277	2890
75277	2894
75277	2895
75277	2912
75277	2920
75729	2798
75729	2806
75729	2808
75729	2818
75729	2820
75729	2822
75729	2824
75729	2825
75729	2832
75729	2833
75729	2834
75729	2837
75729	2838
75729	2843
75729	2847
75729	2848
75729	2851
75729	2853
75729	2856
75729	2857
75729	2858
75729	2859
75729	2861
75729	2862
75729	2865
75729	2869
75729	2871
75729	2872
75729	2873
75729	2874
75729	2875
75729	2876
75729	2877
75729	2878
75729	2880
75729	2883
75729	2884
75729	2885
75729	2886
75729	2888
75729	2889
75729	2890
75729	2891
75729	2892
75729	2893
75729	2895
75729	2899
75729	2900
75729	2901
75729	2902
75729	2903
75729	2905
75729	2906
75729	2907
75729	2908
75729	2909
75729	2910
75729	2911
75729	2912
75729	2914
75729	2915
75729	2916
75729	2917
75729	2918
75729	2920
75729	2921
75729	2922
75729	2925
75729	2927
75729	2928
75729	2930
75729	2931
75729	2932
75729	2933
75729	2934
75729	2935
75729	2936
75729	2937
75729	2938
75729	2939
75729	2940
75729	2941
75729	2942
75729	2943
75729	2952
75729	2953
75729	2957
75729	2958
75729	2959
75729	2961
75729	2964
75729	2965
75729	2966
75729	2967
75729	2968
75729	2971
75729	2975
75729	2978
75729	2981
75729	2988
75729	3056
75729	3065
75729	3091
76710	2793
76710	2800
76710	2801
76710	2815
76710	2817
76710	2818
76710	2820
76710	2823
76710	2834
76710	2843
76710	2846
76710	2853
76770	2803
76770	2811
76770	2833
76770	2841
76770	2856
76770	2857
76770	2865
76770	2876
76770	2895
76770	2912
76770	2920
76770	2981
76903	2803
76903	2804
76903	2817
76903	2830
76903	2857
76903	2879
76903	2895
76903	2927
77722	2766
77722	2768
77722	2771
77722	2777
77722	2779
77722	2782
77722	2785
77722	2793
77722	2795
77722	2797
77722	2798
77722	2799
77722	2802
77722	2804
77722	2807
77722	2809
77722	2815
77722	2817
77722	2819
77722	2820
77722	2821
77722	2822
77722	2828
77722	2829
77722	2832
77722	2834
77722	2838
77722	2842
77722	2846
77722	2855
77722	2856
77722	2857
77722	2858
77722	2867
77722	2871
77722	2874
77722	2878
77722	2882
77722	2885
77722	2890
77722	2891
77722	2920
77735	2886
77735	2891
77735	2969
79123	2857
79123	2881
79123	2885
79123	2886
79123	2906
80640	2857
80640	2869
80640	2879
80640	2880
80640	2881
80640	2888
80640	2892
80640	2898
80640	2904
80640	2908
80640	2920
80640	2927
80640	2929
80640	2943
83962	2856
83962	2879
83962	2884
83962	2898
83962	2912
84151	2912
85202	2781
85202	2790
85202	2817
85202	2841
85202	2845
85202	2849
85202	2853
85202	2857
85202	2895
86243	2831
86243	2854
86243	2863
86243	2864
86243	2867
86243	2870
86243	2895
86809	2838
86809	2843
86809	2851
86809	2857
86809	2875
86809	2879
86809	2883
86809	2895
86809	2904
86809	2909
86809	2929
87923	2803
87923	2804
87923	2811
87923	2814
87923	2824
87923	2826
87923	2827
87923	2830
87923	2833
87923	2841
87923	2843
87923	2851
87923	2854
87923	2875
87923	2881
87923	2882
87923	2885
87923	2886
87923	2890
87923	2892
87923	2898
87923	2899
87923	2912
87923	2915
87923	2921
87923	2926
87923	2928
87923	2929
87923	2952
89465	2831
89465	2835
89465	2857
89465	2869
89465	2882
89465	2884
89465	2885
89465	2920
89465	2928
90015	2766
90015	2779
90015	2799
90015	2809
90015	2812
90015	2823
90015	2827
90015	2839
90015	2841
90015	2854
90015	2855
92675	2833
92675	2851
92675	2883
92675	2892
92675	2899
92675	2921
94173	2851
94528	2803
94528	2811
94528	2814
94528	2821
94528	2826
94528	2841
94528	2851
94528	2854
94528	2856
94528	2857
94528	2875
94528	2912
95924	2899
95924	2904
95947	2825
95947	2882
95947	2885
95947	2886
95947	2895
95947	2898
95947	2906
95947	2910
95947	2911
95947	2912
95947	2915
95947	2920
95947	2925
95947	2928
96523	2774
96523	2775
96523	2776
96523	2785
96523	2788
96523	2793
96523	2795
96523	2797
96523	2798
96523	2799
96523	2802
96523	2804
96523	2805
96523	2807
96523	2809
96523	2811
96523	2815
96523	2819
96523	2839
96523	2841
96523	2843
96523	2844
96523	2853
96523	2855
96523	2856
96523	2863
96523	2866
96523	2867
96523	2880
96523	2881
96523	2885
96523	2895
96523	2898
96523	2906
96523	2954
97254	2824
97254	2864
97254	2869
97254	2885
97254	2895
98300	2857
98300	2867
98300	2869
98300	2887
98300	2904
98300	2908
98300	2915
98300	2920
98300	2929
99994	2792
99994	2793
99994	2796
99994	2800
99994	2804
99994	2833
99994	2847
99994	2851
99994	2852
99994	2853
99994	2855
99994	2875
99994	2877
99994	2878
99994	2879
99994	2881
99994	2976
101035	2802
101035	2803
101035	2804
101035	2807
101035	2809
101035	2810
101035	2811
101035	2812
101035	2813
101035	2814
101035	2817
101035	2818
101035	2819
101035	2820
101035	2821
101035	2825
101035	2832
101035	2833
101035	2837
101035	2838
101035	2841
101035	2842
101035	2843
101035	2844
101035	2845
101035	2846
101035	2847
101035	2848
101035	2853
101035	2854
101035	2856
101035	2857
101035	2858
101035	2862
101035	2863
101035	2865
101035	2866
101035	2868
101035	2869
101035	2870
101035	2872
101035	2876
101035	2877
101035	2878
101035	2881
101035	2882
101035	2883
101035	2885
101035	2886
101035	2896
102218	2885
102218	2887
102218	3091
102431	2768
102431	2769
102431	2782
102431	2788
102431	2792
102431	2794
102431	2795
102431	2804
102431	2806
102431	2811
102431	2815
102431	2818
102431	2821
102431	2822
102431	2823
102431	2826
102431	2828
102431	2830
102431	2832
102431	2833
102431	2834
102431	2837
102431	2848
102431	2852
102431	2861
102431	2878
102431	2882
102431	2883
102431	2884
102431	2898
103576	2882
103576	2889
103576	2912
106844	2837
106844	2856
106844	2863
106844	2869
106844	2881
107086	2811
107086	2830
107086	2845
107086	2868
107086	2899
107155	2912
110238	2826
110238	2830
110238	2845
110238	2851
110238	2883
110238	2892
110238	2915
110510	2833
110510	2837
110510	2838
110510	2839
110510	2842
110510	2843
110510	2844
110510	2847
110510	2849
110510	2852
110510	2853
110510	2855
110545	2824
110545	2868
110545	2875
111058	2869
111058	2898
111058	2912
111058	2928
111058	2929
111290	2779
111290	2781
111290	2793
111290	2794
111290	2796
111290	2799
111290	2800
111290	2801
111290	2804
111290	2809
111290	2811
111290	2812
111290	2815
111290	2817
111290	2819
111290	2822
111290	2823
111290	2827
111290	2828
111290	2829
111290	2831
111290	2832
111290	2833
111290	2837
111290	2838
111290	2844
111290	2846
111290	2847
111290	2851
111290	2852
111290	2853
111290	2855
111290	2856
111290	2857
111290	2858
111290	2860
112430	2833
112430	2857
112430	2879
112430	2881
112430	2882
112430	2885
112430	2906
112430	2910
112430	2912
112430	2915
113007	2833
113007	2851
113007	2858
113007	2867
113007	2886
113007	2893
113007	2898
113007	2926
113007	2928
113007	2929
113173	2865
113173	2869
113173	2884
113173	2912
113217	2789
113217	2792
113217	2793
113217	2794
113217	2797
113217	2799
113217	2800
113217	2801
113217	2802
113217	2803
113217	2804
113217	2805
113217	2806
113217	2807
113217	2808
113217	2809
113217	2812
113217	2813
113217	2815
113217	2817
113217	2818
113217	2819
113217	2820
113217	2821
113217	2822
113217	2823
113217	2825
113217	2831
113217	2832
113217	2833
113217	2837
113217	2839
113217	2842
113217	2843
113217	2844
113217	2845
113217	2846
113217	2847
113217	2851
113217	2852
113217	2853
113217	2854
113217	2857
113217	2858
113217	2863
113217	2864
113217	2865
113217	2867
113217	2868
113217	2870
113217	2871
113217	2875
113217	2876
113217	2897
113217	2904
113217	2907
113217	2908
113217	2909
113217	2912
113217	2927
113217	2981
114161	2851
114161	2856
114161	2915
114161	2957
114161	3209
114161	3347
114161	3383
114908	2819
114908	2864
114908	2865
114908	2869
114908	2880
114908	2885
114908	2894
114908	2898
114908	2906
114908	2907
114908	2912
114908	2929
116322	2838
116322	2843
116322	2867
116322	2876
116322	2908
116322	2929
118125	2822
118125	2844
118125	2851
118125	2858
118125	2920
118320	2851
118320	2892
118320	2895
118320	2904
118476	2851
118476	2857
118476	2865
118476	2912
118476	2920
118476	3266
118522	2804
118522	2817
118522	2821
118522	2830
118522	2842
118522	2845
118522	2846
118522	2849
118522	2854
118522	2861
118522	2864
118522	2867
118522	2875
118522	2881
118522	2882
118522	2885
118522	2892
118522	2894
118522	2897
118522	2898
118522	2899
118522	2904
118522	2906
118522	2910
118522	2912
118522	2926
118522	2928
118522	2929
121103	2806
121103	2845
121103	2847
121103	2851
121103	2856
121103	2861
121103	2864
121103	2869
121103	2870
121103	2872
124345	2869
124345	2943
126485	2856
126485	2867
126485	2898
126485	2912
126485	2921
126485	2928
126485	2929
126606	2817
126606	2827
126606	2835
126606	2854
126606	2855
126606	2877
126606	2878
126606	2909
126623	2830
126623	2831
126623	2843
126623	2849
126623	2869
126623	2873
126623	2883
126623	2892
127739	2811
127739	2824
127739	2831
127739	2832
127739	2833
127739	2841
127739	2851
127739	2854
127739	2868
127739	2876
127739	2879
127739	2895
127739	2898
127739	2906
127739	2911
127739	2912
127739	2920
127739	2926
127739	2981
127771	2796
127771	2827
127771	2837
127771	2847
127771	2851
127771	2853
127771	2854
127771	2856
127771	2858
127771	2860
127771	2861
127771	2865
127771	2866
127771	2868
127771	2869
127771	2870
127771	2880
127771	2883
127771	2912
127771	2920
129511	2792
129511	2794
129511	2796
129511	2803
129511	2804
129511	2806
129511	2807
129511	2808
129511	2812
129511	2817
129511	2820
129511	2821
129511	2822
129511	2827
129511	2843
129511	2846
129511	2851
129511	2853
129511	2855
129511	2858
129511	2863
129511	2865
129511	2895
129511	2920
129511	2989
130091	2803
130091	2831
130091	2841
130091	2857
130091	2869
130091	2912
130099	2803
130099	2869
130316	2806
130316	2811
130316	2815
130316	2817
130316	2825
130316	2827
130316	2832
130316	2834
130316	2837
130316	2841
130316	2844
130316	2847
130316	2849
130316	2851
130316	2858
130316	2862
130316	2864
130316	2865
130316	2873
130316	2876
130316	2877
130316	2879
130316	2880
130316	2884
130316	2889
130316	2890
130316	2904
130316	2908
130316	2927
130316	2928
130316	2981
130838	2809
130838	2827
130838	2829
130838	2842
130838	2843
130838	2844
130838	2846
130838	2847
130838	2848
130838	2851
130838	2852
130838	2853
130838	2854
130838	2855
130838	2856
130838	2858
130838	2860
130838	2863
130838	2865
130838	2866
130838	2868
130838	2871
130838	2876
130838	2877
130838	2878
130838	2879
130838	2880
130838	2883
130838	2895
130838	2901
131285	2851
131285	2869
131285	2881
131285	2885
131285	2894
131285	2911
131285	2922
131285	2928
131285	2930
131532	2831
131532	2851
131532	2854
131532	2864
131532	2867
131532	2868
131532	2870
131532	2881
131532	2890
131532	2894
131532	2912
131532	2920
131594	2819
131594	2820
131594	2830
131594	2831
131594	2841
131594	2842
131594	2848
131594	2851
131594	2853
131594	2859
131594	2871
131594	2890
131594	2901
132423	2774
132423	2775
132423	2787
132423	2795
132423	2796
132423	2797
132423	2798
132423	2799
132423	2801
132423	2802
132423	2804
132423	2805
132423	2807
132423	2809
132423	2810
132423	2811
132423	2812
132423	2814
132423	2815
132423	2817
132423	2819
132423	2820
132423	2821
132423	2823
132423	2825
132423	2827
132423	2837
132423	2839
132423	2841
132423	2842
132423	2843
132423	2844
132423	2845
132423	2847
132423	2856
132423	2865
132423	2867
132423	2878
132423	2880
132423	2881
132423	2882
132423	2885
132423	2891
132423	2943
132423	3121
132423	3198
132423	3217
132423	3287
132423	3407
132740	2818
132740	2822
132740	2825
132740	2834
132740	2848
132740	2854
132740	2856
132740	2858
132740	2869
132740	2870
132740	2874
132740	2877
132740	2884
132740	2920
133195	2822
133195	2829
133195	2833
133195	2839
133195	2842
133195	2845
133195	2854
133195	2899
133195	2904
133195	2907
133195	2917
133195	2945
133378	2761
133378	2765
133378	2766
133378	2771
133378	2774
133378	2775
133378	2777
133378	2778
133378	2781
133378	2782
133378	2785
133378	2786
133378	2790
133378	2795
133378	2798
133378	2800
133378	2804
133378	2807
133378	2809
133378	2818
133378	2819
133378	2820
133378	2821
133378	2825
133378	2831
133378	2834
133378	2837
133378	2838
133378	2839
133378	2841
133378	2842
133378	2843
133378	2844
133378	2845
133378	2847
133378	2849
133378	2850
133378	2851
133378	2853
133378	2854
133378	2855
133378	2856
133378	2857
133378	2858
133378	2860
133378	2866
133378	2867
133378	2868
133378	2869
133378	2872
133378	2874
133378	2876
133378	2884
133512	2851
133512	2892
133746	2776
133746	2779
133746	2780
133746	2783
133746	2784
133746	2787
133746	2789
133746	2794
133746	2810
133746	2814
133746	2817
133746	2825
133746	2827
133746	2843
133746	2860
133788	2851
133788	2856
133788	2863
133788	2912
136252	2851
136252	2879
136252	2885
136252	2906
136252	2912
136252	2921
136953	2818
136953	2820
136953	2822
136953	2827
136953	2829
136953	2832
136953	2834
136953	2836
136953	2837
136953	2838
136953	2839
136953	2841
136953	2842
136953	2843
136953	2844
136953	2845
136953	2851
136953	2858
136953	2862
136953	2863
136953	2865
136953	2866
136953	2867
136953	2868
136953	2869
136953	2870
136953	2873
136953	2878
136953	2879
136953	2880
136953	2881
136953	2882
136953	2883
136953	2884
136953	2885
136953	2889
136953	2893
136953	2894
136953	2896
136953	2899
136953	2900
136953	2910
137467	2764
137467	2817
137467	2846
137467	2851
137467	2857
137467	2912
137467	2927
137504	2856
137504	2857
137504	2869
137504	2881
137504	2894
137504	2898
137504	2912
137504	2928
137504	2929
138950	2806
138950	2824
138950	2826
138950	2827
138950	2830
138950	2867
138950	2882
138950	2883
138950	2885
138950	2886
138950	2892
138950	2898
138950	2910
138950	2912
138950	2927
138950	2928
138950	2929
139033	2857
139033	2863
139033	2869
139033	2881
139033	2886
139033	2887
139033	2912
139650	2882
139650	2892
141168	2841
141168	2854
141168	2856
141168	2867
141168	2870
141168	2886
141168	2887
141168	2912
141168	2914
141168	2920
141168	2929
141168	3012
144296	2824
144459	2779
144459	2833
144913	2883
144913	2889
145460	2816
145460	2824
145460	2865
145460	2876
147848	2799
147848	2800
147848	2805
147848	2808
147848	2810
147848	2811
147848	2813
147848	2817
147848	2826
147848	2829
147848	2831
147848	2835
147848	2837
147848	2841
147848	2843
147848	2844
147848	2845
147848	2846
147848	2853
147848	2856
147848	2865
147848	2867
147848	2889
147848	2903
147848	2937
147848	2971
147848	3026
147848	3061
147848	3235
147848	3466
147848	3514
147848	3551
147939	2851
147939	2857
147939	2912
148237	2912
148237	2921
148293	2802
148293	2824
148293	2844
148293	2854
148293	2892
148293	2894
148293	2895
149516	2838
149516	2865
149516	2869
149516	2875
149516	2886
149516	2904
149516	2906
149516	2920
151016	2851
151685	2765
151685	2767
151685	2768
151685	2770
151685	2778
151685	2781
151685	2786
151685	2790
151685	2792
151685	2797
151685	2799
151685	2800
151685	2801
151685	2802
151685	2804
151685	2806
151685	2807
151685	2812
151685	2815
151685	2818
151685	2819
151685	2820
151685	2824
151685	2825
151685	2833
151685	2839
151685	2841
151685	2843
151685	2844
151685	2847
151685	2851
151685	2852
151685	2853
151685	2854
151685	2856
151685	2857
151685	2859
151685	2864
151685	2872
151685	2878
151685	2882
151685	2885
151685	2891
151685	2892
151685	2894
151685	2895
151685	2899
151685	2900
151685	2901
151685	2902
151685	2904
151685	2905
151685	2907
151685	2908
151685	2909
151685	2911
151685	2912
151685	2915
151685	2917
151685	2921
151685	2925
151685	2926
151685	2930
151685	2933
151685	2935
151685	2936
151685	2946
151685	2949
151685	2950
151685	2951
151685	2953
151685	2959
151685	2961
151685	2964
151685	2971
151685	2977
151685	2978
151685	2981
151685	3056
151685	3078
151685	3238
151685	3293
151685	3297
151685	3430
151685	3458
152331	2775
152331	2776
152331	2777
152331	2778
152331	2779
152331	2781
152331	2782
152331	2785
152331	2788
152331	2789
152331	2790
152331	2792
152331	2793
152331	2795
152331	2797
152331	2798
152331	2799
152331	2800
152331	2802
152331	2803
152331	2804
152331	2805
152331	2807
152331	2835
152331	2837
152331	2838
152331	2839
152331	2840
152331	2841
152331	2842
152331	2847
152331	2850
152331	2851
152331	2852
152331	2853
152331	2854
152331	2858
152331	2865
152331	2866
152331	2868
152331	2871
152331	2872
152331	2880
152331	2890
152331	2897
152331	2901
152331	2904
154558	2764
154558	2773
154558	2776
154558	2777
154558	2778
154558	2781
154558	2782
154558	2785
154558	2787
154558	2789
154558	2792
154558	2793
154558	2794
154558	2796
154558	2798
154558	2799
154558	2800
154558	2802
154558	2804
154558	2806
154558	2807
154558	2810
154558	2817
154558	2818
154558	2819
154558	2820
154558	2821
154558	2827
154558	2833
154558	2834
154558	2839
154558	2849
154558	2851
154558	2854
154558	2855
154558	2856
154558	2857
154558	2861
154558	2863
155063	2851
155063	2857
155063	2929
158890	2857
158890	2881
158890	2885
158890	2886
158890	2894
158890	2898
158890	2906
158890	2912
158890	2915
158890	2928
158890	2929
158890	2935
159912	2865
159912	2869
159912	2882
159912	2953
159912	3190
159912	3330
160024	2781
160024	2783
160024	2784
160024	2787
160024	2820
160024	2821
160024	2832
160024	2834
160024	2837
160024	2838
160024	2839
160024	2843
160024	2854
160024	2858
160024	2861
160024	2862
160024	2863
160024	2864
160024	2865
160024	2866
160024	2868
160024	2869
160024	2870
160024	2880
160024	2881
160024	2888
160024	2897
160024	2900
160024	2901
161106	2827
161106	2828
161106	2829
161106	2832
161106	2837
161106	2838
161106	2839
161106	2841
161106	2843
161106	2846
161106	2847
161106	2851
161106	2853
161106	2857
161106	2858
161106	2860
161106	2863
161106	2865
161106	2867
161106	2869
161106	2870
161106	2871
161106	2872
161106	2873
161106	2876
161106	2878
161106	2879
161106	2880
161106	2882
161106	2883
161106	2885
161106	2886
161333	2764
161333	2766
161333	2770
161333	2774
161333	2775
161333	2777
161333	2779
161333	2782
161333	2785
161333	2792
161333	2796
161333	2798
161333	2799
161333	2800
161333	2801
161333	2803
161333	2806
161333	2812
161333	2820
161333	2821
161333	2822
161333	2827
161333	2828
161333	2829
161333	2831
161333	2832
161333	2833
161333	2834
161333	2837
161333	2838
161333	2839
161333	2841
161333	2843
161333	2847
161333	2849
161333	2850
161333	2851
161333	2852
161333	2853
161333	2857
161333	2858
161541	2803
161541	2819
161541	2827
161541	2831
161541	2841
161541	2844
161541	2845
161541	2846
161541	2849
161541	2851
161541	2854
161541	2856
161541	2861
161541	2865
161541	2869
161541	2912
161541	2920
161541	2981
163175	2834
163175	2837
163175	2838
163175	2843
163175	2847
163175	2851
163175	2853
163175	2857
163175	2858
163175	2863
163175	2869
163175	2872
163175	2875
163175	2877
163175	2878
163175	2879
163175	2882
163175	2894
163175	2895
163175	2904
163175	2908
163175	2910
163175	2912
163175	2928
163175	2929
163175	2966
163727	2851
163727	2856
163727	2864
163727	2928
163727	2929
164644	2788
164644	2796
164644	2803
164644	2856
164644	2863
164644	2869
164644	2899
165054	2851
165054	2879
165054	2882
165054	2885
165054	2898
165054	2910
165054	2912
165054	2920
165054	2929
167435	2865
167435	3394
167649	2764
167649	2766
167649	2770
167649	2773
167649	2774
167649	2775
167649	2777
167649	2779
167649	2781
167649	2795
167649	2796
167649	2797
167649	2798
167649	2799
167649	2800
167649	2804
167649	2805
167649	2808
167649	2812
167649	2817
167649	2821
167649	2827
167649	2834
167649	2835
167649	2837
167649	2841
167649	2846
167649	2847
167649	2851
167649	2853
167649	2856
167649	2857
167649	2860
167649	2863
167649	2866
167649	2867
167649	2868
167649	2871
167649	2878
167649	2902
167649	2905
167649	3020
169665	2768
169665	2770
169665	2779
169665	2781
169665	2782
169665	2792
169665	2793
169665	2796
169665	2799
169665	2800
169665	2801
169665	2802
169665	2806
169665	2807
169665	2808
169665	2809
169665	2812
169665	2815
169665	2818
169665	2820
169665	2822
169665	2823
169665	2827
169665	2828
169665	2829
169665	2832
169665	2835
169665	2837
169665	2838
169665	2839
169665	2847
169665	2851
169665	2853
169665	2855
169665	2860
172863	2895
175937	2833
175937	2851
175937	2885
175937	2898
175937	2906
175937	2910
175937	2912
176333	2826
176333	2827
176333	2831
176333	2833
176333	2838
176333	2851
176333	2889
176333	2895
176333	2899
176333	2912
178196	2844
178196	2857
178196	2858
178196	2867
178196	2884
178196	2906
178196	2912
178196	2920
178196	3411
182008	2830
182008	2843
182008	2892
182883	2858
182883	2860
182883	2863
182883	2865
182883	2866
182883	2871
182883	2874
182883	2875
182883	2878
182883	2879
182883	2882
182883	2883
182883	2885
182883	2891
182883	2897
182883	2899
182883	2900
182883	2901
182883	2902
182883	2904
182883	2905
182883	2907
182883	2908
182883	2909
182883	2910
182883	2912
184695	2803
184695	2825
184695	2831
184695	2854
184695	2863
184695	2870
185072	2865
185072	2867
185072	2875
185072	2881
185072	2887
185072	2900
185072	2912
185072	2925
185072	2928
185072	2929
187049	2806
187049	2821
187049	2824
187049	2832
187049	2833
187049	2837
187049	2838
187049	2843
187049	2845
187049	2851
187049	2853
187049	2854
187049	2856
187049	2857
187049	2858
187049	2863
187049	2864
187049	2865
187049	2869
187049	2870
187049	2871
187049	2874
187049	2875
187049	2878
187049	2883
187049	2889
187049	2890
187049	2892
187049	2895
187049	2899
187049	2912
187049	2920
188222	2818
188222	2822
188222	2831
188222	2842
188222	2845
188222	2848
188222	2859
188222	2872
188222	2878
188222	2901
188718	2803
188718	2814
188718	2826
188718	2851
188718	2857
188718	2869
188718	2875
188718	2892
188718	2899
188718	2920
188724	2864
188724	2869
188724	2882
188724	2892
188724	2898
188724	2904
188724	2908
188724	2920
188948	2803
188948	2835
189288	2834
189288	2877
189288	2895
189288	2912
189978	2792
189978	2793
189978	2799
189978	2800
189978	2805
189978	2806
189978	2809
189978	2812
189978	2821
189978	2823
189978	2825
189978	2828
189978	2829
189978	2831
189978	2832
189978	2838
189978	2839
189978	2842
189978	2847
189978	2853
189978	2854
189978	2855
189978	2909
191503	2816
191503	2824
191503	2831
191503	2834
191503	2837
191503	2847
191503	2874
191503	2912
191503	2920
191902	2882
192992	2789
192992	2802
192992	2803
192992	2804
192992	2806
192992	2807
192992	2808
192992	2814
192992	2818
192992	2820
192992	2822
192992	2827
192992	2837
192992	2838
192992	2843
192992	2847
192992	2853
192992	2858
192992	2863
192992	2871
192992	2877
192992	2883
194952	2830
194952	2858
194952	2873
194952	2892
198256	2830
198256	2849
198256	2869
198256	2906
198256	2915
198256	2927
198256	2981
199007	2827
199007	2837
199007	2839
199007	2843
199007	2845
199007	2846
199007	2847
199007	2851
199007	2853
199007	2854
199007	2857
199007	2860
199007	2863
199007	2867
199007	2868
199007	2880
199007	2899
199007	2922
199007	2994
199069	2847
199069	2886
199069	2891
199069	2895
199069	2899
199069	2907
199069	2908
199069	2981
199339	2843
199339	2881
199339	2882
199339	2883
199339	2892
199339	2903
199339	2941
200126	2803
200126	2806
200126	2830
200126	2831
200126	2841
200126	2851
200126	2855
200126	2857
200126	2864
200126	2865
200126	2869
200126	2870
200126	2875
200126	2881
200126	2882
200126	2890
200126	2892
200126	2894
200126	2895
200126	2898
200126	2900
200126	2907
200126	2912
200126	2928
200126	2929
200126	2953
200126	2981
200665	2806
200665	2811
200665	2824
200665	2851
200665	2861
200665	2867
200665	2915
200665	2920
201865	2834
201865	2857
201865	2861
201865	2864
201865	2875
201865	2885
201865	2894
201865	2895
201865	2904
201865	2907
201865	2924
201865	2929
203295	2847
203295	2857
203295	2861
203295	2864
203295	2912
203506	2844
203506	2885
203506	2886
203506	2893
203506	2922
203506	2953
204895	2851
204895	2889
204895	2892
204895	2904
204895	2905
206404	2803
206404	2816
206404	2817
206404	2825
206404	2826
206404	2827
206404	2831
206404	2835
206404	2841
206404	2842
206404	2847
206404	2848
206404	2849
206404	2851
206404	2853
206404	2856
206404	2857
206404	2861
206404	2865
206404	2869
206404	2880
206404	2895
206404	2901
206404	2908
206404	2921
206404	2927
206404	2981
206557	2836
206557	2879
206557	2907
206557	2912
208070	2824
208070	2830
208070	2869
208070	2912
208598	2835
208598	2868
209308	2824
209308	2851
209308	2856
209308	2857
209308	2861
209308	2865
209308	2869
209308	2882
209308	2895
209308	2898
209308	2906
209308	2912
209308	2928
209308	2929
209308	2941
209308	2952
209375	2865
209375	2875
209375	2895
209375	2912
211747	2851
211747	2858
211747	2869
211747	2912
211747	2920
211825	2837
211825	2861
211825	2864
211825	2866
211825	2897
211825	2921
213035	2879
213035	2906
214461	2819
214461	2824
214461	2830
214461	2837
214461	2851
214461	2864
214461	2912
214461	2929
215493	2800
215493	2803
215493	2806
215493	2819
215493	2820
215493	2825
215493	2833
215493	2834
215493	2837
215493	2838
215493	2839
215493	2843
215493	2847
215493	2851
215493	2853
215493	2856
215493	2858
215493	2863
215493	2865
215493	2874
215493	2877
215493	2909
215493	2912
215493	2936
216738	2833
216738	2856
216738	2906
216738	2920
216738	2926
216738	2929
217248	2804
217248	2806
217248	2846
217248	2851
217248	2854
217248	2861
217248	2864
217248	2870
217248	2872
217248	2893
217248	2899
217248	2904
217248	2906
217814	2833
217814	2864
217814	2879
217814	2882
217814	2890
217814	2894
217814	2906
217814	2909
217814	2912
219202	2805
219202	2830
219202	2837
219202	2851
219202	2854
219202	2856
219202	2890
219202	2906
219202	2912
219202	3089
219369	2870
219369	2882
219369	2928
219369	2929
219516	2761
219516	2764
219516	2765
219516	2766
219516	2768
219516	2770
219516	2771
219516	2774
219516	2775
219516	2776
219516	2777
219516	2779
219516	2781
219516	2782
219516	2786
219516	2790
219516	2792
219516	2794
219516	2795
219516	2796
219516	2797
219516	2798
219516	2799
219516	2800
219516	2801
219516	2802
219516	2803
219516	2804
219516	2806
219516	2807
219516	2809
219516	2812
219516	2817
219516	2818
219516	2819
219516	2820
219516	2821
219516	2822
219516	2823
219516	2827
219516	2828
219516	2829
219516	2832
219516	2833
219516	2834
219516	2837
219516	2838
219516	2839
219516	2841
219516	2842
219516	2843
219516	2844
219516	2845
219516	2846
219516	2847
219516	2851
219516	2852
219516	2853
219516	2854
219516	2856
219516	2857
219516	2858
219516	2975
219719	2847
219719	2867
219719	2869
219719	2882
219719	2885
219719	2912
219719	2926
219719	2929
221564	2854
221564	2865
221564	2867
221564	2870
221564	2885
221564	2894
221564	2899
221564	2907
221564	2912
221564	3032
221564	3169
221746	2833
221746	2843
221746	2847
221746	2853
221746	2858
221746	2862
221746	2865
221746	2867
221746	2873
221746	2885
221746	2890
221746	2906
222886	2820
222886	2821
222886	2842
222886	2845
224073	2875
224073	2906
224073	2928
224073	3032
224661	2806
224661	2821
224661	2822
224661	2827
224661	2833
224661	2835
224661	2845
224661	2846
224661	2853
224661	2871
224661	2875
224661	2899
224661	2901
225204	2853
225204	2865
225204	2895
225204	2907
225204	2912
226264	2855
226264	2857
226264	2861
226264	2872
226264	2874
226264	2881
226264	2891
226264	2894
226264	2895
226264	2907
226264	2912
226264	2928
226264	2929
227249	2803
227249	2817
227249	2841
227249	2842
227249	2854
227249	2856
227249	2871
227249	2873
227249	2882
227249	2884
227249	2904
227249	2928
228053	2806
228053	2838
228053	2843
228053	2854
228053	2863
228053	2865
228053	2872
228053	2873
228053	2883
228053	2884
228053	2890
228053	2912
228053	2920
230291	2820
230291	2824
230291	2827
230291	2833
230291	2838
230291	2851
230291	2864
230291	2876
230291	2877
230291	2879
230291	2880
230291	2884
230291	2889
230291	2890
230291	2904
230291	2906
230291	2921
230291	2926
231583	2874
231583	2876
231583	2885
231583	2894
231583	2906
231583	2928
232511	2881
232511	2885
232511	2898
232511	2906
232511	2910
232511	2925
232511	2926
233252	2827
233252	2832
233252	2853
233252	2876
233252	2886
233252	2891
233252	2899
233252	2907
233252	2908
233252	2920
233739	2881
233739	2904
233739	2906
233739	2928
233739	2929
236270	2845
236270	2851
236270	2854
236270	2928
236270	2929
236493	2851
236493	2875
236493	2894
236493	2899
236493	2900
236493	2910
236493	2929
237810	2825
237810	2838
237810	2842
237810	2847
237810	2851
237810	2856
237810	2863
237810	2865
237810	2868
237810	2870
237810	2876
237810	2877
237810	2894
237810	2895
237810	2899
237810	2901
237810	2904
237810	2908
237810	2929
237810	2981
240042	2851
240042	2908
240042	2910
240042	2981
240229	2833
240229	2837
240229	2843
240229	2853
240229	2856
240229	2857
240229	2865
240229	2873
240229	2876
240229	2881
240229	2882
240229	2883
240229	2884
240229	2889
240229	2892
240229	2894
240229	2896
240229	2898
240229	2899
240229	2904
240229	2908
240229	2912
240229	2928
241441	2838
241441	2844
241441	2847
241441	2851
241441	2853
241441	2856
241441	2858
241441	2862
241441	2865
241441	2869
241441	2876
241441	2877
241441	2879
241441	2881
241441	2883
241441	2885
241441	2895
241441	2898
241441	2906
241441	2929
241441	3126
241441	3166
241441	3403
242159	2771
242159	2774
242159	2777
242159	2778
242159	2781
242159	2782
242159	2784
242159	2789
242159	2790
242159	2792
242159	2793
242159	2795
242159	2798
242159	2800
242159	2801
242159	2806
242159	2809
242159	2812
242159	2815
242159	2817
242159	2818
242159	2819
242159	2820
242159	2821
242159	2822
242159	2825
242159	2828
242159	2829
242159	2832
242159	2833
242159	2834
242159	2838
242159	2839
242159	2841
242159	2842
242159	2845
242159	2846
242159	2847
242159	2848
242159	2849
242159	2850
242159	2851
242159	2852
242159	2853
242159	2854
242159	2855
242159	2856
242159	2857
242159	2858
242159	2860
242159	2861
242159	2862
242159	2863
242159	2864
242159	2865
242159	2866
242159	2867
242159	2868
242159	2871
242159	2872
242159	2874
242159	2875
242159	2876
242159	2877
242159	2884
242159	2898
242159	2904
242159	2907
242159	2921
242159	2981
243236	2803
243236	2811
243236	2846
243236	2856
243236	2867
243236	2882
243236	2885
243236	2894
243236	2898
243236	2912
243236	2929
246132	2771
246132	2774
246132	2775
246132	2779
246132	2782
246132	2785
246132	2791
246132	2795
246132	2797
246132	2804
246132	2809
246132	2812
246132	2817
246132	2820
246132	2821
246132	2825
246132	2831
246132	2841
246132	2842
246132	2846
246132	2847
246132	2851
246632	2875
246632	2912
246632	2981
248665	2861
248665	2864
248665	2865
248665	2912
248755	2806
248755	2869
251084	2844
251084	2851
251084	2856
251084	2857
251084	2861
251084	2864
251084	2865
251084	2867
251084	2869
251084	2874
251084	2875
251084	2876
251084	2879
251084	2880
251084	2881
251084	2884
251084	2885
251084	2888
251084	2891
251084	2894
251084	2895
251084	2897
251084	2898
251084	2899
251084	2900
251084	2903
251084	2904
251084	2906
251084	2907
251084	2908
251084	2910
251084	2912
251084	2920
251084	2921
251084	2926
251084	2927
251084	2928
251084	2929
251084	2941
251084	2981
251407	2779
251407	2803
251407	2806
251407	2816
251407	2824
251407	2835
251407	2838
251407	2841
251407	2842
251407	2856
251407	2857
251407	2865
251407	2869
251407	2870
251407	2906
251407	2909
251407	2912
251407	2920
251407	2929
251940	2780
251940	2818
251940	2830
251940	2861
251940	2864
251940	2875
251940	2899
252984	2779
252984	2790
252984	2803
252984	2811
252984	2817
252984	2823
252984	2826
252984	2841
252984	2843
252984	2844
252984	2854
252984	2889
252984	2895
252984	2920
252984	2952
254673	2806
254673	2811
254673	2817
254673	2818
254673	2820
254673	2821
254673	2822
254673	2824
254673	2830
254673	2831
254673	2834
254673	2835
254673	2838
254673	2841
254673	2842
254673	2845
254673	2846
254673	2848
254673	2849
254673	2854
254673	2856
254673	2857
254673	2859
254673	2865
254673	2867
254673	2868
254673	2869
254673	2870
254673	2876
254673	2880
254673	2883
254673	2889
254673	2895
254673	2896
254673	2912
254673	2920
255195	2820
255195	2822
255195	2825
255195	2844
255195	2847
255195	2849
255195	2851
255195	2856
255195	2857
255195	2863
255195	2865
255195	2867
255195	2869
255195	2873
255195	2875
255195	2878
255195	2881
255195	2885
255195	2889
255195	2890
255195	2894
255195	2895
255195	2896
255195	2898
255195	2902
255195	2906
255195	2911
255195	2912
255195	2914
255195	2915
255195	2916
255195	2920
255195	2921
255195	2922
255195	2928
255195	2929
255195	2932
255195	2938
255195	2940
255195	2953
255195	2956
255195	2958
255195	2959
255195	2971
255377	2804
255377	2811
255377	2867
255377	2882
255377	2907
255377	2912
255377	2920
255693	2775
255693	2788
255693	2807
255693	2808
255693	2817
255693	2819
255693	2841
255693	2842
255693	2846
255693	2848
255693	2849
255693	2850
255693	2856
255693	2857
255693	2860
255693	2867
255693	2876
255961	2806
255961	2833
255961	2837
255961	2865
255961	2869
255961	2882
255961	2885
255961	2886
255961	2900
255961	2906
255961	2910
255961	2912
255961	2925
255961	2928
256126	2833
256126	2843
256126	2901
258734	2833
258734	2851
258734	2890
258734	2928
258734	2929
259847	2857
259847	2869
259847	2879
259847	2880
259847	2883
259847	2885
259847	2892
259847	2906
259847	2910
259847	2912
259952	2806
259952	2817
259952	2819
259952	2820
259952	2822
259952	2826
259952	2830
259952	2833
259952	2835
259952	2837
259952	2842
259952	2843
259952	2844
259952	2845
259952	2848
259952	2851
259952	2854
259952	2857
259952	2859
259952	2863
259952	2865
259952	2871
259952	2872
259952	2873
259952	2878
259952	2879
259952	2884
259952	2890
259952	2892
259952	2899
259952	2904
259952	2952
261982	2861
261982	2875
261982	2881
261982	2882
261982	2885
261982	2898
261982	2906
261982	2912
261982	2926
261982	2928
262445	2806
262445	2831
262445	2844
262445	2857
262445	2859
262445	2863
262445	2870
262445	2883
262445	2892
262445	2894
262445	2895
262445	2912
262726	2864
262726	2875
262726	2879
262726	2880
262726	2885
262726	2894
262726	2898
262726	2906
262726	2912
262726	2928
263454	2830
263856	2812
263856	2815
263856	2819
263856	2832
263856	2833
263856	2834
263856	2837
263856	2838
263856	2839
263856	2841
263856	2843
263856	2844
263856	2846
263856	2847
263856	2851
263856	2852
263856	2853
263856	2854
263856	2856
263856	2857
263856	2858
263856	2860
263856	2861
263856	2862
263856	2864
263856	2865
263856	2866
263856	2867
263856	2869
263856	2872
263856	2873
263856	2874
263856	2875
263856	2876
263856	2877
263856	2878
263856	2879
263856	2880
263856	2881
263856	2882
263856	2883
263856	2884
263856	2885
263856	2886
263856	2889
263856	2890
263856	2892
263856	2896
263856	2897
263856	2900
263856	2901
263856	2903
263856	2904
263856	2906
263856	2907
263856	2910
263856	2911
263856	2915
263856	2918
263856	2920
263856	2925
263856	2927
263856	2928
263856	2933
263856	2941
264025	2803
264025	2817
264025	2822
264025	2851
264025	2867
264025	2869
264025	2912
264025	2928
264090	2825
264090	2839
264090	2845
264090	2851
264090	2858
264090	2879
264090	2897
264090	2921
264090	2927
264135	2861
264135	2882
264135	2885
264135	2886
264135	2887
264135	2888
264135	2891
264135	2893
264135	2894
264135	2896
264135	2898
264135	2899
264135	2900
264135	2902
264135	2903
264135	2905
264135	2906
264135	2907
264135	2910
264135	2911
264135	2914
264135	2915
264135	2916
264135	2917
264135	2918
264135	2921
264135	2924
264135	2925
264135	2926
264135	2928
264135	2929
264135	2930
264135	2931
264135	2933
264135	2937
264135	2940
264135	2941
264135	2942
264135	2943
264135	2952
264135	2953
264135	2958
264135	2961
264135	2965
264135	2981
264490	2825
264490	2827
264490	2833
264490	2838
264490	2851
264490	2856
264490	2863
264490	2865
264490	2869
264490	2873
264490	2877
264490	2878
264490	2879
264490	2884
264490	2909
264490	2927
266031	2851
266356	2813
266356	2827
266356	2840
266837	2869
266837	2877
266837	2882
266837	2912
266837	2928
267590	2803
267590	2841
267590	2856
267590	2895
267590	2920
267590	2928
267783	2830
267783	2855
268762	2851
268762	2912
268891	2830
268891	2831
268891	2857
268891	2869
268891	2883
268891	2912
268991	2851
268991	2856
268991	2865
268991	2882
268991	2885
268991	2890
268991	2898
268991	2912
268991	2916
268991	2929
268991	3056
269720	2847
269720	2856
269720	2857
269720	2858
269720	2867
269720	2869
269720	2875
269720	2876
269720	2877
269720	2879
269720	2881
269720	2882
269720	2885
269720	2892
269720	2893
269720	2894
269720	2895
269720	2899
269720	2900
269720	2906
269720	2910
269720	2911
269720	2912
269720	2915
269720	2920
269720	2922
269720	2928
269720	2929
269720	2933
269720	2936
269720	2952
269720	2953
269720	2966
269720	2967
269720	3065
269720	3088
271089	2830
271089	2859
271089	2899
271966	2779
271966	2830
271966	2843
271966	2844
271966	2846
271966	2868
271966	2873
271966	2877
271966	2882
271966	2883
271966	2887
271966	2900
271966	2904
271966	2915
271966	2952
271976	2851
271976	2857
271976	2861
271976	2867
271976	2869
271976	2872
271976	2876
271976	2879
271976	2880
271976	2882
271976	2887
271976	2890
271976	2894
271976	2895
271976	2899
271976	2900
271976	2906
271976	2910
271976	2911
271976	2915
271976	2918
271976	2922
271976	2932
271976	2933
271976	2935
271976	2938
271976	2941
271976	2953
271976	2961
271976	2964
271976	2978
271976	3088
272179	2806
272179	2811
272179	2833
272179	2844
272179	2851
272179	2874
272179	2899
272179	2901
272179	2921
272805	2814
272805	2859
272805	2875
273258	2811
273258	2824
273691	2817
273691	2830
273691	2837
273691	2838
273691	2842
273691	2845
273691	2846
273691	2851
273691	2868
273691	2870
273691	2892
274161	2812
274161	2853
274161	2879
274161	2880
274161	2882
275246	2927
276034	2803
276034	2841
276034	2856
276034	2881
276034	2882
276034	2885
276034	2887
276034	2898
276034	2906
276034	2912
276034	2920
277439	2803
277439	2816
277439	2851
277439	2863
277439	2864
277439	2882
277439	2885
277439	2906
277439	2920
278559	2773
278559	2779
278559	2796
278559	2809
278559	2817
278559	2818
278559	2820
278559	2822
278559	2824
278559	2825
278559	2827
278559	2828
278559	2829
278559	2831
278559	2833
278559	2837
278559	2838
278559	2842
278559	2843
278559	2846
278559	2851
278559	2855
278559	2856
278559	2865
281734	2781
281734	2790
281734	2792
281734	2794
281734	2796
281734	2800
281734	2806
281734	2807
281734	2808
281734	2812
281734	2817
281734	2819
281734	2823
281734	2827
281734	2828
281734	2832
281734	2833
281734	2837
281734	2838
281734	2839
281734	2847
281734	2851
281734	2858
281734	2863
281734	2869
281734	2870
281734	2875
281734	2880
281734	2883
282486	2822
282486	2851
282486	2857
282486	2869
282486	2885
282486	2906
282486	2920
282486	2928
282486	2929
284565	2803
284565	2817
284565	2833
284565	2841
284565	2851
284565	2854
284565	2857
284565	2863
284565	2869
284565	2895
290703	2824
290703	2831
290703	2841
290703	2843
290703	2854
290703	2869
290703	2876
290703	2885
290703	2912
290703	2920
290703	2928
290977	2803
290977	2804
290977	2806
290977	2824
290977	2827
290977	2830
290977	2831
290977	2833
290977	2843
290977	2848
290977	2854
290977	2857
290977	2861
290977	2863
290977	2879
290977	2884
290977	2892
290977	2893
290977	2912
290977	2920
290977	2925
290977	2926
290977	2929
292663	2771
292663	2779
292663	2786
292663	2789
292663	2796
292663	2802
292663	2803
292663	2804
292663	2806
292663	2814
292663	2815
292663	2817
292663	2819
292663	2820
292663	2821
292663	2823
292663	2830
292663	2832
292663	2834
292663	2837
292663	2841
292663	2845
292663	2851
292663	2852
292663	2854
292663	2855
292663	2857
292663	2863
292663	2865
292663	2868
292663	2869
292663	2870
292663	2871
292663	2872
292663	2875
292663	2877
292663	2892
292663	2895
292663	2912
292663	3002
292663	3016
292663	3019
292663	3022
292663	3032
292663	3098
294461	2881
294461	2885
294461	2893
294461	2906
294461	2917
294461	2922
296242	2837
296242	2869
296244	2861
296244	2864
296244	2908
296244	2910
296244	2927
297061	2809
297061	2820
297061	2828
297061	2829
297061	2838
297061	2842
297061	2843
297061	2845
297061	2859
297061	2868
297061	2875
297061	2878
297061	2890
297623	2806
297623	2842
297623	2843
297623	2845
297623	2848
297623	2868
297623	2872
297623	2892
298825	2912
299210	2820
299210	2857
299884	2841
299884	2845
299884	2848
299884	2856
299884	2870
299884	2873
299884	2879
299884	2912
299884	2929
300562	2761
300562	2766
300562	2770
300562	2771
300562	2774
300562	2775
300562	2776
300562	2781
300562	2782
300562	2789
300562	2792
300562	2793
300562	2795
300562	2796
300562	2798
300562	2804
300562	2805
300562	2806
300562	2809
300562	2812
300562	2813
300562	2815
300562	2817
300562	2818
300562	2819
300562	2820
300562	2821
300562	2823
300562	2825
300562	2827
300562	2829
300562	2833
300562	2839
300562	2841
300562	2842
300562	2843
300562	2845
300562	2846
300562	2847
300562	2849
300562	2852
300562	2854
300562	2855
300562	2856
300562	2862
300562	2863
300562	2865
300562	2890
301487	2779
301487	2803
301487	2817
301487	2831
301487	2854
301487	2895
301487	2906
301487	2925
301487	2981
302110	2802
302110	2804
302110	2805
302110	2806
302110	2809
302110	2815
302110	2817
302110	2819
302110	2821
302110	2822
302110	2823
302110	2825
302110	2832
302110	2838
302110	2839
302110	2846
302110	2851
302110	2853
302110	2854
302110	2861
302110	2869
302488	2770
302488	2771
302488	2781
302488	2783
302488	2793
302488	2800
302488	2801
302488	2802
302488	2804
302488	2805
302488	2807
302488	2814
302488	2833
302488	2839
302488	2842
302488	2847
302488	2855
302488	2884
302645	2825
302645	2870
302645	2876
302645	2912
303269	2803
303269	2826
303269	2827
303269	2855
303269	2861
303269	2865
303269	2879
303269	2901
303269	2912
305182	2778
305182	2781
305182	2812
305182	2843
305182	2847
305182	2861
306282	2822
306282	2824
306282	2837
306282	2856
306282	2881
306282	2882
306282	2899
306282	2904
306282	2907
306282	2909
306282	2920
306282	2926
306282	2928
306282	2981
306688	2815
306688	2822
306688	2831
306688	2833
306688	2834
306688	2837
306688	2847
306688	2853
306688	2856
306688	2861
306688	2865
306688	2868
306688	2869
306688	2870
306688	2881
306688	2882
306688	2898
306688	2912
306688	2928
307201	2761
307201	2764
307201	2771
307201	2774
307201	2775
307201	2777
307201	2779
307201	2782
307201	2785
307201	2789
307201	2791
307201	2792
307201	2793
307201	2795
307201	2796
307201	2798
307201	2800
307201	2802
307201	2804
307201	2806
307201	2807
307201	2809
307201	2815
307201	2817
307201	2818
307201	2819
307201	2820
307201	2821
307201	2827
307201	2833
307201	2834
307201	2837
307201	2840
307201	2841
307201	2842
307201	2845
307201	2846
307201	2852
307201	2853
307201	2855
307201	2856
307706	2779
307706	2804
307706	2835
307706	2865
307706	2881
307706	2883
307706	2906
307706	2907
307706	2920
307706	2929
308453	2764
308453	2765
308453	2766
308453	2768
308453	2770
308453	2771
308453	2777
308453	2782
308453	2789
308453	2799
308453	2800
308453	2807
308453	2809
308453	2812
308453	2815
308453	2819
308453	2820
308453	2821
308453	2822
308453	2834
308453	2839
308453	2841
308453	2843
308453	2845
308453	2857
308453	2863
308453	2867
308453	2872
308453	2874
308453	2877
308453	2878
308453	2879
308834	2766
308834	2768
308834	2770
308834	2773
308834	2774
308834	2775
308834	2778
308834	2779
308834	2781
308834	2792
308834	2793
308834	2794
308834	2795
308834	2796
308834	2797
308834	2799
308834	2802
308834	2804
308834	2807
308834	2808
308834	2809
308834	2817
308834	2821
308834	2823
308834	2827
308834	2828
308834	2829
308834	2831
308834	2838
308834	2841
308834	2842
308834	2844
308834	2846
308834	2847
308834	2851
308834	2852
308834	2853
308834	2854
308834	2855
308834	2856
308834	2857
308834	2858
308834	2860
308834	2863
308834	2865
308834	2908
309162	2861
309162	2881
309162	2885
309162	2898
309162	2906
309162	2911
309162	2912
309162	2925
309162	2928
309162	2929
309926	2864
309926	2867
309926	2872
309926	2881
309926	2897
309926	2898
309926	2909
309926	2912
310354	2760
310354	2764
310354	2770
310354	2771
310354	2779
310354	2781
310354	2792
310354	2794
310354	2796
310354	2799
310354	2800
310354	2802
310354	2803
310354	2804
310354	2806
310354	2807
310354	2809
310354	2811
310354	2812
310354	2814
310354	2815
310354	2816
310354	2817
310354	2818
310354	2819
310354	2820
310354	2821
310354	2822
310354	2823
310354	2825
310354	2827
310354	2828
310354	2829
310354	2832
310354	2833
310354	2834
310354	2837
310354	2838
310354	2839
310354	2840
310354	2841
310354	2842
310354	2843
310354	2845
310354	2846
310354	2847
310354	2849
310354	2851
310354	2852
310354	2853
310354	2854
310354	2855
310354	2856
310354	2857
310354	2858
310354	2860
310354	2861
310354	2862
310354	2863
310354	2864
310354	2865
310354	2866
310354	2876
310354	2877
310354	2878
310354	2889
310354	2890
310354	2892
310461	2803
310461	2824
310461	2833
310461	2837
310461	2864
310461	2869
310461	2881
310461	2928
310499	2806
310499	2890
310499	2906
310499	2912
312108	2841
312108	2907
312108	2912
312108	2928
312497	2809
312497	2812
312497	2815
312497	2817
312497	2818
312497	2819
312497	2820
312497	2821
312497	2822
312497	2823
312497	2825
312497	2827
312497	2828
312497	2829
312497	2830
312497	2831
312497	2832
312497	2833
312497	2834
312497	2836
312497	2838
312497	2839
312497	2841
312497	2842
312497	2843
312497	2844
312497	2845
312497	2846
312497	2847
312497	2849
312497	2851
312497	2853
312497	2855
312497	2856
312497	2857
312497	2858
312497	2860
312497	2861
312497	2863
312497	2864
312497	2865
312497	2867
312497	2869
312497	2871
312497	2873
312497	2875
312497	2929
313893	2889
313893	2890
313893	2904
313893	2912
313893	2920
314302	2806
314302	2816
314302	2822
314302	2889
315749	2803
315749	2804
315749	2841
315749	2857
315749	2858
315749	2860
315749	2886
315749	2889
315749	2899
315749	2920
316528	2824
316528	2837
318503	2779
318503	2814
318503	2815
318503	2816
318503	2817
318503	2818
318503	2820
318503	2821
318503	2822
318503	2825
318503	2827
318503	2831
318503	2832
318503	2833
318503	2834
318503	2835
318503	2843
318503	2844
318503	2845
318503	2846
318503	2847
318503	2848
318503	2849
318503	2851
318503	2853
318503	2859
318503	2861
318503	2865
318503	2871
318503	2872
318503	2875
318503	2876
318503	2877
318503	2878
318503	2879
318503	2880
318503	2883
318503	2884
318503	2897
318503	2899
318503	2901
318503	2904
318503	2907
318503	2909
318503	2912
318503	2921
318503	2927
318503	2981
318518	2875
318518	2907
318518	2912
318518	2915
318518	2928
318518	2929
318993	2806
318993	2822
318993	2825
318993	2835
318993	2840
318993	2847
318993	2851
318993	2853
318993	2856
318993	2857
318993	2863
318993	2865
318993	2867
318993	2869
318993	2874
318993	2878
318993	2882
318993	2892
318993	2895
318993	2898
318993	2899
318993	2901
318993	2907
318993	2909
318993	2910
318993	2912
318993	2920
318993	2921
318993	2927
318993	2928
318993	2929
319194	2816
319194	2857
320537	2785
320537	2788
320537	2792
320537	2794
320537	2797
320537	2798
320537	2799
320537	2800
320537	2804
320537	2812
320537	2817
320537	2818
320537	2819
320537	2823
320537	2825
320537	2827
320537	2837
320537	2839
320537	2846
320537	2847
320537	2849
320537	2850
320537	2851
320537	2852
320537	2853
320537	2854
320537	2855
320537	2856
320537	2857
320537	2858
320537	2863
320537	2874
320537	2879
320537	2883
320537	2887
320537	2888
320537	2890
320537	2891
320537	2896
320537	2897
320537	2899
320537	2900
320537	2901
320537	2902
320537	2903
320537	2904
320537	2905
320537	2909
320537	2911
320537	2914
320537	2915
320537	2917
320537	2918
320537	2946
320537	2981
321036	2831
321036	2845
321036	2847
321036	2854
321036	2856
321036	2857
321036	2863
321036	2869
321036	2870
321036	2878
321036	2912
321235	2824
321235	2833
321235	2838
321235	2851
321235	2862
321235	2864
321235	2869
321235	2876
321235	2882
321235	2885
321235	2887
321235	2906
321235	2910
321235	2911
321235	2912
321235	2920
321235	2928
321346	2817
321346	2835
321346	2853
321348	2874
321348	2885
321348	2908
321348	2916
321348	2926
321348	2930
321348	2936
321348	3002
321491	2851
321491	2892
321491	2912
321491	2925
321491	2928
322216	2770
322216	2778
322216	2808
322216	2820
322216	2821
322216	2823
322216	2833
322216	2839
322216	2841
322216	2842
322216	2843
322216	2845
322216	2847
322216	2850
322216	2852
322216	2853
322216	2854
322216	2855
322216	2860
322216	2863
322216	2865
322216	2867
322216	2868
322216	2871
322216	2876
322216	2879
322216	2883
322465	2812
322465	2817
322465	2820
322465	2822
322465	2823
322465	2827
322465	2829
322465	2838
322465	2839
322465	2841
322465	2843
322465	2844
322465	2845
322465	2846
322465	2847
322465	2854
322465	2855
322465	2857
322465	2859
322465	2860
322465	2865
322465	2866
322465	2868
322465	2871
322465	2872
322465	2876
322465	2877
322465	2895
322531	2787
322531	2792
322531	2794
322531	2821
322531	2823
322531	2830
322531	2834
322531	2838
322531	2842
322531	2848
322531	2856
322531	2866
322531	2869
322531	2872
322531	2873
322531	2877
322531	2884
324280	2816
324280	2844
324280	2851
324280	2881
324280	2882
324280	2912
324280	2915
324280	2926
324280	3280
325823	2841
325823	2912
326002	2851
326002	2857
326002	2912
326002	2929
326768	2871
326768	2889
326768	2892
326768	2899
326915	2887
326915	2893
326915	2906
326915	2915
326915	2953
327130	2820
327130	2822
327130	2824
327130	2831
327130	2842
327130	2844
327130	2845
327130	2846
327130	2847
327130	2851
327130	2853
327130	2856
327130	2857
327130	2863
327130	2869
327130	2870
327130	2872
327130	2873
327130	2875
327130	2876
327130	2877
327130	2878
327130	2879
327130	2883
327130	2884
327130	2895
327130	2899
327130	2901
327130	2904
327130	2908
327130	2909
327130	2912
327130	2927
327999	2843
327999	2892
329126	2865
329126	2964
330387	2851
330407	2792
330407	2803
330407	2811
330407	2817
330407	2831
330407	2837
330407	2841
330407	2845
330407	2847
330407	2849
330407	2855
330407	2859
330407	2863
330407	2865
330407	2870
332101	2806
332101	2841
332101	2881
332101	2885
332101	2912
332204	2832
332204	2869
332204	2885
332204	2893
332204	2908
332204	2914
332204	2920
332204	2924
332346	2812
332346	2846
332346	2847
332346	2851
332346	2852
332346	2853
332346	2854
332346	2855
332346	2860
332346	2863
332346	2865
332346	2866
332346	2872
332346	2873
332346	2876
332346	2880
332346	2890
332346	2896
332346	2897
332346	2964
334571	2822
334571	2824
334571	2882
334571	2892
334571	2901
334705	2856
334998	2902
334998	2965
