1750	1432
1750	1455
1750	1459
1750	1464
1750	1465
1750	1485
1750	1489
1750	1496
1750	1504
1750	1517
1750	1519
1750	1523
1750	1525
1750	1528
1750	1530
1750	1549
1750	1550
1750	1556
1750	1579
1791	1428
1791	1437
1791	1439
1791	1451
1791	1495
1791	1509
1791	1513
1791	1558
2068	1461
2068	1482
2068	1489
2068	1503
2068	1506
2068	1516
2068	1541
3306	1414
3306	1428
3306	1461
3306	1464
3306	1476
3306	1485
3306	1504
3306	1509
3306	1519
3306	1550
3306	1575
3651	1407
3651	1424
3651	1430
3892	1414
3892	1424
3892	1427
3892	1455
3892	1459
3892	1463
3892	1464
3892	1467
3892	1498
3892	1499
3892	1519
3892	1527
3892	1569
3892	1575
3892	1577
4805	1428
4805	1430
4805	1436
4805	1437
4805	1443
4805	1464
4805	1469
4805	1489
4805	1503
4805	1505
4966	1439
4966	1516
4966	1519
4966	1523
4966	1542
4966	1554
4966	1580
4966	1593
4966	1612
4966	1640
6237	1493
6237	1504
6237	1519
6237	1530
6237	1551
6237	1556
6648	1421
6648	1422
6648	1424
6648	1428
6648	1445
6648	1455
6648	1457
6648	1489
6648	1504
6648	1528
6648	1551
6648	1569
6690	1428
6690	1430
6690	1431
6690	1449
6690	1455
6690	1464
6690	1478
6690	1485
6690	1489
6690	1496
6690	1498
6690	1499
6690	1508
6690	1509
6690	1513
6690	1518
6690	1540
6690	1546
6690	1550
6690	1554
6690	1594
6935	1485
6935	1542
7146	1504
7146	1516
7146	1530
7146	1550
7490	1478
7490	1488
7490	1491
7490	1519
7490	1556
7784	1408
7784	1462
7784	1472
7808	1417
7808	1421
7808	1424
7808	1428
7808	1431
7808	1437
7808	1445
7808	1459
7808	1467
7808	1468
7808	1481
7808	1485
7808	1487
7808	1496
7808	1498
7808	1499
7808	1505
7808	1513
7808	1527
7808	1528
7808	1533
7808	1550
7808	1594
7808	1621
7808	1649
7886	1430
7886	1437
7886	1455
7886	1456
7886	1459
7886	1464
7886	1482
7886	1485
7886	1489
7886	1498
7886	1499
7886	1501
7886	1502
7886	1504
7886	1505
7886	1516
7886	1518
7886	1519
7886	1521
7886	1523
7886	1528
7886	1533
7886	1541
7886	1545
7886	1549
7886	1551
7886	1555
7886	1556
7886	1562
7886	1564
7886	1565
7886	1579
7886	1586
7886	1594
7886	1621
7886	1625
9386	1401
9386	1403
9386	1404
9386	1405
9386	1406
9386	1415
9386	1419
9386	1420
9386	1421
9386	1422
9386	1427
9386	1428
9386	1430
9386	1431
9386	1432
9386	1433
9386	1435
9386	1440
9386	1441
9386	1443
9386	1447
9386	1448
9386	1449
9386	1453
9386	1454
9386	1461
9386	1463
9386	1464
9386	1465
9386	1467
9386	1468
9386	1469
9919	1408
9919	1421
9919	1427
9919	1458
9919	1464
9919	1486
9919	1499
9919	1528
9919	1562
9919	1575
10031	1424
10031	1428
10031	1430
10031	1458
10031	1465
10031	1469
10031	1481
10031	1488
10031	1489
10031	1525
10031	1550
10031	1577
10031	1593
10031	2022
10223	1394
10223	1398
10223	1400
10223	1407
10223	1411
10223	1415
10223	1417
10223	1419
10223	1420
10223	1421
10223	1422
10223	1426
10223	1427
10223	1428
10223	1434
10223	1435
10223	1443
10223	1452
10223	1460
10223	1462
10223	1463
10223	1469
10223	1470
10223	1473
10223	1474
10223	1475
10223	1476
10223	1480
10223	1481
10223	1482
10223	1483
10223	1485
10223	1487
10223	1609
10252	1450
10252	1485
10252	1498
10252	1499
10252	1504
10252	1507
10252	1514
10252	1515
10252	1519
10252	1527
10252	1530
10252	1554
10252	1556
10252	1575
10252	1579
10252	1625
10252	1663
11945	1465
11945	1493
11945	1496
11945	1550
12604	1455
12604	1464
12604	1485
12604	1509
12604	1575
12604	1726
12604	3230
13361	1421
13361	1427
13361	1428
13361	1430
13361	1459
13361	1527
13361	1533
13361	1541
13361	1545
13361	1550
13361	1556
13361	1574
13361	1603
15947	1404
15947	1410
15947	1414
15947	1422
15947	1426
15947	1427
15947	1428
15947	1450
15947	1459
15947	1464
15947	1465
15947	1469
15947	1476
15947	1488
15947	1489
15947	1491
15947	1505
15947	1513
15947	1523
15947	1530
15947	1550
15947	1554
15947	1619
15947	1621
16033	1421
16033	1465
16339	1446
16339	1447
16339	1449
16339	1463
16339	1464
16339	1465
16339	1467
16339	1475
16339	1479
16339	1480
16339	1481
16339	1490
16339	1496
16339	1501
16339	1504
16339	1505
16339	1516
16339	1518
16339	1557
16385	1414
16385	1421
16385	1427
16385	1428
16385	1436
16385	1455
16385	1457
16385	1459
16385	1467
16385	1485
16385	1498
16385	1505
16385	1519
16385	1530
16385	1555
16385	1556
16385	1575
16385	1603
16385	1621
17064	1404
17064	1427
17064	1489
17064	1498
17064	1649
18825	1439
18825	1455
18825	1496
18825	1523
18825	1550
19141	1414
19141	1421
19141	1455
19141	1459
19141	1522
20447	1485
20447	1513
20447	1524
20447	1527
20447	1530
20447	1539
20447	1541
20447	1550
20447	1556
20447	1561
20447	1563
20447	1566
20447	1575
20447	1577
20447	1579
20447	1586
20447	1663
23192	1437
23192	1456
23192	1649
24134	1421
24134	1455
24134	1457
24134	1476
24134	1556
24134	1649
24217	1426
24217	1451
24217	1499
24217	1509
24217	1550
24371	1404
24371	1410
24371	1416
24371	1421
24371	1422
24371	1426
24371	1427
24371	1428
24371	1431
24371	1432
24371	1434
24371	1435
24371	1437
24371	1439
24371	1443
24371	1445
24371	1457
24371	1459
24371	1463
24371	1464
24371	1469
24371	1470
24371	1471
24371	1474
24371	1476
24371	1477
24371	1481
24371	1485
24371	1486
24371	1487
24371	1489
24371	1491
24371	1493
24371	1494
24371	1496
24371	1501
24371	1504
24371	1505
24371	1509
24371	1511
24371	1512
24371	1513
24371	1517
24371	1518
24371	1519
24371	1520
24371	1521
24371	1529
24371	1530
24371	1533
24371	1539
24371	1545
24371	1549
24371	1550
24371	1551
24371	1552
24371	1555
24371	1557
24371	1569
24371	1575
24371	1582
24371	1585
24371	1586
24371	1601
24371	1606
24371	1611
24371	1629
24371	1648
26712	1433
26712	1435
26712	1437
26712	1449
26712	1471
26712	1478
26712	1480
26712	1485
26712	1499
26712	1508
26712	1648
27321	1472
27321	1489
27321	1541
27321	1550
27501	1428
27501	1455
27501	1459
27501	1550
27501	2511
29255	1399
29255	1400
29255	1401
29255	1402
29255	1404
29255	1405
29255	1406
29255	1407
29255	1408
29255	1410
29255	1413
29255	1414
29255	1416
29255	1419
29255	1420
29255	1421
29255	1422
29255	1424
29255	1425
29255	1427
29255	1432
29255	1434
29255	1435
29255	1441
29255	1445
29255	1450
29255	1451
29255	1452
29255	1453
29255	1456
29255	1457
29255	1460
29255	1461
29255	1462
29255	1463
29255	1464
29255	1465
29255	1466
29255	1467
29255	1469
29255	1470
29255	1472
29255	1473
29255	1474
29255	1475
29255	1477
29255	1481
29255	1482
29255	1484
29255	1540
29255	1635
29255	1668
29778	1455
29778	1485
29778	1489
29778	1498
29778	1504
29778	1516
29778	1518
29778	1527
29778	1530
29778	1550
29778	1556
29778	1575
29778	1579
29778	1611
29778	1629
30733	1414
30733	1468
30733	1590
30733	1648
33540	1414
33540	1419
33540	1422
33540	1430
33540	1445
33540	1446
33540	1450
33540	1476
33540	1505
33540	1522
33540	1528
33540	1545
33540	1554
33540	1603
33540	1725
33540	1854
34154	1428
34154	1439
34154	1446
34154	1459
34154	1465
34154	1469
34154	1489
34154	1496
34154	1513
34154	1528
34154	1550
34154	1554
34611	1513
34611	1545
34611	1558
35478	1408
35478	1410
35478	1413
35478	1416
35478	1417
35478	1419
35478	1421
35478	1427
35478	1428
35478	1429
35478	1430
35478	1431
35478	1432
35478	1435
35478	1436
35478	1437
35478	1439
35478	1440
35478	1442
35478	1443
35478	1447
35478	1452
35478	1453
35478	1456
35478	1457
35478	1458
35478	1460
35478	1461
35478	1462
35478	1465
35478	1467
35478	1469
35478	1470
35478	1473
35478	1476
35478	1478
35478	1480
35478	1482
35478	1483
35478	1485
35478	1494
35478	1495
35478	1500
35713	1527
35966	1421
35966	1424
35966	1428
35966	1432
35966	1455
35966	1459
35966	1485
35966	1489
35966	1496
35966	1530
35966	1550
35966	1551
35966	1621
35966	1632
35966	1769
36790	1428
36790	1459
36790	1485
36790	1496
36790	1519
36790	1549
37043	1411
37043	1444
37043	1454
37043	1484
37043	1505
38013	1436
38013	1442
38013	1443
38013	1445
38013	1448
38013	1451
38013	1453
38013	1461
38013	1462
38013	1464
38013	1467
38013	1468
38013	1470
38013	1478
38013	1479
38013	1486
38013	1487
38013	1490
38013	1492
38013	1494
38013	1495
38013	1496
38013	1505
38013	1506
38013	1538
38013	1541
38013	1552
38479	1422
38479	1428
38479	1430
38479	1431
38479	1437
38479	1439
38479	1442
38479	1443
38479	1444
38479	1447
38479	1451
38479	1452
38479	1455
38479	1458
38479	1459
38479	1461
38479	1463
38479	1464
38479	1465
38479	1469
38479	1472
38479	1476
38479	1478
38479	1480
38479	1482
38479	1483
38479	1484
38479	1488
38479	1489
38479	1490
38479	1491
38479	1493
38479	1494
38479	1496
38479	1499
38479	1500
38479	1501
38479	1503
38479	1505
38479	1506
38479	1508
38479	1509
38479	1512
38479	1516
38479	1518
38479	1528
38479	1533
38479	1538
38479	1541
38479	1545
38479	1550
38479	1552
38479	1554
38479	1556
38479	1557
38479	1582
38479	1594
38479	1649
39142	1442
39142	1465
39142	1472
39142	1489
39142	1496
39142	1498
39142	1500
39142	1513
39142	1518
39142	1527
39142	1528
39142	1541
39142	1550
39142	1557
39275	1426
39275	1430
39275	1455
39275	1458
39275	1461
39275	1465
39275	1489
39275	1496
39275	1504
39275	1519
39275	1550
39275	1556
40242	1400
40242	1418
40556	1459
40556	1485
40556	1525
40556	1545
40556	1552
40556	1556
40963	1414
40963	1421
40963	1422
40963	1424
40963	1428
40963	1437
40963	1439
40963	1443
40963	1451
40963	1455
40963	1456
40963	1459
40963	1467
40963	1489
40963	1498
40963	1527
40963	1554
43096	1414
43096	1428
43096	1459
43096	1485
43096	1527
43362	1420
43362	1421
43362	1422
43362	1424
43362	1427
43362	1428
43362	1429
43362	1430
43362	1431
43362	1432
43362	1433
43362	1434
43362	1435
43362	1436
43362	1438
43362	1439
43362	1440
43362	1441
43362	1442
43362	1443
43362	1447
43362	1451
43362	1453
43362	1454
43362	1456
43362	1457
43362	1458
43362	1460
43362	1461
43362	1462
43362	1463
43362	1464
43362	1465
43362	1467
43362	1468
43362	1469
43362	1473
43362	1474
43362	1475
43362	1476
43362	1477
43362	1478
43362	1479
43362	1481
43362	1482
43362	1483
43362	1484
43362	1485
43362	1486
43362	1487
43362	1490
43362	1495
43362	1496
43362	1500
43362	1501
43362	1505
43362	1507
43362	1508
43362	1514
43362	1518
43362	1520
48570	1414
48570	1421
48570	1457
48570	1509
48570	1550
49279	1416
49279	1419
49279	1422
49279	1426
49279	1435
49279	1459
49279	1463
49279	1464
49279	1474
49279	1476
49279	1488
49279	1491
49279	1505
49279	1509
49279	1513
49279	1516
49279	1518
49279	1545
49279	1550
49279	1554
49279	1603
49508	1410
49508	1417
49508	1426
49508	1430
49508	1431
49508	1453
49508	1474
49508	1477
49508	1488
49508	1493
49508	1495
49508	1503
49508	1505
49508	1509
49508	1512
49508	1594
49763	1421
49763	1445
49763	1631
49763	1678
49939	1399
49939	1401
49939	1405
49939	1421
49939	1427
49939	1462
49939	1464
49939	1465
49939	1467
49939	1468
49939	1470
49939	1473
50354	1428
50354	1430
50354	1431
50354	1432
50354	1434
50354	1440
50354	1441
50354	1442
50354	1443
50354	1448
50354	1449
50354	1452
50354	1453
50354	1454
50354	1458
50354	1460
50354	1461
50354	1462
50354	1463
50354	1465
50354	1466
50354	1467
50354	1469
50354	1470
50354	1471
50354	1473
50354	1476
50354	1478
50354	1480
50354	1481
50354	1482
50354	1483
50354	1485
50354	1487
50714	1475
50714	1501
50714	1513
50714	1557
51394	1455
51394	1465
51394	1469
51394	1485
51394	1489
51394	1496
51394	1504
51394	1517
51394	1519
51394	1523
51394	1525
51394	1530
51394	1534
51394	1542
51394	1547
51394	1549
51394	1550
51394	1551
51394	1554
51394	1555
51394	1556
51394	1562
51394	1568
51394	1575
51394	1586
51394	1590
51394	1593
51394	1609
51394	1626
51394	1635
51394	1660
51394	1666
51408	1455
51408	1504
51408	1519
51408	1550
51408	1579
51566	1414
51566	1437
51566	1439
51566	1442
51566	1443
51566	1463
51566	1464
51566	1484
51566	1494
51566	1528
51566	1554
51566	1603
51581	1446
51581	1455
51581	1462
51581	1472
51581	1504
51581	1512
51581	1521
51581	1525
51581	1549
51581	1555
51581	1559
51581	1567
51581	1571
51581	1575
51581	1585
51581	1589
51581	1593
51581	1597
51581	1602
51581	1604
51581	1611
51581	1621
51581	1629
51581	1632
51581	1640
51581	1652
54970	1442
54970	1447
54970	1455
54970	1459
54970	1464
54970	1467
54970	1476
54970	1482
54970	1485
54970	1488
54970	1489
54970	1494
54970	1499
54970	1516
54970	1519
54970	1551
54970	1554
54970	1594
54970	1621
55063	1428
55063	1430
55063	1431
55063	1437
55063	1438
55063	1439
55063	1442
55063	1443
55063	1453
55063	1458
55063	1459
55063	1461
55063	1463
55063	1464
55063	1483
55063	1493
55063	1494
55063	1495
55063	1503
55063	1512
55063	1649
55401	1414
55401	1422
55401	1491
55401	1603
55634	1421
55634	1428
55634	1459
55634	1485
55634	1496
55634	1504
55634	1519
55634	1530
55634	1575
55828	1459
55828	1485
55828	1493
55828	1530
55828	1549
56783	1459
56783	1489
56783	1550
56783	1603
57311	1399
57311	1400
57311	1401
57311	1402
57311	1403
57311	1404
57311	1405
57311	1406
57311	1407
57311	1420
57311	1421
57311	1422
57311	1423
57311	1425
57311	1429
57311	1430
57311	1431
57311	1432
57311	1434
57311	1435
57311	1436
57311	1437
57311	1438
57311	1440
57311	1441
57311	1442
57311	1443
57311	1448
57311	1451
57311	1452
57311	1453
57311	1455
57311	1458
57311	1459
57311	1460
57311	1461
57311	1473
57311	1476
57311	1574
57311	1590
58236	1464
58236	1466
58236	1489
58236	1545
59154	1455
59154	1485
59154	1489
59154	1504
59154	1519
59154	1580
59154	1612
59154	1635
59154	1652
59154	1666
59266	1459
59266	1465
59266	1485
59266	1496
59266	1504
59266	1519
59266	1530
59266	1549
59266	1575
59266	1579
59266	1593
59266	1612
59266	1640
59266	1666
59266	1708
59323	1421
59323	1437
59323	1439
59323	1440
59323	1459
59323	1464
59323	1504
59733	1455
59733	1481
59733	1489
59733	1501
59733	1527
59733	1575
60244	1485
60244	1523
60244	1530
60244	1542
60244	1549
60244	1575
60244	1593
60244	1612
60244	1666
60597	1428
60597	1442
60597	1459
60597	1465
60597	1504
60597	1509
60597	1514
60597	1519
60597	1530
60597	1556
60597	1575
60597	1629
60986	1504
60986	1519
60986	1522
60986	1530
60986	1531
60986	1544
60986	1555
60986	1561
60986	1575
60986	1588
60986	1593
60986	1629
60986	1645
61760	1550
61892	1417
61892	1418
61892	1435
61892	1449
61892	1457
61892	1463
61892	1469
61892	1478
61892	1494
61892	1554
62161	1410
62161	1414
62161	1422
62161	1429
62161	1434
62161	1459
62161	1463
62161	1470
62161	1488
62161	1495
62161	1550
62161	1594
62161	1912
62161	1936
62341	1436
62341	1442
62341	1455
62341	1465
62341	1472
62341	1481
62341	1489
62341	1499
62341	1504
62341	1519
62341	1520
62341	1557
62341	1621
63772	1494
64080	1414
64080	1422
64080	1426
64080	1437
64080	1443
64080	1447
64080	1455
64080	1463
64080	1464
64080	1465
64080	1469
64080	1489
64080	1494
64080	1505
64080	1516
64080	1519
64080	1551
64080	1575
64080	1579
64080	1621
64829	1575
65398	1433
65398	1437
65398	1439
65398	1440
65398	1443
65398	1445
65398	1447
65398	1448
65398	1453
65398	1455
66068	1421
66068	1459
66068	1476
66068	1530
66068	1533
66068	1535
66068	1957
66068	3175
67353	1439
67353	1468
67353	1476
67353	1485
67353	1489
67353	1494
67353	1538
67353	1575
67353	1649
67461	1428
67461	1429
67461	1430
67461	1431
67461	1436
67461	1437
67461	1438
67461	1439
67461	1440
67461	1442
67461	1443
67461	1446
67461	1447
67461	1452
67461	1455
67461	1458
67461	1459
67461	1463
67461	1464
67461	1465
67461	1467
67461	1476
67461	1481
67461	1482
67461	1483
67461	1485
67461	1489
67461	1491
67461	1494
67461	1496
67461	1498
67461	1501
67461	1503
67461	1504
67461	1505
67461	1506
67461	1512
67461	1514
67461	1518
67461	1519
67461	1521
67461	1530
67461	1533
67461	1541
67461	1545
67461	1550
67461	1551
67461	1552
67461	1554
67461	1556
67461	1557
67461	1562
67461	1563
67461	1575
67461	1577
67461	1579
67461	1582
67461	1594
67461	1603
67461	1611
67461	1619
67461	1625
67461	1629
67461	1663
67976	1498
67976	1538
67976	1580
69326	1422
69326	1489
69326	1499
69326	1538
69326	1619
69367	1469
69367	1477
69367	1485
69367	1554
70527	1428
70527	1438
70527	1455
70527	1491
70527	1512
70527	1518
70527	1550
70527	1554
70527	1556
70527	1557
70725	1428
70725	1430
70725	1436
70725	1440
70725	1452
70725	1455
70725	1456
70725	1463
70725	1464
70725	1467
70725	1473
70725	1476
70725	1483
70725	1486
70725	1487
70725	1489
70725	1490
70725	1493
70725	1504
70725	1507
70725	1512
70725	1515
70725	1519
70725	1521
70725	1545
70725	1551
70725	1554
70725	1587
70725	1594
70725	1619
70725	1621
70725	1625
74146	1444
74489	1422
74489	1423
74489	1440
74489	1443
74489	1451
74489	1473
74489	1477
74489	1499
74489	1504
74489	1515
74489	1538
74489	1550
74489	1554
75277	1430
75277	1439
75277	1447
75277	1458
75277	1459
75277	1463
75277	1464
75277	1478
75277	1480
75277	1482
75277	1489
75277	1503
75277	1504
75277	1512
75277	1528
75277	1550
75277	1551
75277	1556
75277	1562
75277	1577
75729	1397
75729	1399
75729	1402
75729	1403
75729	1405
75729	1408
75729	1409
75729	1410
75729	1411
75729	1413
75729	1414
75729	1416
75729	1417
75729	1418
75729	1419
75729	1426
75729	1427
75729	1428
75729	1430
75729	1432
75729	1434
75729	1435
75729	1436
75729	1437
75729	1438
75729	1439
75729	1440
75729	1443
75729	1446
75729	1447
75729	1449
75729	1450
75729	1453
75729	1455
75729	1456
75729	1458
75729	1459
75729	1460
75729	1461
75729	1462
75729	1463
75729	1464
75729	1465
75729	1466
75729	1467
75729	1468
75729	1469
75729	1471
75729	1472
75729	1478
75729	1483
75729	1484
75729	1486
75729	1493
75729	1494
75729	1495
75729	1496
75729	1498
75729	1499
75729	1503
75729	1504
75729	1505
75729	1507
75729	1509
75729	1513
75729	1514
75729	1515
75729	1527
75729	1543
75729	1554
75729	1556
75729	1570
75729	1574
75729	1579
75729	1585
75729	1587
75729	1614
75729	1619
75729	1621
75729	1630
75729	1649
75729	1650
75729	1651
75729	1654
75729	1661
75729	1663
75729	1664
75729	1671
75729	1673
75729	1685
75729	1687
75729	1689
75729	1701
75729	1703
75729	1708
75729	1714
75729	1715
75729	1720
75729	1721
75729	1731
75729	1734
75729	1739
75729	1742
75729	1744
75729	1747
75729	1753
75729	1773
75729	1784
75729	1792
75729	1795
75729	1801
75729	1814
75729	1830
75729	1839
75729	1843
75729	1856
75729	1899
76710	1419
76710	1430
76710	1432
76710	1453
76710	1461
76710	1477
76770	1428
76770	1436
76770	1442
76770	1465
76770	1480
76770	1481
76770	1485
76770	1489
76770	1496
76770	1511
76770	1513
76770	1527
76770	1528
76770	1557
76770	1575
76770	1586
76903	1443
76903	1450
76903	1456
76903	1457
76903	1458
76903	1469
76903	1487
76903	1498
76903	1499
76903	1516
76903	1546
76903	1619
77722	1399
77722	1408
77722	1410
77722	1416
77722	1427
77722	1429
77722	1430
77722	1431
77722	1432
77722	1436
77722	1437
77722	1438
77722	1440
77722	1442
77722	1443
77722	1446
77722	1461
77722	1462
77722	1469
77722	1478
77722	1479
77722	1480
77722	1484
77735	1428
77735	1556
77735	1621
77735	1625
77735	1708
79123	1489
80640	1430
80640	1456
80640	1468
80640	1472
80640	1480
80640	1484
80640	1488
80640	1496
80640	1499
80640	1501
80640	1508
80640	1509
80640	1516
80640	1518
80640	1519
80640	1527
80640	1535
80640	1551
80640	1554
80640	1556
80640	1577
80640	1582
80640	1619
80640	1649
83962	1430
83962	1439
83962	1455
83962	1468
83962	1479
83962	1485
83962	1513
83962	1554
84151	1480
84151	1586
85202	1464
85202	1472
85202	1516
85202	1648
86243	1421
86243	1424
86243	1428
86243	1445
86243	1485
86243	1513
86243	1527
86809	1404
86809	1410
86809	1422
86809	1426
86809	1427
86809	1428
86809	1430
86809	1434
86809	1436
86809	1437
86809	1439
86809	1440
86809	1446
86809	1455
86809	1460
86809	1464
86809	1470
86809	1471
86809	1474
86809	1489
86809	1499
86809	1509
86809	1519
86809	1550
86809	1551
86809	1555
86809	1562
86809	1603
86809	1621
87923	1446
87923	1455
87923	1465
87923	1469
87923	1482
87923	1485
87923	1489
87923	1496
87923	1501
87923	1504
87923	1508
87923	1509
87923	1516
87923	1519
87923	1540
87923	1550
87923	1555
87923	1556
87923	1562
87923	1575
87923	1662
89465	1428
89465	1459
89465	1489
89465	1525
89465	1575
90015	1424
90015	1435
90015	1437
90015	1446
90015	1447
90015	1451
90015	1453
90015	1458
90015	1461
90015	1462
90015	1463
90015	1464
90015	1465
90015	1467
90015	1469
90015	1473
90015	1476
90015	1478
90015	1480
90015	1481
90015	1552
90015	1559
90015	1562
90015	1564
90015	1568
90015	1569
90015	1594
92675	1424
92675	1431
92675	1487
92675	1491
92675	1505
92675	1509
92675	1550
92675	1556
92675	1577
94173	1414
94173	1423
94173	1427
94173	1428
94173	1467
94173	1498
94173	1499
94173	1504
94173	1527
94173	1554
94528	1455
94528	1465
94528	1480
94528	1481
94528	1496
94528	1504
94528	1511
94528	1513
94528	1518
94528	1519
94528	1527
94528	1530
94528	1540
94528	1545
94528	1552
94528	1557
94528	1565
94528	1575
94528	1582
94528	1586
94528	1606
94528	1663
95924	1505
95924	1512
95924	1603
95947	1439
95947	1455
95947	1459
95947	1465
95947	1485
95947	1489
95947	1496
95947	1504
95947	1512
95947	1516
95947	1519
95947	1528
95947	1530
95947	1549
95947	1550
95947	1551
95947	1554
95947	1562
95947	1575
95947	1579
96523	1417
96523	1443
96523	1463
97254	1459
97254	1461
97254	1469
97254	1516
97254	1540
97254	1541
97254	1554
98300	1404
98300	1428
98300	1435
98300	1440
98300	1446
98300	1457
98300	1458
98300	1459
98300	1476
98300	1496
99994	1401
99994	1434
99994	1450
99994	1456
99994	1457
99994	1460
99994	1464
99994	1471
99994	1474
99994	1475
99994	1477
99994	1480
99994	1496
99994	1500
99994	1502
99994	1505
99994	1506
99994	1515
99994	1522
99994	1533
99994	1535
99994	1541
99994	1542
99994	1547
99994	1567
99994	1569
99994	1572
99994	1573
99994	1575
101035	1410
101035	1424
101035	1425
101035	1427
101035	1428
101035	1429
101035	1430
101035	1431
101035	1432
101035	1434
101035	1436
101035	1438
101035	1441
101035	1443
101035	1448
101035	1450
101035	1452
101035	1454
101035	1455
101035	1457
101035	1458
101035	1460
101035	1463
101035	1464
101035	1467
101035	1470
101035	1474
101035	1487
101035	1496
101035	1603
101035	1619
101035	2180
102218	1530
102218	1568
102218	1599
102218	1672
102431	1395
102431	1396
102431	1410
102431	1412
102431	1415
102431	1426
102431	1429
102431	1431
102431	1438
102431	1441
102431	1444
102431	1446
102431	1450
102431	1455
102431	1456
102431	1459
102431	1464
102431	1468
102431	1475
102431	1476
102431	1480
102431	1483
102431	1487
102431	1488
102431	1494
102431	1496
102431	1545
102431	1546
102431	1557
102431	1594
102431	1619
103576	1439
103576	1504
106844	1439
106844	1489
106844	1508
106844	1554
106844	1603
107086	1408
107086	1426
107086	2213
107086	2444
107155	1489
110238	1491
110238	1505
110238	1509
110238	1550
110510	1432
110510	1433
110510	1436
110510	1437
110510	1443
110510	1447
110510	1456
110510	1462
110510	1464
110510	1468
110510	1469
110510	1470
110510	1472
110510	1473
110510	1474
110510	1475
110510	1477
110510	1483
110510	1484
110510	1528
110545	1484
110545	1504
110545	1519
110545	1523
111058	1439
111058	1455
111058	1458
111058	1523
111058	1525
111058	1527
111058	1575
111058	1603
111290	1400
111290	1401
111290	1405
111290	1407
111290	1411
111290	1416
111290	1424
111290	1427
111290	1429
111290	1430
111290	1431
111290	1432
111290	1433
111290	1436
111290	1440
111290	1442
111290	1443
111290	1447
111290	1451
111290	1452
111290	1454
111290	1458
111290	1460
111290	1461
111290	1462
111290	1464
111290	1468
111290	1469
111290	1470
111290	1473
111290	1474
111290	1475
111290	1476
111290	1478
111290	1480
111290	1483
111290	1485
111290	1487
112430	1428
112430	1455
112430	1465
112430	1485
112430	1489
112430	1496
112430	1519
112430	1530
112430	1550
112430	1556
112430	1943
113007	1455
113007	1465
113007	1485
113007	1489
113007	1496
113007	1504
113007	1525
113007	1528
113173	1432
113173	1465
113173	1519
113173	1527
113173	1528
113173	1556
113217	1399
113217	1400
113217	1402
113217	1403
113217	1404
113217	1405
113217	1406
113217	1408
113217	1409
113217	1411
113217	1421
113217	1422
113217	1424
113217	1427
113217	1429
113217	1442
113217	1445
113217	1451
113217	1457
113217	1459
113217	1470
113217	1474
113217	1506
113217	1569
114161	1404
114161	1414
114161	1421
114161	1422
114161	1459
114161	1464
114161	1470
114161	1476
114161	1498
114161	1499
114161	1508
114161	1513
114161	1545
114161	1554
114161	1603
114908	1485
114908	1504
114908	1515
114908	1519
114908	1530
114908	1575
114908	1590
116322	1414
116322	1444
116322	1467
116322	1498
116322	1504
116322	1550
118125	1413
118125	1426
118125	1439
118125	3310
118320	1473
118320	1489
118320	1550
118476	1427
118476	1458
118476	1464
118476	1476
118476	1485
118476	1519
118476	1556
118476	2166
118522	1428
118522	1429
118522	1430
118522	1440
118522	1443
118522	1452
118522	1455
118522	1458
118522	1463
118522	1464
118522	1468
118522	1479
118522	1481
118522	1483
118522	1484
118522	1489
118522	1490
118522	1494
118522	1496
118522	1503
118522	1504
118522	1506
118522	1513
118522	1516
118522	1519
118522	1530
118522	1541
118522	1545
118522	1550
118522	1551
118522	1557
118522	1563
118522	1575
118522	1579
118522	1603
118522	1649
121103	1455
121103	1476
121103	1485
121103	1489
121103	1517
121103	1551
121103	1575
121103	1579
124345	1404
124345	1410
124345	1416
124345	1460
124345	1516
124345	1519
124345	1539
124345	1550
124345	1646
126485	1436
126485	1465
126485	1469
126485	1480
126485	1485
126485	1489
126485	1496
126485	1500
126485	1504
126485	1511
126485	1517
126485	1528
126485	1530
126485	1541
126485	1562
126485	1566
126485	1575
126485	1587
126485	1590
126485	1593
126485	1629
126485	1645
126606	1429
126606	1446
126606	1471
126606	1516
126606	1554
126606	1590
126623	1489
127739	1414
127739	1422
127739	1424
127739	1426
127739	1440
127739	1459
127739	1464
127739	1489
127739	1551
127739	1569
127739	1575
127771	1428
127771	1429
127771	1436
127771	1440
127771	1445
127771	1450
127771	1455
127771	1457
127771	1462
127771	1464
127771	1466
127771	1467
127771	1469
127771	1476
127771	1483
127771	1486
127771	1487
127771	1491
127771	1495
127771	1496
127771	1554
129511	1401
129511	1405
129511	1421
129511	1464
129511	1491
129511	1504
129511	1550
130091	1421
130091	1457
130091	1459
130091	1465
130091	1467
130091	1485
130091	1496
130091	1517
130091	1522
130091	1527
130091	1542
130091	1549
130091	1603
130099	1455
130099	1575
130316	1408
130316	1414
130316	1415
130316	1419
130316	1422
130316	1423
130316	1427
130316	1440
130316	1443
130316	1445
130316	1447
130316	1450
130316	1452
130316	1455
130316	1456
130316	1457
130316	1459
130316	1464
130316	1481
130316	1484
130316	1488
130316	1490
130316	1493
130316	1494
130316	1498
130316	1499
130316	1509
130316	1510
130316	1516
130316	1546
130316	1554
130316	1557
130316	1580
130316	1585
130316	1594
130316	1603
130316	1619
130316	1621
130838	1461
130838	1582
131285	1421
131285	1424
131285	1427
131285	1447
131285	1455
131285	1465
131285	1476
131285	1479
131285	1498
131532	1421
131532	1430
131532	1445
131532	1459
131532	1512
131594	1416
131594	1436
131594	1437
131594	1443
131594	1459
131594	1464
131594	1485
131594	1498
131594	1501
131594	1504
131594	1508
131594	1527
131594	1545
131594	1621
131594	1648
132423	1408
132423	1438
132423	1440
132423	1441
132423	1442
132423	1443
132423	1445
132423	1446
132423	1451
132423	1458
132423	1461
132423	1462
132423	1463
132423	1465
132423	1466
132423	1467
132423	1469
132423	1473
132423	1474
132423	1475
132423	1502
132423	1504
132423	1506
132423	1607
132423	1654
132423	1656
132423	1658
132423	1661
132423	1669
132423	1670
132423	1671
132423	1679
132423	1680
132423	1683
132423	1710
132423	1713
132423	1714
132423	1722
132423	1724
132423	1727
132423	1731
132423	1732
132423	1734
132423	1737
132423	1739
132423	1740
132423	1741
132423	1742
132423	1743
132423	1744
132423	1745
132423	1747
132423	1748
132423	1797
132423	1799
132423	1802
132423	1803
132423	1809
132740	1436
132740	1439
132740	1440
132740	1442
132740	1443
132740	1453
132740	1461
132740	1464
132740	1480
132740	1513
132740	1516
132740	1518
132740	1527
132740	1538
132740	1541
133195	1416
133195	1420
133195	1429
133195	1430
133195	1452
133195	1457
133195	1464
133195	1467
133195	1470
133195	1486
133195	1494
133195	1499
133195	1506
133195	1512
133195	1516
133195	1554
133195	1590
133195	1621
133378	1399
133378	1400
133378	1402
133378	1403
133378	1406
133378	1407
133378	1409
133378	1415
133378	1416
133378	1417
133378	1418
133378	1424
133378	1425
133378	1426
133378	1428
133378	1434
133378	1435
133378	1436
133378	1437
133378	1438
133378	1439
133378	1440
133378	1441
133378	1442
133378	1443
133378	1446
133378	1447
133378	1448
133378	1449
133378	1450
133378	1451
133378	1452
133378	1453
133378	1454
133378	1455
133378	1460
133378	1461
133378	1462
133378	1463
133378	1468
133378	1472
133378	1474
133378	1475
133378	1482
133378	1492
133378	1504
133378	1518
133378	1552
133378	1553
133378	1941
133512	1428
133512	1491
133512	1504
133512	1516
133512	1554
133512	1556
133512	1621
133512	1811
133746	1398
133746	1402
133746	1405
133746	1423
133746	1430
133746	1432
133746	1469
133746	1470
133746	1471
133788	1422
133788	1428
133788	1430
133788	1439
133788	1459
133788	1464
133788	1476
133788	1489
133788	1496
133788	1516
136252	1489
136953	1414
136953	1418
136953	1419
136953	1420
136953	1422
136953	1424
136953	1434
136953	1447
136953	1448
136953	1452
136953	1455
136953	1460
136953	1463
136953	1473
136953	1476
136953	1480
136953	1490
136953	1491
136953	1492
136953	1506
136953	1507
136953	1508
136953	1512
136953	1642
136953	2192
136953	3156
137467	1408
137467	1414
137467	1426
137467	1427
137467	1428
137467	1467
137467	1485
137467	1499
137467	1504
137467	1518
137467	1519
137467	1556
137467	1575
137467	1621
137467	1652
137467	1675
137467	1802
137504	1455
137504	1481
137504	1485
137504	1517
137504	1530
137504	1545
137504	1549
137504	1593
137504	1609
137504	1612
138950	1425
138950	1428
138950	1431
138950	1439
138950	1442
138950	1443
138950	1453
138950	1455
138950	1485
138950	1487
138950	1493
138950	1495
138950	1496
138950	1509
138950	1550
138950	1551
138950	1556
138950	1575
138950	1649
139033	1424
139033	1461
139033	1465
139033	1481
139033	1504
139033	1527
139033	1554
139033	1556
139033	1591
139650	1455
139650	1464
139650	1550
139650	1603
141168	1458
141168	1467
141168	1550
141168	1575
141168	1603
141168	1730
144296	1460
144296	1461
144296	1471
144296	1473
144296	1476
144296	1478
144296	1479
144296	1480
144296	1481
144296	1482
144296	1484
144296	1485
144296	1487
144296	1519
144459	1414
144459	1419
144459	1422
144459	1456
144459	1484
144459	1603
144913	1422
144913	1427
144913	1472
144913	1504
144913	1507
144913	1533
144913	1556
145460	1422
145460	1424
145460	1428
145460	1459
145460	1464
145460	1470
145460	1476
145460	1496
145460	1512
147848	1448
147848	1472
147848	1481
147848	1502
147848	1515
147848	1546
147848	1550
147848	1551
147848	1556
147848	1574
147848	1577
147848	1588
147848	1595
147939	1427
147939	1435
147939	1442
147939	1445
147939	1451
147939	1455
147939	1459
147939	1476
147939	1482
147939	1489
147939	1538
147939	1556
147939	1603
148237	1459
148237	1496
148293	1476
148293	1485
149516	1414
149516	1439
149516	1445
149516	1451
149516	1459
151016	1425
151016	1463
151016	1509
151016	1514
151016	1550
151685	1403
151685	1406
151685	1408
151685	1409
151685	1414
151685	1416
151685	1419
151685	1421
151685	1422
151685	1428
151685	1430
151685	1431
151685	1432
151685	1433
151685	1435
151685	1436
151685	1437
151685	1438
151685	1439
151685	1440
151685	1442
151685	1443
151685	1444
151685	1446
151685	1447
151685	1449
151685	1450
151685	1451
151685	1452
151685	1453
151685	1455
151685	1456
151685	1457
151685	1458
151685	1459
151685	1461
151685	1463
151685	1464
151685	1465
151685	1467
151685	1468
151685	1469
151685	1474
151685	1475
151685	1476
151685	1477
151685	1478
151685	1479
151685	1481
151685	1483
151685	1485
151685	1488
151685	1489
151685	1490
151685	1491
151685	1493
151685	1494
151685	1495
151685	1496
151685	1497
151685	1499
151685	1500
151685	1502
151685	1505
151685	1506
151685	1507
151685	1509
151685	1511
151685	1513
151685	1515
151685	1516
151685	1518
151685	1519
151685	1520
151685	1527
151685	1528
151685	1533
151685	1538
151685	1540
151685	1546
151685	1548
151685	1550
151685	1551
151685	1554
151685	1556
151685	1557
151685	1564
151685	1574
151685	1579
151685	1590
151685	1594
151685	1621
151685	1648
151685	1649
151685	1663
152331	1404
152331	1408
152331	1409
152331	1419
152331	1424
154558	1392
154558	1402
154558	1404
154558	1405
154558	1409
154558	1411
154558	1412
154558	1416
154558	1419
154558	1424
154558	1425
154558	1427
154558	1429
154558	1436
154558	1437
154558	1438
154558	1440
154558	1441
154558	1443
154558	1447
154558	1453
154558	1457
154558	1461
154558	1462
154558	1464
154558	1465
154558	1467
154558	1468
154558	1469
154558	1473
154558	1477
154558	1478
154558	1479
154558	1488
155063	1504
155063	1512
155063	1514
155063	1519
155063	1549
155063	1644
155063	1685
158890	1428
158890	1455
158890	1485
158890	1519
158890	1523
158890	1530
158890	1575
158890	1593
158890	1629
158890	1635
158890	1802
159912	1436
159912	1455
159912	1459
159912	1465
159912	1542
159912	1575
160024	1407
160024	1448
160024	1465
160024	1467
160024	1468
160024	1481
160024	1483
160024	1487
160024	1488
160024	1490
160024	1497
160024	1522
160024	1547
160024	1561
160024	1565
160024	1572
161106	1401
161106	1405
161106	1416
161106	1419
161106	1421
161106	1426
161106	1427
161106	1428
161106	1431
161106	1436
161106	1437
161106	1440
161106	1442
161106	1443
161106	1451
161106	1453
161106	1458
161106	1462
161106	1463
161106	1464
161106	1469
161106	1473
161106	1476
161106	1477
161106	1478
161106	1480
161106	1485
161106	1487
161106	1488
161106	1496
161106	1500
161106	1502
161106	1504
161106	1507
161106	1514
161106	1515
161106	1516
161106	1518
161106	1523
161106	1524
161333	1404
161333	1407
161333	1416
161333	1419
161333	1421
161333	1428
161333	1430
161333	1433
161333	1435
161333	1436
161333	1437
161333	1438
161333	1439
161333	1442
161333	1443
161333	1446
161333	1447
161333	1451
161333	1452
161333	1454
161333	1455
161333	1458
161333	1459
161333	1460
161333	1461
161333	1463
161333	1465
161333	1466
161333	1468
161333	1469
161333	1470
161333	1473
161333	1476
161333	1496
161333	1509
161333	1519
161541	1414
161541	1421
161541	1422
161541	1428
161541	1430
161541	1439
161541	1449
161541	1450
161541	1452
161541	1457
161541	1459
161541	1463
161541	1464
161541	1470
161541	1476
161541	1479
161541	1485
161541	1498
161541	1511
161541	1516
161541	1518
161541	1527
161541	1528
161541	1538
161541	1619
163175	1413
163175	1422
163175	1428
163175	1430
163175	1439
163175	1446
163175	1447
163175	1449
163175	1455
163175	1459
163175	1461
163175	1463
163175	1465
163175	1467
163175	1476
163175	1489
163175	1490
163175	1494
163175	1496
163175	1499
163175	1513
163175	1516
163175	1528
163175	1533
163175	1540
163175	1550
163175	1552
163175	1554
163175	1621
163175	1649
163727	1421
163727	1424
163727	1427
163727	1428
163727	1439
163727	1459
163727	1464
163727	1466
163727	1485
163727	1489
163727	1504
163727	1530
163727	1542
163727	1549
163727	1550
163727	1556
164644	1407
164644	1422
164644	1430
164644	1465
164644	1513
164644	1619
165054	1439
165054	1451
165054	1455
165054	1465
165054	1485
165054	1489
165054	1491
165054	1516
165054	1519
165054	1551
165054	1562
165054	1649
165054	1813
167435	1459
167435	1498
167435	1504
167649	1400
167649	1408
167649	1413
167649	1415
167649	1420
167649	1422
167649	1427
167649	1429
167649	1431
167649	1434
167649	1435
167649	1437
167649	1440
167649	1442
167649	1448
167649	1451
167649	1455
167649	1458
167649	1462
167649	1463
167649	1469
167649	1470
167649	1473
167649	1476
169665	1462
169665	1465
169665	1466
172863	1413
172863	1419
172863	1423
172863	1424
172863	1425
172863	1427
172863	1429
172863	1430
172863	1431
172863	1433
172863	1434
172863	1436
172863	1437
172863	1439
172863	1440
172863	1441
172863	1442
172863	1443
172863	1446
172863	1447
172863	1449
172863	1450
172863	1451
172863	1452
172863	1453
172863	1454
172863	1455
172863	1456
172863	1457
172863	1458
172863	1463
172863	1464
172863	1466
172863	1468
172863	1473
172863	1482
172863	1483
172863	1484
172863	1486
172863	1493
172863	1494
172863	1498
172863	1503
172863	1505
172863	1579
172863	1621
172863	1649
175937	1437
175937	1441
175937	1443
175937	1447
175937	1461
175937	1476
175937	1485
175937	1491
175937	1503
175937	1649
176333	1554
176333	1594
176333	1621
178196	1428
178196	1455
178196	1459
178196	1485
178196	1489
178196	1516
178196	1550
178196	1603
182008	1492
182008	1504
182008	1505
182008	1550
182008	1593
182008	1632
182883	1404
182883	1407
182883	1416
182883	1417
182883	1421
182883	1427
182883	1428
182883	1429
182883	1430
182883	1436
182883	1437
182883	1438
182883	1442
182883	1443
182883	1447
182883	1448
182883	1449
182883	1452
182883	1454
182883	1460
182883	1461
182883	1462
182883	1473
182883	1474
182883	1475
182883	1476
182883	1477
182883	1480
182883	1486
182883	1490
182883	1495
182883	1500
182883	1514
182883	1523
182883	1524
182883	1529
182883	1530
182883	1536
182883	1539
182883	1542
182883	1544
184695	1440
184695	1459
184695	1476
184695	1485
184695	1493
184695	1504
185072	1439
185072	1455
185072	1459
185072	1485
185072	1504
185072	1523
185072	1530
185072	1542
185072	1549
185072	1626
185072	1640
187049	1414
187049	1422
187049	1428
187049	1430
187049	1431
187049	1436
187049	1437
187049	1439
187049	1440
187049	1443
187049	1446
187049	1447
187049	1455
187049	1457
187049	1459
187049	1463
187049	1464
187049	1465
187049	1467
187049	1476
187049	1478
187049	1482
187049	1485
187049	1486
187049	1493
187049	1494
187049	1496
187049	1499
187049	1505
187049	1509
187049	1518
187049	1527
187049	1546
187049	1552
187049	1590
187049	1603
187049	1621
188222	1460
188222	1506
188222	1513
188222	1541
188718	1431
188718	1466
188718	1482
188718	1489
188718	1550
188724	1416
188724	1422
188724	1430
188724	1437
188724	1442
188724	1464
188724	1482
188724	1509
188724	1546
188724	1562
188948	1421
188948	1422
188948	1430
188948	1452
188948	1464
188948	1485
188948	1518
188948	1586
189288	1437
189288	1440
189288	1479
189288	1485
189288	1489
189288	1499
189288	1504
189288	1512
189288	1545
189288	1551
189978	1410
189978	1413
189978	1421
189978	1425
189978	1427
189978	1429
189978	1437
189978	1441
189978	1442
189978	1443
189978	1447
189978	1448
189978	1449
189978	1458
189978	1462
189978	1465
189978	1467
189978	1471
189978	1474
189978	1475
189978	1478
189978	1490
189978	1492
191503	1422
191503	1430
191503	1442
191503	1485
191503	1498
191503	1499
191503	1504
191503	1556
191503	1562
191902	1480
191902	1485
191902	1550
191902	1555
191902	1556
191902	1579
191902	1738
192992	1414
192992	1424
192992	1429
192992	1430
192992	1431
192992	1432
192992	1434
192992	1435
192992	1437
192992	1439
192992	1441
192992	1443
192992	1446
192992	1447
192992	1449
192992	1450
192992	1451
192992	1453
192992	1454
192992	1456
192992	1458
192992	1459
192992	1461
192992	1462
192992	1464
192992	1465
192992	1467
192992	1468
192992	1469
192992	1470
192992	1474
192992	1475
192992	1477
192992	1478
192992	1483
192992	1487
192992	1575
194952	1437
194952	1458
194952	1550
198256	1426
198256	1439
198256	1465
198256	1485
198256	1498
198256	1505
198256	1535
199007	1417
199007	1419
199007	1420
199007	1421
199007	1427
199007	1430
199007	1431
199007	1434
199007	1462
199007	1463
199007	1464
199007	1483
199007	1693
199007	2622
199069	1446
199069	1459
199069	1464
199069	1465
199069	1487
199069	1498
199069	1577
199069	1594
199339	1424
199339	1464
199339	1491
199339	1530
199339	1533
199339	1550
199339	1555
199339	1575
200126	1459
200126	1485
200126	1491
200126	1530
200126	1545
200126	1550
200126	1551
200665	1455
200665	1550
200665	1649
201865	1414
201865	1416
201865	1421
201865	1424
201865	1432
201865	1450
201865	1455
201865	1456
201865	1467
201865	1468
201865	1476
201865	1480
201865	1487
201865	1489
201865	1490
201865	1516
201865	1518
201865	1519
201865	1523
201865	1525
201865	1527
201865	1528
201865	1530
201865	1531
201865	1535
201865	1551
201865	1575
201865	1586
203295	1496
203295	1516
203506	1542
204895	1491
204895	1512
206404	1428
206404	1459
206404	1465
206404	1472
206404	1480
206404	1481
206404	1485
206404	1486
206404	1496
206404	1499
206404	1501
206404	1504
206404	1511
206404	1516
206404	1521
206404	1527
206404	1551
206404	1556
206404	1575
206404	1580
206404	1586
206404	1590
206404	1630
206404	1650
206404	1652
206404	1681
206557	1489
206557	1491
206557	1514
206557	1551
206557	1579
208070	1455
208070	1459
208070	1485
208598	1459
208598	1489
208598	1493
208598	1513
209308	1422
209308	1428
209308	1430
209308	1439
209308	1455
209308	1459
209308	1464
209308	1476
209308	1481
209308	1485
209308	1489
209308	1496
209308	1504
209308	1516
209308	1517
209308	1519
209308	1523
209308	1525
209308	1527
209308	1530
209308	1534
209308	1549
209308	1550
209308	1551
209308	1554
209308	1555
209308	1556
209308	1575
209308	1586
209308	1609
209308	1632
209375	1426
209375	1485
209375	1489
211747	1551
211825	1419
211825	1422
211825	1435
211825	1438
211825	1446
211825	1447
211825	1450
211825	1452
211825	1455
211825	1459
211825	1460
211825	1499
211825	1519
211825	1619
213035	1554
213035	1863
214461	1459
214461	1542
214461	1543
215493	1421
215493	1424
215493	1428
215493	1429
215493	1430
215493	1439
215493	1440
215493	1442
215493	1443
215493	1449
215493	1450
215493	1458
215493	1461
215493	1465
215493	1534
215493	1550
215493	1556
215493	1649
215493	1671
216738	1459
216738	1463
216738	1467
216738	1524
217248	1410
217248	1440
217248	1455
217248	1459
217248	1461
217248	1464
217248	1466
217248	1485
217248	1489
217248	1507
217248	1516
217248	1519
217248	1550
217248	1603
217248	1649
217814	1439
217814	1440
217814	1452
217814	1458
217814	1464
217814	1500
217814	1519
217814	1530
217814	1561
217814	1562
217814	1565
217814	1575
217814	1593
219202	1404
219202	1410
219202	1422
219202	1426
219202	1446
219202	1474
219202	1489
219202	1493
219202	1499
219202	1501
219202	1505
219202	1523
219202	1550
219202	1558
219202	1578
219202	1638
219202	1683
219202	1879
219202	2142
219202	2376
219202	3253
219369	1485
219369	1489
219369	1504
219369	1519
219369	1525
219369	1530
219369	1549
219369	1555
219369	1557
219369	1575
219516	1399
219516	1400
219516	1401
219516	1402
219516	1403
219516	1404
219516	1405
219516	1406
219516	1407
219516	1408
219516	1409
219516	1410
219516	1413
219516	1416
219516	1418
219516	1419
219516	1420
219516	1421
219516	1422
219516	1427
219516	1428
219516	1429
219516	1430
219516	1431
219516	1432
219516	1433
219516	1434
219516	1435
219516	1436
219516	1437
219516	1441
219516	1442
219516	1443
219516	1447
219516	1450
219516	1451
219516	1452
219516	1453
219516	1454
219516	1455
219516	1456
219516	1457
219516	1458
219516	1459
219516	1460
219516	1461
219516	1462
219516	1463
219516	1465
219516	1467
219516	1468
219516	1469
219516	1470
219516	1485
219516	1492
219719	1428
219719	1458
219719	1464
219719	1476
219719	1577
221564	1472
221564	1481
221564	1485
221564	1489
221564	1496
221564	1504
221564	1527
221564	1528
221564	1554
221564	1556
221564	1574
221564	1588
221746	1476
222886	1410
222886	1416
222886	1417
222886	1419
222886	1424
222886	1426
222886	1432
222886	1435
222886	1466
222886	1474
222886	1569
224073	1455
224073	1504
224073	1530
224073	1575
224661	1408
224661	1414
224661	1416
224661	1422
224661	1429
224661	1439
224661	1445
224661	1455
224661	1505
224661	1512
224661	1518
224661	1519
224661	1550
224661	1554
224661	1575
224661	1594
224661	1621
225204	1455
226264	1410
226264	1413
226264	1419
226264	1427
226264	1436
226264	1440
226264	1442
226264	1448
226264	1451
226264	1452
226264	1454
226264	1455
226264	1459
226264	1460
226264	1463
226264	1464
226264	1466
226264	1467
226264	1470
226264	1473
226264	1476
226264	1485
226264	1496
226264	1504
226264	1519
226264	1550
226264	1556
226264	1603
226264	1612
226264	1715
226264	1744
226264	1932
226264	2057
226264	2093
227249	1408
227249	1410
227249	1421
227249	1422
227249	1426
227249	1427
227249	1428
227249	1430
227249	1437
227249	1438
227249	1445
227249	1452
227249	1459
227249	1463
227249	1464
227249	1474
227249	1484
227249	1485
227249	1489
227249	1494
227249	1495
227249	1499
227249	1556
227249	1569
227249	1621
228053	1455
228053	1472
228053	1501
228053	1518
228053	1527
228053	1545
228053	1546
228053	1648
230291	1414
230291	1419
230291	1428
230291	1439
230291	1440
230291	1446
230291	1450
230291	1457
230291	1508
230291	1515
230291	1523
230291	1535
230291	1575
230291	1579
230291	1621
231583	1439
231583	1446
231583	1455
231583	1519
231583	1551
231583	1556
232511	1424
232511	1430
232511	1443
232511	1455
232511	1457
232511	1459
232511	1464
232511	1465
232511	1496
232511	1512
232511	1516
232511	1550
232511	1554
233252	1440
233252	1554
233252	3085
233739	1551
236270	1424
236270	1427
236270	1455
236270	1459
236270	1476
236270	1519
236493	1414
236493	1421
236493	1422
236493	1437
236493	1447
236493	1459
236493	1464
236493	1465
236493	1466
236493	1467
236493	1470
236493	1477
236493	1495
236493	1496
236493	1498
236493	1499
236493	1504
236493	1516
236493	1519
236493	1528
236493	1549
236493	1621
237810	1414
237810	1421
237810	1428
237810	1430
237810	1436
237810	1459
237810	1463
237810	1467
237810	1469
237810	1476
237810	1483
237810	1489
237810	1493
237810	1498
237810	1499
237810	1504
237810	1515
237810	1528
237810	1535
237810	1538
237810	1545
237810	1554
237810	1556
237810	1557
237810	1579
237810	1619
237810	1621
237810	1645
240042	1527
240042	1556
240042	1625
240042	1629
240042	1635
240042	1641
240042	1652
240229	1447
240229	1455
240229	1464
240229	1469
240229	1481
240229	1486
240229	1488
240229	1489
240229	1495
240229	1498
240229	1499
240229	1501
240229	1504
240229	1505
240229	1519
240229	1528
240229	1551
240229	1554
240229	1594
240229	1621
241441	1432
241441	1435
241441	1459
241441	1485
241441	1513
241441	1551
241441	1555
242159	1399
242159	1400
242159	1429
242159	1430
242159	1433
242159	1434
242159	1435
242159	1436
242159	1438
242159	1441
242159	1442
242159	1443
242159	1447
242159	1448
242159	1450
242159	1451
242159	1453
242159	1455
242159	1456
242159	1457
242159	1458
242159	1460
242159	1461
242159	1462
242159	1465
242159	1468
242159	1469
242159	1470
242159	1474
242159	1483
242159	1552
243236	1422
243236	1428
243236	1445
243236	1455
243236	1465
243236	1505
246132	1426
246132	1427
246132	1432
246132	1437
246132	1438
246132	1446
246132	1451
246132	1462
246132	1463
246132	1469
246132	1470
246132	1477
246132	1480
246132	1482
246132	1483
246132	1486
246132	1491
246132	1495
246632	1504
246632	1517
246632	1521
246632	1527
246632	1530
246632	1531
246632	1595
246632	1648
246632	1663
248665	1457
248665	1590
248755	1557
251084	1404
251084	1408
251084	1410
251084	1414
251084	1419
251084	1421
251084	1422
251084	1424
251084	1426
251084	1427
251084	1428
251084	1429
251084	1430
251084	1431
251084	1432
251084	1434
251084	1435
251084	1436
251084	1438
251084	1440
251084	1443
251084	1445
251084	1446
251084	1452
251084	1455
251084	1456
251084	1457
251084	1459
251084	1463
251084	1464
251084	1465
251084	1466
251084	1467
251084	1469
251084	1471
251084	1472
251084	1474
251084	1476
251084	1477
251084	1478
251084	1479
251084	1480
251084	1481
251084	1483
251084	1485
251084	1486
251084	1487
251084	1488
251084	1489
251084	1493
251084	1494
251084	1496
251084	1498
251084	1499
251084	1500
251084	1501
251084	1502
251084	1504
251084	1505
251084	1506
251084	1507
251084	1508
251084	1510
251084	1511
251084	1513
251084	1514
251084	1515
251084	1516
251084	1517
251084	1518
251084	1519
251084	1521
251084	1522
251084	1523
251084	1524
251084	1525
251084	1526
251084	1527
251084	1528
251084	1529
251084	1530
251084	1531
251084	1534
251084	1535
251084	1536
251084	1538
251084	1539
251084	1540
251084	1544
251084	1546
251084	1548
251084	1549
251084	1551
251084	1552
251084	1555
251084	1556
251084	1557
251084	1564
251084	1565
251084	1566
251084	1574
251084	1575
251084	1577
251084	1579
251084	1582
251084	1585
251084	1586
251084	1587
251084	1590
251084	1593
251084	1594
251084	1595
251084	1616
251084	1621
251084	1625
251084	1628
251084	1629
251084	1632
251084	1645
251084	1649
251084	1652
251084	1663
251407	1414
251407	1421
251407	1422
251407	1427
251407	1430
251407	1439
251407	1452
251407	1457
251407	1459
251407	1463
251407	1464
251407	1465
251407	1467
251407	1476
251407	1481
251407	1482
251407	1483
251407	1485
251407	1489
251407	1496
251407	1513
251407	1516
251407	1527
251407	1554
251407	1603
251407	1619
251940	1443
251940	1450
251940	1464
251940	1485
251940	1487
251940	1491
251940	1498
251940	1512
251940	1648
252984	1426
252984	1437
252984	1464
252984	1486
252984	1489
252984	1501
252984	1528
252984	1533
252984	1540
252984	1554
252984	1609
252984	1619
252984	1648
254673	1404
254673	1408
254673	1410
254673	1416
254673	1417
254673	1424
254673	1426
254673	1427
254673	1428
254673	1430
254673	1432
254673	1434
254673	1435
254673	1460
254673	1464
254673	1465
254673	1466
254673	1470
254673	1471
254673	1475
254673	1477
254673	1484
254673	1485
254673	1491
254673	1512
254673	1516
254673	1518
254673	1525
254673	1527
254673	1554
254673	1555
254673	1569
254673	1575
254673	1579
254673	1648
254673	1649
254673	1664
254673	1694
254673	1700
254673	1977
255195	1428
255195	1436
255195	1440
255195	1442
255195	1446
255195	1447
255195	1459
255195	1469
255195	1480
255195	1482
255195	1484
255195	1485
255195	1486
255195	1489
255195	1493
255195	1496
255195	1508
255195	1511
255195	1513
255195	1527
255195	1528
255195	1533
255195	1556
255195	1590
255377	1465
255377	1487
255377	1501
255377	1557
255693	1409
255693	1445
255693	1469
255693	1473
255693	1478
255693	1485
255693	1486
255693	1501
255693	1511
255693	1527
255693	1528
255693	1537
255693	1544
255693	1545
255693	1557
255693	1571
255961	1489
255961	1519
255961	1550
255961	1556
256126	1459
256126	1469
256126	1488
256126	1519
256126	1530
256126	1554
258734	1564
259847	1428
259847	1430
259847	1443
259847	1459
259847	1464
259847	1476
259847	1485
259847	1489
259847	1501
259847	1504
259847	1505
259847	1506
259847	1530
259847	1554
259847	1575
259847	1619
259847	1649
259952	1410
259952	1426
259952	1427
259952	1428
259952	1430
259952	1437
259952	1443
259952	1464
259952	1469
259952	1485
259952	1489
259952	1491
259952	1493
259952	1494
259952	1505
259952	1507
259952	1512
259952	1518
259952	1533
259952	1546
259952	1550
259952	1552
259952	1556
259952	1621
261982	1455
261982	1519
261982	1525
261982	1530
261982	1550
261982	1551
261982	1556
261982	1575
262445	1421
262445	1427
262445	1428
262445	1446
262445	1455
262445	1459
262445	1461
262445	1464
262445	1465
262445	1496
262445	1512
262445	1519
262445	1528
262445	1550
262445	1554
262445	1621
262726	1414
262726	1455
262726	1465
262726	1523
262726	1530
262726	1542
262726	1603
263454	1489
263454	1509
263454	1528
263856	1398
263856	1399
263856	1400
263856	1401
263856	1402
263856	1403
263856	1404
263856	1405
263856	1406
263856	1407
263856	1409
263856	1411
263856	1412
263856	1413
263856	1415
263856	1416
263856	1417
263856	1418
263856	1419
263856	1420
263856	1421
263856	1422
263856	1423
263856	1424
263856	1425
263856	1426
263856	1429
263856	1430
263856	1432
263856	1434
263856	1435
263856	1437
263856	1441
263856	1442
263856	1443
263856	1445
263856	1449
263856	1451
263856	1452
263856	1456
263856	1458
263856	1460
263856	1461
263856	1462
263856	1464
263856	1465
263856	1466
263856	1467
263856	1473
263856	1474
263856	1475
263856	1477
263856	1482
264025	1410
264025	1421
264025	1422
264025	1426
264025	1428
264025	1430
264025	1439
264025	1459
264025	1464
264025	1465
264025	1476
264025	1484
264025	1485
264025	1496
264025	1505
264025	1519
264025	1550
264025	1551
264025	1562
264025	1575
264025	1603
264025	1619
264090	1436
264090	1442
264090	1495
264135	1431
264135	1436
264135	1442
264135	1446
264135	1447
264135	1449
264135	1450
264135	1455
264135	1465
264135	1469
264135	1472
264135	1478
264135	1479
264135	1480
264135	1481
264135	1482
264135	1485
264135	1486
264135	1487
264135	1488
264135	1489
264135	1490
264135	1491
264135	1493
264135	1495
264135	1496
264135	1497
264135	1498
264135	1499
264135	1500
264135	1501
264135	1502
264135	1504
264135	1505
264135	1507
264135	1508
264135	1509
264135	1510
264135	1511
264135	1513
264135	1514
264135	1515
264135	1516
264135	1518
264135	1519
264135	1520
264135	1521
264135	1522
264135	1523
264135	1524
264135	1525
264135	1526
264135	1527
264135	1529
264135	1530
264135	1531
264135	1532
264135	1533
264135	1534
264135	1535
264135	1536
264135	1538
264135	1539
264135	1540
264135	1541
264135	1544
264135	1545
264135	1546
264135	1548
264135	1549
264135	1550
264135	1551
264135	1552
264135	1553
264135	1554
264135	1555
264135	1556
264135	1557
264135	1558
264135	1561
264135	1562
264135	1563
264135	1564
264135	1565
264135	1566
264135	1574
264135	1575
264135	1577
264135	1579
264135	1582
264135	1585
264135	1586
264135	1587
264135	1588
264135	1590
264135	1593
264135	1594
264135	1595
264135	1599
264135	1600
264135	1601
264135	1606
264135	1609
264135	1611
264135	1616
264135	1619
264135	1621
264135	1625
264135	1628
264135	1629
264135	1632
264135	1639
264135	1646
264135	1648
264135	1652
264135	1663
264135	1686
264490	1498
264490	1554
266031	1489
266031	1504
266031	1609
266356	1414
266356	1423
266356	1426
266356	1427
266356	1460
266356	1554
266356	1556
266837	1414
266837	1424
266837	1455
266837	1459
266837	1464
266837	1465
266837	1485
266837	1488
266837	1489
266837	1496
266837	1504
266837	1519
266837	1523
266837	1530
266837	1549
266837	1551
266837	1569
267590	1455
267590	1464
267590	1465
267590	1481
267590	1511
267590	1527
267590	1528
267783	1419
267783	1422
267783	1452
267783	1505
267783	1513
267783	1550
267783	1632
268762	1446
268762	1489
268762	1504
268891	1439
268891	1455
268891	1489
268891	1491
268891	1498
268891	1504
268891	1516
268891	1519
268891	1530
268891	1554
268891	1575
268891	1603
268991	1421
268991	1424
268991	1457
268991	1459
268991	1464
268991	1465
268991	1476
268991	1485
268991	1489
268991	1496
268991	1502
268991	1512
268991	1519
268991	1546
268991	1551
268991	1556
268991	1575
268991	1621
269720	1437
269720	1446
269720	1459
269720	1464
269720	1465
269720	1476
269720	1482
269720	1485
269720	1489
269720	1496
269720	1499
269720	1505
269720	1528
269720	1556
269720	1579
269720	1594
269720	1619
271089	1421
271089	1426
271089	1428
271089	1437
271089	1485
271089	1488
271089	1491
271089	1495
271089	1538
271089	1550
271089	1563
271966	1410
271966	1469
271966	1485
271966	1486
271966	1491
271966	1518
271966	1552
271966	1648
271976	1422
271976	1428
271976	1430
271976	1437
271976	1439
271976	1443
271976	1455
271976	1457
271976	1465
271976	1470
271976	1476
271976	1489
271976	1512
271976	1519
271976	1565
271976	1575
272179	1426
272179	1442
272179	1466
272179	1491
272179	1516
272179	1533
272179	1538
272179	1540
272805	1414
272805	1516
273258	1451
273258	1499
273258	1516
273258	1520
273258	1622
273691	1421
273691	1426
273691	1459
273691	1488
273691	1519
273691	1525
273691	1527
273691	1549
273691	1550
273691	1551
273691	1555
273691	1632
274161	1429
274161	1431
274161	1445
274161	1466
275246	1408
275246	1427
275246	1428
275246	1467
275246	1498
275246	1556
275246	1621
276034	1408
276034	1421
276034	1427
276034	1428
276034	1439
276034	1465
276034	1469
276034	1481
276034	1485
276034	1489
276034	1527
276034	1528
277439	1459
277439	1485
278559	1404
278559	1419
278559	1427
278559	1431
278559	1432
278559	1435
278559	1440
278559	1441
278559	1447
278559	1453
278559	1457
278559	1462
278559	1464
278559	1467
278559	1470
278559	1474
278559	1477
278559	1491
278559	1498
278559	1503
278559	1504
278559	1507
278559	1511
278559	1515
278559	1516
278559	1527
278559	1533
278559	1551
278559	1552
278559	1563
278559	1574
278559	1577
278559	1590
278559	1626
278559	1639
278559	1742
278559	1941
278559	1950
281734	1409
281734	1445
281734	1446
281734	1447
281734	1450
281734	1454
281734	1461
281734	1464
281734	1469
281734	1470
281734	1473
281734	1474
281734	1477
281734	1483
281734	1486
281734	1487
281734	1533
282486	1439
282486	1465
282486	1485
282486	1489
282486	1496
282486	1550
284565	1414
284565	1447
284565	1455
284565	1459
284565	1496
284565	1504
284565	1505
284565	1519
284565	1556
284565	1579
284565	1621
290703	1455
290703	1459
290703	1464
290703	1485
290703	1538
290703	1556
290977	1422
290977	1424
290977	1426
290977	1427
290977	1428
290977	1434
290977	1439
290977	1443
290977	1457
290977	1459
290977	1465
290977	1474
290977	1485
290977	1489
290977	1493
290977	1498
290977	1504
290977	1505
290977	1518
290977	1519
290977	1527
290977	1530
290977	1541
290977	1549
290977	1550
290977	1551
290977	1555
290977	1556
290977	1600
290977	1603
290977	1611
290977	1640
292663	1414
292663	1421
292663	1422
292663	1424
292663	1426
292663	1428
292663	1431
292663	1434
292663	1436
292663	1437
292663	1438
292663	1439
292663	1440
292663	1443
292663	1446
292663	1447
292663	1450
292663	1455
292663	1456
292663	1459
292663	1461
292663	1463
292663	1464
292663	1465
292663	1476
292663	1477
292663	1483
292663	1487
292663	1493
292663	1494
292663	1496
292663	1499
292663	1505
292663	1512
292663	1528
292663	1554
292663	1569
292663	1594
292663	1603
292663	1621
294461	1517
294461	1523
294461	1530
294461	1542
294461	1549
294461	1551
294461	1567
294461	1626
294461	1685
296242	1422
296242	1461
296242	1464
296242	1472
296242	1482
296242	1509
296242	1550
296242	1571
296244	1404
296244	1424
296244	1427
296244	1464
296244	1519
296244	1523
297061	1421
297061	1445
297061	1452
297061	1461
297061	1496
297061	1504
297623	1422
297623	1430
297623	1437
297623	1438
297623	1447
297623	1461
297623	1501
297623	1505
297623	1519
297623	1551
297623	1556
297623	1679
297623	1831
297623	2254
298825	1414
298825	1421
298825	1424
298825	1428
298825	1459
298825	1489
298825	1496
298825	1504
298825	1527
298825	1550
298825	1649
299210	1421
299210	1424
299210	1443
299210	1457
299210	1482
299210	1496
299210	1554
299884	1447
299884	1469
299884	1485
299884	1489
299884	1496
299884	1505
299884	1511
299884	1513
299884	1518
299884	1536
299884	1564
300562	1398
300562	1399
300562	1400
300562	1402
300562	1404
300562	1407
300562	1409
300562	1410
300562	1411
300562	1416
300562	1418
300562	1419
300562	1421
300562	1425
300562	1428
300562	1429
300562	1433
300562	1436
300562	1438
300562	1440
300562	1441
300562	1442
300562	1447
300562	1448
300562	1449
300562	1452
300562	1453
300562	1456
300562	1459
300562	1460
300562	1463
300562	1465
300562	1467
300562	1468
300562	1469
300562	1471
300562	1529
301487	1399
301487	1459
301487	1464
301487	1466
301487	1482
301487	1525
301487	1603
301487	1632
301487	1741
302110	1407
302110	1409
302110	1410
302110	1413
302110	1414
302110	1416
302110	1417
302110	1420
302110	1421
302110	1425
302110	1427
302110	1429
302110	1430
302110	1432
302110	1434
302110	1435
302110	1436
302110	1437
302110	1439
302110	1440
302110	1443
302110	1446
302110	1447
302110	1457
302110	1461
302110	1462
302110	1463
302110	1465
302110	1467
302110	1469
302110	1470
302488	1397
302488	1430
302488	1438
302488	1443
302488	1449
302488	1454
302488	1455
302488	1474
302488	1478
302645	1408
302645	1427
302645	1436
302645	1440
302645	1455
302645	1471
302645	1480
302645	1484
302645	1575
302645	1579
302645	1603
302645	1900
303269	1414
303269	1419
303269	1420
303269	1421
303269	1422
303269	1424
303269	1425
303269	1429
303269	1430
303269	1434
303269	1435
303269	1445
303269	1452
303269	1463
303269	1464
303269	1465
303269	1471
303269	1475
303269	1485
303269	1487
303269	1489
303269	1494
303269	1499
303269	1511
303269	1577
303269	1590
303269	1594
303269	1649
305182	1410
305182	1419
305182	1425
305182	1431
305182	1455
305182	1465
305182	1469
306282	1428
306282	1440
306282	1450
306282	1455
306282	1459
306282	1464
306282	1467
306282	1482
306282	1485
306282	1488
306282	1494
306282	1498
306282	1499
306282	1528
306282	1546
306282	1550
306282	1621
306688	1421
306688	1424
306688	1427
306688	1428
306688	1439
306688	1455
306688	1457
306688	1459
306688	1464
306688	1465
306688	1470
306688	1480
306688	1485
306688	1486
306688	1489
306688	1493
306688	1494
306688	1495
306688	1496
306688	1519
306688	1528
306688	1556
306688	1575
306688	1649
307201	1416
307201	1417
307201	1418
307201	1420
307201	1421
307201	1422
307201	1427
307201	1428
307201	1429
307201	1431
307201	1433
307201	1434
307201	1436
307201	1437
307201	1438
307201	1440
307201	1443
307201	1447
307201	1449
307201	1450
307201	1451
307201	1453
307201	1456
307201	1462
307201	1463
307201	1464
307201	1468
307201	1469
307201	1470
307706	1416
307706	1428
307706	1442
307706	1459
307706	1464
307706	1481
307706	1482
307706	1484
307706	1489
307706	1550
307706	1603
308453	1416
308453	1417
308453	1418
308453	1422
308453	1427
308453	1429
308453	1431
308453	1432
308453	1436
308453	1437
308453	1438
308453	1442
308834	1405
308834	1407
308834	1408
308834	1409
308834	1411
308834	1413
308834	1418
308834	1419
308834	1420
308834	1421
308834	1422
308834	1427
308834	1428
308834	1429
308834	1430
308834	1434
308834	1440
308834	1441
308834	1443
308834	1451
308834	1452
308834	1453
308834	1454
308834	1457
308834	1458
308834	1463
308834	1467
308834	1468
308834	1470
308834	1476
308834	1484
308834	1491
308834	1494
308834	1603
309162	1481
309162	1485
309162	1489
309162	1491
309162	1504
309162	1513
309162	1516
309162	1517
309162	1519
309162	1530
309162	1535
309162	1549
309162	1550
309162	1551
309162	1558
309162	1566
309162	1575
309162	1582
309162	1586
309162	1606
309162	1611
309162	1629
309162	1639
309926	1437
309926	1459
309926	1464
309926	1485
309926	1519
309926	1523
309926	1525
309926	1530
309926	1550
309926	1555
309926	1579
309926	1603
309926	1649
309926	2081
310354	1399
310354	1404
310354	1416
310354	1417
310354	1419
310354	1421
310354	1422
310354	1424
310354	1426
310354	1427
310354	1428
310354	1429
310354	1430
310354	1431
310354	1432
310354	1435
310354	1436
310354	1438
310354	1439
310354	1440
310354	1442
310354	1443
310354	1445
310354	1446
310354	1447
310354	1449
310354	1450
310354	1451
310354	1452
310354	1453
310354	1456
310354	1457
310354	1458
310354	1459
310354	1461
310354	1463
310354	1464
310354	1465
310354	1466
310354	1467
310354	1468
310354	1469
310354	1470
310354	1471
310354	1473
310354	1474
310354	1476
310354	1477
310354	1478
310354	1481
310354	1482
310354	1483
310354	1484
310354	1485
310354	1486
310354	1487
310354	1488
310354	1494
310354	1496
310354	1499
310354	1501
310354	1505
310354	1508
310354	1512
310354	1516
310354	1528
310354	1533
310354	1538
310354	1545
310354	1574
310354	1594
310354	1603
310354	1621
310461	1428
310461	1439
310461	1468
310461	1485
310461	1489
310461	1574
310499	1437
310499	1442
310499	1463
310499	1464
310499	1483
310499	1485
310499	1489
310499	1503
310499	1512
310499	1516
310499	1550
310499	1603
310499	1642
310499	1677
310499	1692
310499	1741
310499	1771
312108	1485
312108	1504
312108	1511
312108	1519
312108	1575
312108	1582
312108	1625
312497	1409
312497	1414
312497	1416
312497	1417
312497	1418
312497	1419
312497	1420
312497	1422
312497	1423
312497	1425
312497	1426
312497	1427
312497	1428
312497	1430
312497	1431
312497	1432
312497	1434
312497	1436
312497	1438
312497	1442
312497	1443
312497	1447
312497	1448
312497	1449
312497	1450
312497	1452
312497	1455
312497	1456
312497	1457
312497	1458
312497	1459
312497	1460
312497	1461
312497	1462
312497	1463
312497	1464
312497	1466
312497	1469
312497	1473
312497	1487
312497	1492
312497	1495
313893	1414
313893	1424
313893	1450
313893	1463
313893	1468
313893	1503
313893	1506
313893	1535
313893	1564
313893	1569
313893	1586
314302	1428
314302	1430
314302	1498
314302	1519
315749	1489
315749	1498
315749	1504
315749	1516
315749	1550
315749	1554
316528	1498
316528	1508
316528	1515
316528	1529
316528	1663
316528	1721
316528	1774
318503	1436
318503	1439
318503	1440
318503	1442
318503	1443
318503	1447
318503	1449
318503	1455
318503	1458
318503	1464
318503	1465
318503	1472
318503	1479
318503	1480
318503	1482
318503	1485
318503	1490
318503	1493
318503	1496
318503	1501
318503	1504
318503	1505
318503	1508
318503	1517
318503	1518
318503	1519
318503	1528
318503	1530
318503	1531
318503	1533
318503	1544
318503	1546
318503	1548
318503	1551
318503	1564
318503	1577
318503	1579
318503	1586
318503	1588
318503	1621
318503	1629
318503	1649
318518	1428
318518	1455
318518	1458
318518	1459
318518	1465
318518	1476
318518	1485
318518	1489
318518	1496
318518	1499
318518	1500
318518	1504
318518	1519
318518	1523
318518	1525
318518	1528
318518	1530
318518	1534
318518	1541
318518	1543
318518	1549
318518	1550
318518	1551
318518	1556
318518	1575
318518	1580
318518	1585
318518	1586
318518	1589
318518	1597
318518	1606
318518	1611
318518	1612
318518	1618
318518	1621
318518	1635
318518	1660
318518	1666
318518	1788
318993	1428
318993	1436
318993	1440
318993	1442
318993	1446
318993	1449
318993	1458
318993	1459
318993	1463
318993	1464
318993	1467
318993	1479
318993	1481
318993	1482
318993	1484
318993	1485
318993	1493
318993	1494
318993	1498
318993	1499
318993	1501
318993	1502
318993	1504
318993	1506
318993	1507
318993	1508
318993	1511
318993	1514
318993	1515
318993	1516
318993	1519
318993	1527
318993	1530
318993	1531
318993	1535
318993	1538
318993	1540
318993	1554
318993	1556
318993	1557
318993	1561
318993	1562
318993	1563
318993	1564
318993	1574
318993	1577
318993	1579
318993	1582
318993	1590
318993	1603
318993	1611
318993	1613
318993	1616
318993	1621
318993	1629
318993	1649
318993	1663
319194	1408
319194	1421
319194	1424
319194	1426
319194	1427
319194	1457
319194	1465
319194	1482
319194	1498
319194	1499
319194	1519
319194	1523
319194	1542
319194	1554
319194	1569
319194	1685
319194	1816
319194	2608
319194	3230
320537	1399
320537	1413
320537	1414
320537	1416
320537	1417
320537	1420
320537	1421
320537	1422
320537	1424
320537	1426
320537	1427
320537	1428
320537	1429
320537	1430
320537	1431
320537	1432
320537	1434
320537	1436
320537	1440
320537	1442
320537	1443
320537	1447
320537	1448
320537	1450
320537	1453
320537	1454
320537	1457
320537	1458
320537	1461
320537	1462
320537	1464
320537	1466
320537	1469
320537	1470
320537	1477
320537	1480
320537	1484
320537	1485
320537	1487
320537	1505
320537	1506
320537	1507
320537	1515
320537	1518
320537	1651
321036	1439
321036	1446
321036	1485
321036	1496
321036	1504
321235	1424
321235	1428
321235	1430
321235	1439
321235	1440
321235	1455
321235	1459
321235	1464
321235	1465
321235	1470
321235	1496
321235	1498
321235	1512
321235	1516
321235	1550
321235	1575
321235	1594
321235	1649
321346	1408
321346	1417
321346	1445
321346	1527
321348	1428
321348	1431
321348	1438
321348	1442
321348	1443
321348	1458
321348	1459
321348	1464
321348	1465
321348	1469
321348	1482
321348	1485
321348	1489
321348	1493
321348	1494
321348	1495
321348	1501
321348	1503
321348	1511
321348	1528
321348	1530
321348	1541
321348	1562
321348	1636
321491	1491
321491	1530
321491	1550
322216	1419
322216	1425
322216	1427
322216	1431
322216	1463
322216	1466
322216	1467
322216	1468
322216	1470
322216	1471
322216	1473
322216	1474
322216	1475
322216	1476
322216	1477
322216	1483
322216	1492
322216	1503
322216	1528
322216	1557
322465	1422
322465	1424
322465	1425
322465	1427
322465	1428
322465	1430
322465	1434
322465	1435
322465	1464
322465	1575
322465	3448
322531	1395
322531	1396
322531	1398
322531	1399
322531	1410
322531	1419
322531	1434
322531	1435
322531	1447
322531	1450
322531	1455
322531	1456
322531	1464
322531	1467
322531	1471
322531	1475
322531	1482
322531	1487
322531	1489
322531	1490
322531	1496
322531	1499
322531	1505
322531	1508
322531	1509
322531	1533
322531	1538
322531	1540
322531	1554
322531	1569
322531	1590
322531	1594
322531	1619
322531	1621
322531	1648
324280	1414
324280	1459
324280	1465
324280	1480
324280	1486
324280	1499
324280	1519
324280	1549
324280	1556
325823	1411
325823	1419
325823	1422
325823	1430
325823	1459
325823	1464
325823	1499
325823	1504
325823	1525
325823	1528
325823	1546
325823	1555
325823	1586
326002	1455
326002	1519
326768	1491
326768	1505
326768	1509
326768	1554
326768	1621
326915	1422
326915	1439
326915	1489
326915	1512
326915	1530
326915	1593
326915	1619
327130	1428
327130	1430
327130	1437
327130	1439
327130	1440
327130	1443
327130	1446
327130	1447
327130	1452
327130	1453
327130	1455
327130	1459
327130	1463
327130	1464
327130	1465
327130	1469
327130	1478
327130	1479
327130	1480
327130	1481
327130	1485
327130	1486
327130	1488
327130	1491
327130	1494
327130	1496
327130	1498
327130	1499
327130	1501
327130	1505
327130	1508
327130	1512
327130	1516
327130	1518
327130	1527
327130	1528
327130	1540
327130	1545
327130	1554
327130	1557
327130	1594
327130	1619
327130	1648
327130	1649
327999	1437
327999	1473
327999	1514
327999	1519
327999	1521
327999	1556
327999	1595
329126	1508
329126	1516
329126	1535
329126	1561
329126	1562
329126	1575
329126	1616
329126	1649
330387	1467
330387	1489
330387	1498
330387	1504
330387	1527
330387	1625
330407	1417
330407	1421
330407	1430
330407	1439
330407	1443
330407	1445
330407	1446
330407	1455
330407	1457
330407	1459
330407	1461
330407	1463
330407	1464
330407	1465
330407	1470
330407	1476
330407	1479
330407	1480
330407	1481
330407	1482
330407	1489
330407	1496
330407	1502
330407	1504
330407	1511
330407	1512
330407	1516
330407	1519
330407	1521
330407	1552
330407	1557
330407	1564
330407	1575
330407	1577
330407	1579
330407	1586
330407	1594
330407	1619
330407	1663
332101	1459
332101	1465
332101	1485
332101	1496
332101	1530
332204	1504
332204	1507
332204	1519
332204	1577
332204	1579
332204	1625
332346	1428
332346	1429
332346	1430
332346	1445
332346	1462
334571	1427
334571	1430
334571	1439
334571	1464
334571	1489
334571	1556
334705	1489
334998	1439
334998	1443
334998	1488
334998	1489
334998	1493
334998	1501
334998	1502
334998	1516
334998	1519
334998	1548
334998	1550
334998	1555
334998	2622
