1750	3200
1750	3214
1750	3284
1750	3295
1750	3311
1750	3345
1750	3347
1750	3394
1791	3241
1791	3262
2068	3175
2068	3179
2068	3188
2068	3191
2068	3216
2068	3280
2068	3327
2068	3329
2068	3386
3306	3179
3306	3204
3306	3214
3306	3249
3306	3251
3306	3259
3306	3263
3306	3266
3306	3288
3306	3294
3306	3295
3306	3301
3306	3309
3306	3311
3306	3312
3306	3315
3306	3345
3306	3346
3306	3386
3306	3403
3651	3175
3651	3207
3651	3216
3651	3228
3651	3234
3651	3241
3651	3286
3651	3305
3651	3312
3651	3333
3651	3345
3651	3347
3892	3196
3892	3222
3892	3243
3892	3260
3892	3261
3892	3272
3892	3311
3892	3319
3892	3321
3892	3370
3892	3386
3892	3403
4805	3175
4805	3220
4805	3222
4805	3230
4805	3251
4805	3293
4805	3329
4966	3230
4966	3266
4966	3309
4966	3312
4966	3366
4966	3403
4966	3514
6237	3196
6237	3261
6237	3311
6237	3328
6237	3347
6237	3386
6237	3473
6648	3175
6648	3184
6648	3190
6648	3196
6648	3214
6648	3218
6648	3224
6648	3230
6648	3234
6648	3235
6648	3260
6648	3288
6648	3309
6648	3311
6648	3345
6690	3175
6690	3214
6690	3216
6690	3221
6690	3222
6690	3223
6690	3231
6690	3248
6690	3253
6690	3255
6690	3271
6690	3273
6690	3274
6690	3286
6690	3288
6690	3305
6690	3308
6690	3311
6690	3315
6690	3329
6690	3345
6690	3393
6935	3161
6935	3214
6935	3269
6935	3311
6935	3347
6935	3371
6935	3375
6935	3386
6935	3388
6935	3391
6935	3396
6935	3439
6935	3442
7146	3311
7146	3354
7146	3514
7490	3184
7490	3190
7490	3191
7490	3200
7490	3216
7490	3230
7490	3233
7490	3238
7490	3241
7490	3298
7490	3314
7490	3317
7490	3319
7490	3329
7490	3372
7490	3373
7490	3456
7490	3483
7784	3139
7784	3150
7784	3164
7784	3166
7784	3171
7784	3180
7784	3187
7784	3197
7784	3228
7784	3229
7784	3245
7784	3275
7808	3179
7808	3180
7808	3190
7808	3196
7808	3207
7808	3210
7808	3214
7808	3219
7808	3222
7808	3224
7808	3232
7808	3236
7808	3237
7808	3240
7808	3242
7808	3243
7808	3244
7808	3247
7808	3260
7808	3261
7808	3262
7808	3266
7808	3271
7808	3272
7808	3276
7808	3282
7808	3284
7808	3289
7808	3290
7808	3292
7808	3306
7808	3311
7808	3315
7808	3328
7808	3336
7808	3341
7808	3345
7808	3370
7808	3379
7808	3392
7808	3404
7808	3431
7808	3451
7886	3175
7886	3190
7886	3197
7886	3247
7886	3260
7886	3262
7886	3266
7886	3276
7886	3288
7886	3294
7886	3298
7886	3311
7886	3314
7886	3315
7886	3325
7886	3345
7886	3347
7886	3354
7886	3361
7886	3369
7886	3370
7886	3383
7886	3386
7886	3403
7886	3445
7886	3451
7886	3465
9386	3131
9386	3142
9386	3143
9386	3144
9386	3147
9386	3148
9386	3150
9386	3151
9386	3153
9386	3154
9386	3155
9386	3156
9386	3158
9386	3160
9386	3162
9386	3168
9386	3171
9386	3172
9386	3176
9386	3181
9386	3182
9386	3185
9386	3186
9386	3187
9386	3192
9386	3193
9386	3195
9386	3196
9386	3197
9386	3202
9386	3204
9386	3206
9386	3207
9386	3208
9386	3210
9386	3212
9386	3213
9386	3214
9386	3217
9386	3218
9386	3222
9386	3224
9386	3229
9386	3230
9386	3232
9386	3234
9386	3235
9386	3236
9386	3237
9386	3238
9386	3239
9386	3241
9386	3242
9386	3245
9386	3246
9386	3248
9386	3251
9386	3252
9386	3253
9386	3254
9386	3255
9386	3257
9386	3258
9386	3259
9386	3263
9386	3279
9386	3282
9386	3310
9386	3319
9919	3218
9919	3260
9919	3314
9919	3320
9919	3321
9919	3338
9919	3347
9919	3349
9919	3355
9919	3369
9919	3371
9919	3398
9919	3445
10031	3159
10031	3174
10031	3175
10031	3216
10031	3222
10031	3224
10031	3234
10031	3240
10031	3251
10031	3254
10031	3261
10031	3266
10031	3292
10031	3294
10031	3309
10031	3311
10031	3322
10031	3345
10031	3386
10031	3402
10031	3435
10223	3139
10223	3141
10223	3143
10223	3145
10223	3146
10223	3147
10223	3148
10223	3151
10223	3155
10223	3159
10223	3166
10223	3168
10223	3171
10223	3185
10223	3187
10223	3192
10223	3195
10223	3199
10223	3219
10223	3223
10223	3228
10223	3231
10223	3232
10223	3235
10223	3237
10223	3238
10223	3241
10223	3244
10223	3245
10223	3248
10223	3257
10223	3263
10223	3266
10223	3275
10223	3277
10223	3279
10223	3283
10223	3285
10223	3289
10223	3290
10223	3299
10223	3301
10223	3306
10223	3310
10223	3312
10223	3315
10223	3321
10223	3389
10223	3392
10223	3393
10252	3237
10252	3242
10252	3244
10252	3266
10252	3272
10252	3289
10252	3294
10252	3302
10252	3311
10252	3321
10252	3332
10252	3345
10252	3347
10252	3363
10252	3369
10252	3370
10252	3403
10252	3404
10252	3425
11945	3140
11945	3215
11945	3244
11945	3245
11945	3304
12604	3266
12604	3304
12604	3345
13361	3346
13361	3412
15947	3175
15947	3190
15947	3221
15947	3232
15947	3248
15947	3275
15947	3281
15947	3289
15947	3291
15947	3313
15947	3316
15947	3342
15947	3345
15947	3403
16033	3179
16033	3190
16033	3288
16033	3315
16033	3345
16033	3369
16339	3154
16339	3163
16339	3166
16339	3170
16339	3171
16339	3172
16339	3174
16339	3176
16339	3177
16339	3183
16339	3184
16339	3186
16339	3189
16339	3190
16339	3191
16339	3197
16339	3200
16339	3202
16339	3207
16339	3209
16339	3210
16339	3224
16339	3229
16339	3241
16339	3249
16339	3252
16339	3253
16339	3254
16339	3257
16339	3263
16339	3266
16339	3276
16339	3277
16339	3280
16339	3281
16339	3282
16339	3283
16339	3284
16339	3285
16339	3287
16339	3288
16339	3289
16339	3291
16339	3292
16339	3308
16339	3309
16339	3311
16339	3313
16339	3314
16339	3325
16339	3327
16339	3329
16339	3332
16339	3339
16339	3342
16339	3345
16339	3379
16339	3386
16339	3403
16339	3425
16385	3164
16385	3179
16385	3180
16385	3183
16385	3190
16385	3196
16385	3200
16385	3210
16385	3217
16385	3218
16385	3230
16385	3236
16385	3240
16385	3244
16385	3247
16385	3251
16385	3260
16385	3262
16385	3272
16385	3278
16385	3284
16385	3289
16385	3294
16385	3298
16385	3311
16385	3312
16385	3319
16385	3321
16385	3325
16385	3326
16385	3328
16385	3333
16385	3341
16385	3344
16385	3347
16385	3369
16385	3370
16385	3382
16385	3403
16385	3404
16385	3412
16385	3414
16385	3445
17064	3174
17064	3175
17064	3191
17064	3214
17064	3217
17064	3222
17064	3223
17064	3230
17064	3232
17064	3233
17064	3235
17064	3245
17064	3261
17064	3274
17064	3275
17064	3282
17064	3288
17064	3290
17064	3293
17064	3299
17064	3309
17064	3315
17064	3316
17064	3327
17064	3341
17064	3379
17064	3415
17064	3431
18825	3140
18825	3230
18825	3261
18825	3266
18825	3443
19141	3190
19141	3207
19141	3208
19141	3234
19141	3251
19141	3266
19141	3313
19141	3403
20447	3179
20447	3190
20447	3208
20447	3210
20447	3231
20447	3232
20447	3240
20447	3249
20447	3254
20447	3261
20447	3266
20447	3276
20447	3278
20447	3288
20447	3290
20447	3293
20447	3294
20447	3295
20447	3296
20447	3301
20447	3312
20447	3315
20447	3319
20447	3325
20447	3328
20447	3336
20447	3341
20447	3345
20447	3347
20447	3361
20447	3369
20447	3375
20447	3386
20447	3403
20447	3451
23192	3347
23192	3373
23192	3403
24134	3159
24134	3196
24134	3205
24134	3214
24134	3224
24134	3234
24134	3236
24134	3240
24134	3274
24134	3284
24134	3286
24134	3325
24134	3403
24217	3205
24217	3221
24371	3140
24371	3174
24371	3175
24371	3183
24371	3184
24371	3191
24371	3205
24371	3206
24371	3207
24371	3210
24371	3214
24371	3215
24371	3216
24371	3219
24371	3221
24371	3224
24371	3226
24371	3229
24371	3230
24371	3231
24371	3233
24371	3234
24371	3237
24371	3238
24371	3240
24371	3245
24371	3248
24371	3249
24371	3251
24371	3253
24371	3254
24371	3259
24371	3262
24371	3265
24371	3266
24371	3274
24371	3275
24371	3279
24371	3280
24371	3282
24371	3284
24371	3286
24371	3288
24371	3291
24371	3293
24371	3295
24371	3296
24371	3299
24371	3308
24371	3309
24371	3310
24371	3311
24371	3313
24371	3314
24371	3316
24371	3325
24371	3327
24371	3328
24371	3329
24371	3333
24371	3342
24371	3355
24371	3372
24371	3379
24371	3402
24371	3415
24371	3425
24371	3510
26712	3158
26712	3160
26712	3162
26712	3166
26712	3185
26712	3188
26712	3190
26712	3193
26712	3197
26712	3202
26712	3213
26712	3219
26712	3227
26712	3230
26712	3232
26712	3238
26712	3247
26712	3248
26712	3254
26712	3258
26712	3265
26712	3266
26712	3271
26712	3272
26712	3277
26712	3282
26712	3285
26712	3289
26712	3319
26712	3344
26712	3379
27321	3175
27321	3190
27321	3197
27321	3200
27321	3309
27321	3332
27501	3190
27501	3311
27501	3322
29255	3159
29255	3161
29255	3163
29255	3165
29255	3166
29255	3168
29255	3169
29255	3170
29255	3171
29255	3173
29255	3174
29255	3176
29255	3177
29255	3182
29255	3183
29255	3186
29255	3187
29255	3195
29255	3196
29255	3197
29255	3200
29255	3202
29255	3204
29255	3206
29255	3207
29255	3208
29255	3210
29255	3212
29255	3214
29255	3215
29255	3218
29255	3222
29255	3223
29255	3228
29255	3229
29255	3231
29255	3232
29255	3237
29255	3239
29255	3240
29255	3241
29255	3244
29255	3245
29255	3248
29255	3251
29255	3252
29255	3255
29255	3257
29255	3263
29255	3265
29255	3269
29255	3270
29255	3271
29255	3272
29255	3277
29255	3278
29255	3280
29255	3281
29255	3283
29255	3284
29255	3286
29255	3328
29255	3332
29255	3377
29778	3179
29778	3214
29778	3224
29778	3266
29778	3288
29778	3309
29778	3311
29778	3315
29778	3338
29778	3344
29778	3345
29778	3347
29778	3369
29778	3373
29778	3403
29778	3413
29778	3465
30733	3251
30733	3261
30733	3329
30733	3403
33540	3175
33540	3191
33540	3212
33540	3218
33540	3251
34154	3205
34154	3208
34154	3216
34154	3230
34154	3232
34154	3249
34154	3315
34154	3325
34154	3336
34154	3345
34154	3403
34611	3259
35478	3139
35478	3150
35478	3153
35478	3154
35478	3159
35478	3161
35478	3162
35478	3163
35478	3164
35478	3165
35478	3166
35478	3168
35478	3171
35478	3172
35478	3173
35478	3176
35478	3177
35478	3179
35478	3182
35478	3184
35478	3187
35478	3192
35478	3195
35478	3198
35478	3199
35478	3200
35478	3207
35478	3210
35478	3212
35478	3213
35478	3214
35478	3222
35478	3223
35478	3228
35478	3229
35478	3231
35478	3235
35478	3237
35478	3240
35478	3242
35478	3244
35478	3248
35478	3254
35478	3255
35478	3259
35478	3270
35478	3273
35478	3277
35478	3278
35478	3279
35478	3280
35478	3301
35713	3174
35713	3175
35713	3204
35713	3208
35713	3214
35713	3219
35713	3237
35713	3240
35713	3242
35713	3244
35713	3247
35713	3248
35713	3255
35713	3259
35713	3261
35713	3266
35713	3272
35713	3278
35713	3280
35713	3283
35713	3284
35713	3290
35713	3291
35713	3296
35713	3315
35713	3317
35713	3336
35713	3345
35713	3355
35713	3369
35713	3377
35713	3403
35713	3415
35966	3216
35966	3266
35966	3306
35966	3311
36790	3311
36790	3322
36790	3344
36790	3345
36790	3347
36790	3369
36790	3403
37043	3224
37043	3291
38013	3177
38013	3185
38013	3192
38013	3207
38013	3215
38013	3227
38013	3229
38013	3234
38013	3235
38013	3245
38013	3247
38013	3250
38013	3254
38013	3255
38013	3257
38013	3272
38013	3277
38013	3280
38013	3290
38013	3291
38013	3294
38013	3296
38013	3301
38013	3305
38013	3306
38013	3310
38013	3314
38013	3315
38013	3317
38013	3319
38013	3328
38013	3332
38013	3333
38013	3337
38479	3175
38479	3183
38479	3184
38479	3196
38479	3197
38479	3202
38479	3204
38479	3205
38479	3208
38479	3209
38479	3213
38479	3215
38479	3216
38479	3217
38479	3220
38479	3221
38479	3222
38479	3223
38479	3224
38479	3228
38479	3229
38479	3230
38479	3231
38479	3232
38479	3234
38479	3235
38479	3237
38479	3238
38479	3240
38479	3245
38479	3246
38479	3247
38479	3251
38479	3254
38479	3255
38479	3265
38479	3266
38479	3268
38479	3269
38479	3278
38479	3280
38479	3282
38479	3283
38479	3284
38479	3288
38479	3291
38479	3292
38479	3293
38479	3294
38479	3295
38479	3296
38479	3301
38479	3302
38479	3304
38479	3308
38479	3309
38479	3310
38479	3311
38479	3313
38479	3314
38479	3315
38479	3316
38479	3317
38479	3318
38479	3320
38479	3325
38479	3326
38479	3329
38479	3331
38479	3333
38479	3335
38479	3336
38479	3339
38479	3341
38479	3345
38479	3347
38479	3348
38479	3351
38479	3352
38479	3359
38479	3361
38479	3364
38479	3369
38479	3372
38479	3373
38479	3377
38479	3379
38479	3382
38479	3393
38479	3403
38479	3415
38479	3431
38479	3445
39142	3208
39142	3218
39142	3224
39142	3242
39142	3261
39142	3272
39142	3278
39142	3289
39142	3293
39142	3306
39142	3311
39142	3315
39142	3318
39142	3319
39142	3336
39142	3347
39142	3361
39142	3369
39142	3411
39142	3425
39275	3174
39275	3221
39275	3226
39275	3235
39275	3245
39275	3267
39275	3286
39275	3369
40242	3219
40242	3285
40242	3379
40556	3190
40556	3260
40556	3261
40556	3266
40556	3311
40556	3403
40963	3188
40963	3205
40963	3289
40963	3298
40963	3313
40963	3319
40963	3347
40963	3373
40963	3403
40963	3404
43096	3234
43096	3272
43096	3289
43096	3311
43096	3319
43096	3347
43362	3156
43362	3158
43362	3159
43362	3161
43362	3162
43362	3163
43362	3164
43362	3165
43362	3166
43362	3168
43362	3169
43362	3172
43362	3173
43362	3174
43362	3181
43362	3182
43362	3183
43362	3184
43362	3186
43362	3187
43362	3191
43362	3192
43362	3193
43362	3195
43362	3197
43362	3198
43362	3199
43362	3200
43362	3205
43362	3206
43362	3209
43362	3210
43362	3212
43362	3213
43362	3214
43362	3215
43362	3218
43362	3219
43362	3223
43362	3228
43362	3229
43362	3230
43362	3232
43362	3234
43362	3236
43362	3237
43362	3240
43362	3242
43362	3244
43362	3245
43362	3246
43362	3248
43362	3250
43362	3251
43362	3252
43362	3254
43362	3257
43362	3258
43362	3266
43362	3268
43362	3270
43362	3272
43362	3273
43362	3279
43362	3281
43362	3282
43362	3283
43362	3284
43362	3285
43362	3287
43362	3289
43362	3290
43362	3291
43362	3292
43362	3293
43362	3294
43362	3296
43362	3298
43362	3299
43362	3301
43362	3305
43362	3386
43362	3420
43362	3453
48570	3175
48570	3190
48570	3196
48570	3214
48570	3216
48570	3231
48570	3333
48570	3345
49279	3190
49279	3230
49279	3233
49279	3240
49279	3248
49279	3251
49279	3261
49279	3263
49279	3284
49279	3288
49279	3295
49279	3324
49279	3325
49279	3341
49279	3379
49279	3403
49508	3202
49508	3205
49508	3216
49508	3228
49508	3240
49508	3241
49508	3254
49508	3308
49508	3313
49508	3329
49508	3334
49508	3403
49763	3241
49763	3297
49763	3313
49763	3369
49939	3142
49939	3145
49939	3146
49939	3150
49939	3151
49939	3153
49939	3218
49939	3223
49939	3224
49939	3229
49939	3231
49939	3234
49939	3235
49939	3237
49939	3240
49939	3242
49939	3244
49939	3245
49939	3246
49939	3248
49939	3251
49939	3252
49939	3257
49939	3263
49939	3265
49939	3268
49939	3269
49939	3270
49939	3272
49939	3275
49939	3277
49939	3279
49939	3280
49939	3284
49939	3286
49939	3287
50354	3158
50354	3162
50354	3166
50354	3168
50354	3169
50354	3170
50354	3172
50354	3174
50354	3176
50354	3182
50354	3183
50354	3184
50354	3185
50354	3187
50354	3192
50354	3195
50354	3198
50354	3199
50354	3206
50354	3208
50354	3210
50354	3212
50354	3213
50354	3215
50354	3219
50354	3222
50354	3223
50354	3224
50354	3227
50354	3229
50354	3230
50354	3231
50354	3234
50354	3236
50354	3237
50354	3238
50354	3239
50354	3240
50354	3241
50354	3244
50354	3245
50354	3248
50354	3257
50354	3258
50354	3262
50354	3263
50354	3265
50354	3266
50354	3270
50354	3271
50354	3275
50354	3277
50354	3278
50354	3279
50354	3280
50354	3281
50354	3282
50354	3284
50354	3285
50354	3289
50354	3290
50354	3296
50354	3298
50354	3299
50354	3301
50714	3219
50714	3238
50714	3283
50714	3297
51394	3230
51394	3232
51394	3240
51394	3266
51394	3288
51394	3311
51394	3315
51394	3322
51394	3345
51394	3347
51394	3354
51394	3369
51394	3383
51394	3403
51394	3413
51394	3428
51394	3434
51394	3465
51394	3467
51408	3214
51408	3288
51408	3311
51408	3345
51566	3175
51566	3183
51566	3184
51566	3188
51566	3190
51566	3196
51566	3199
51566	3205
51566	3212
51566	3214
51566	3219
51566	3223
51566	3224
51566	3228
51566	3231
51566	3232
51566	3233
51566	3234
51566	3235
51566	3236
51566	3237
51566	3240
51566	3241
51566	3242
51566	3244
51566	3247
51566	3254
51566	3255
51566	3260
51566	3263
51566	3264
51566	3266
51566	3269
51566	3272
51566	3275
51566	3276
51566	3284
51566	3287
51566	3288
51566	3289
51566	3290
51566	3292
51566	3304
51566	3310
51566	3311
51566	3315
51566	3319
51566	3322
51566	3323
51566	3324
51566	3330
51566	3331
51566	3337
51566	3344
51566	3345
51566	3347
51566	3348
51566	3349
51566	3361
51566	3369
51566	3375
51566	3398
51566	3403
51566	3414
51581	3288
51581	3347
54970	3175
54970	3200
54970	3205
54970	3216
54970	3224
54970	3230
54970	3235
54970	3243
54970	3262
54970	3266
54970	3269
54970	3282
54970	3295
54970	3311
54970	3415
55063	3175
55063	3197
55063	3205
55063	3212
55063	3216
55063	3221
55063	3228
55063	3247
55063	3255
55063	3265
55063	3266
55063	3285
55063	3288
55063	3292
55063	3299
55063	3303
55063	3309
55063	3310
55063	3313
55063	3315
55063	3317
55063	3327
55063	3333
55063	3372
55063	3379
55063	3402
55063	3415
55063	3425
55063	3510
55401	3219
55401	3243
55401	3321
55401	3322
55401	3324
55401	3347
55401	3354
55401	3370
55401	3371
55401	3414
55634	3180
55634	3190
55634	3208
55634	3240
55634	3251
55634	3261
55634	3336
55634	3345
55634	3386
55634	3403
55828	3190
55828	3223
55828	3224
55828	3240
55828	3266
55828	3294
55828	3295
55828	3308
55828	3345
56783	3174
56783	3190
56783	3240
56783	3251
56783	3253
56783	3261
56783	3267
56783	3344
56783	3345
56783	3403
57311	3132
57311	3139
57311	3141
57311	3142
57311	3145
57311	3146
57311	3147
57311	3148
57311	3155
57311	3157
57311	3168
57311	3169
57311	3170
57311	3172
57311	3182
57311	3183
57311	3184
57311	3188
57311	3189
57311	3191
57311	3192
57311	3195
57311	3198
57311	3204
57311	3206
57311	3207
57311	3208
57311	3209
57311	3213
57311	3217
57311	3219
57311	3222
57311	3223
57311	3224
57311	3229
57311	3231
57311	3233
57311	3238
57311	3240
57311	3244
57311	3248
57311	3249
57311	3251
57311	3252
57311	3253
57311	3254
57311	3255
57311	3257
57311	3259
57311	3263
57311	3264
57311	3266
57311	3268
57311	3269
57311	3270
57311	3348
58236	3175
58236	3179
58236	3306
58236	3311
58236	3329
58236	3336
58236	3403
59154	3216
59154	3261
59154	3266
59154	3311
59154	3345
59154	3347
59154	3403
59266	3175
59266	3251
59266	3309
59266	3345
59323	3216
59323	3276
59323	3294
59323	3316
59323	3345
59323	3403
59733	3215
59733	3228
59733	3234
59733	3301
59733	3309
59733	3321
59733	3345
59733	3403
59733	3404
59733	3445
60244	3311
60244	3345
60244	3347
60244	3354
60244	3369
60244	3391
60244	3403
60244	3434
60244	3463
60597	3232
60597	3284
60597	3288
60597	3311
60597	3327
60597	3345
60597	3361
60597	3369
60597	3372
60597	3375
60597	3403
60986	3261
60986	3309
60986	3311
60986	3326
60986	3344
60986	3345
60986	3347
60986	3369
60986	3382
60986	3403
60986	3413
60986	3435
61760	3216
61760	3288
61760	3311
61892	3140
61892	3154
61892	3185
61892	3200
61892	3218
61892	3259
61892	3295
62161	3313
62161	3345
62341	3180
62341	3184
62341	3221
62341	3229
62341	3232
62341	3235
62341	3237
62341	3238
62341	3243
62341	3245
62341	3249
62341	3280
62341	3294
62341	3306
62341	3377
63772	3175
63772	3221
63772	3273
63772	3333
64080	3216
64080	3230
64080	3309
64080	3310
64080	3361
64829	3161
64829	3174
64829	3216
64829	3234
64829	3344
65398	3132
65398	3147
65398	3156
65398	3166
65398	3177
65398	3181
65398	3182
65398	3185
65398	3186
65398	3191
65398	3192
65398	3193
65398	3196
65398	3197
65398	3200
65398	3202
65398	3204
65398	3205
65398	3207
65398	3210
65398	3213
65398	3215
65398	3217
65398	3218
65398	3219
65398	3222
65398	3223
65398	3224
65398	3229
65398	3235
65398	3237
65398	3238
65398	3244
65398	3245
65398	3246
65398	3248
65398	3249
65398	3250
65398	3252
65398	3255
65398	3262
65398	3265
65398	3268
65398	3270
65398	3305
65398	3309
65398	3342
65398	3510
66068	3174
66068	3311
66068	3312
66068	3345
67353	3205
67353	3216
67353	3234
67353	3246
67461	3175
67461	3188
67461	3190
67461	3196
67461	3197
67461	3199
67461	3200
67461	3204
67461	3210
67461	3212
67461	3214
67461	3216
67461	3218
67461	3219
67461	3228
67461	3230
67461	3231
67461	3232
67461	3237
67461	3240
67461	3242
67461	3244
67461	3247
67461	3251
67461	3254
67461	3255
67461	3260
67461	3261
67461	3263
67461	3266
67461	3269
67461	3272
67461	3277
67461	3278
67461	3283
67461	3289
67461	3290
67461	3291
67461	3293
67461	3294
67461	3298
67461	3302
67461	3305
67461	3307
67461	3309
67461	3310
67461	3311
67461	3312
67461	3313
67461	3314
67461	3316
67461	3317
67461	3319
67461	3322
67461	3324
67461	3326
67461	3329
67461	3331
67461	3333
67461	3334
67461	3336
67461	3339
67461	3342
67461	3344
67461	3345
67461	3347
67461	3348
67461	3355
67461	3361
67461	3363
67461	3369
67461	3370
67461	3372
67461	3373
67461	3375
67461	3386
67461	3403
67461	3414
67461	3445
67461	3451
67976	3159
67976	3174
67976	3253
67976	3275
67976	3286
69326	3332
69326	3333
69367	3140
69367	3309
69367	3310
70527	3140
70527	3159
70527	3190
70527	3196
70527	3216
70527	3231
70527	3232
70527	3242
70527	3243
70527	3253
70527	3261
70527	3266
70527	3268
70527	3278
70527	3293
70527	3311
70527	3312
70527	3315
70527	3333
70725	3199
70725	3200
70725	3218
70725	3234
70725	3235
70725	3241
70725	3243
70725	3244
70725	3247
70725	3251
70725	3260
70725	3262
70725	3264
70725	3266
70725	3275
70725	3278
70725	3279
70725	3288
70725	3289
70725	3290
70725	3294
70725	3299
70725	3305
70725	3308
70725	3311
70725	3315
70725	3321
70725	3324
70725	3325
70725	3329
70725	3330
70725	3347
70725	3370
70725	3371
70725	3379
70725	3386
70725	3398
70725	3404
70725	3445
70725	3449
74146	3167
74146	3175
74146	3184
74146	3202
74146	3209
74146	3216
74146	3225
74146	3245
74146	3274
74489	3168
74489	3180
74489	3201
74489	3202
74489	3221
74489	3230
74489	3247
74489	3262
74489	3291
74489	3311
74489	3321
74489	3514
75277	3196
75277	3214
75277	3218
75277	3254
75277	3288
75277	3290
75277	3294
75277	3295
75277	3345
75277	3369
75277	3372
75277	3373
75277	3379
75277	3415
75729	3150
75729	3239
75729	3266
75729	3283
75729	3296
76710	3154
76710	3165
76710	3171
76710	3172
76710	3173
76710	3177
76710	3181
76710	3183
76710	3192
76710	3199
76710	3213
76710	3217
76710	3219
76710	3222
76710	3228
76710	3254
76710	3259
76710	3264
76710	3282
76710	3283
76710	3285
76710	3287
76770	3198
76770	3207
76770	3214
76770	3215
76770	3217
76770	3219
76770	3222
76770	3232
76770	3234
76770	3237
76770	3242
76770	3247
76770	3261
76770	3272
76770	3276
76770	3278
76770	3280
76770	3284
76770	3288
76770	3290
76770	3292
76770	3294
76770	3295
76770	3296
76770	3297
76770	3311
76770	3312
76770	3328
76770	3345
76770	3351
76770	3510
76903	3139
76903	3140
76903	3142
76903	3159
76903	3161
76903	3164
76903	3198
76903	3207
76903	3216
76903	3225
76903	3227
76903	3228
76903	3231
76903	3232
76903	3234
76903	3240
76903	3243
76903	3244
76903	3251
76903	3253
76903	3255
76903	3266
76903	3267
76903	3271
76903	3275
76903	3281
76903	3290
76903	3294
76903	3295
76903	3296
76903	3297
76903	3298
76903	3325
76903	3333
77722	3158
77722	3163
77722	3164
77722	3181
77722	3191
77722	3193
77722	3199
77722	3202
77722	3212
77722	3215
77722	3217
77722	3222
77722	3223
77722	3224
77722	3231
77722	3234
77722	3237
77722	3240
77722	3244
77722	3246
77722	3248
77722	3249
77722	3250
77722	3254
77722	3255
77722	3259
77722	3269
77722	3270
77722	3273
77722	3276
77735	3188
77735	3209
77735	3346
77735	3394
77735	3433
77735	3514
79123	3179
79123	3196
79123	3208
79123	3218
79123	3222
79123	3223
79123	3230
79123	3234
79123	3245
79123	3251
79123	3259
79123	3324
79123	3347
80640	3188
80640	3202
80640	3210
80640	3213
80640	3216
80640	3217
80640	3218
80640	3221
80640	3224
80640	3232
80640	3233
80640	3235
80640	3240
80640	3241
80640	3244
80640	3246
80640	3247
80640	3251
80640	3254
80640	3258
80640	3266
80640	3275
80640	3289
80640	3298
80640	3304
80640	3308
80640	3319
80640	3323
80640	3325
80640	3326
80640	3328
80640	3333
80640	3335
80640	3342
80640	3349
80640	3354
80640	3359
80640	3379
80640	3414
80640	3421
80640	3428
80640	3431
80640	3435
80640	3445
80640	3449
80640	3451
83962	3224
83962	3311
83962	3312
84151	3383
85202	3228
85202	3242
85202	3301
85202	3306
86243	3161
86243	3222
86243	3229
86809	3161
86809	3200
86809	3263
86809	3315
86809	3327
86809	3347
87923	3175
87923	3190
87923	3214
87923	3216
87923	3222
87923	3224
87923	3230
87923	3251
87923	3261
87923	3265
87923	3266
87923	3288
87923	3295
87923	3303
87923	3308
87923	3311
87923	3315
87923	3333
87923	3344
87923	3345
87923	3352
87923	3369
87923	3403
87923	3431
89465	3230
89465	3240
89465	3347
90015	3137
90015	3138
90015	3141
90015	3159
90015	3164
90015	3186
90015	3187
90015	3192
90015	3193
90015	3195
90015	3207
90015	3208
90015	3209
90015	3213
90015	3229
90015	3237
90015	3240
90015	3248
90015	3251
90015	3255
90015	3257
90015	3258
90015	3272
90015	3276
90015	3278
90015	3280
90015	3281
90015	3283
90015	3286
90015	3287
90015	3289
90015	3290
90015	3294
90015	3301
90015	3303
90015	3305
90015	3306
90015	3309
90015	3311
90015	3319
90015	3327
90015	3330
90015	3337
90015	3341
90015	3372
90015	3386
90015	3402
90015	3403
92675	3191
92675	3238
92675	3242
92675	3333
92675	3379
94173	3188
94173	3260
94173	3266
94173	3289
94173	3328
94173	3404
94173	3414
94528	3140
94528	3159
94528	3174
94528	3175
94528	3198
94528	3199
94528	3216
94528	3222
94528	3234
94528	3242
94528	3251
94528	3263
94528	3268
94528	3275
94528	3276
94528	3288
94528	3294
94528	3297
94528	3330
94528	3333
94528	3386
95924	3216
95924	3231
95924	3329
95924	3339
95947	3190
95947	3243
95947	3244
95947	3251
95947	3311
95947	3322
95947	3330
95947	3344
95947	3345
95947	3347
95947	3369
95947	3373
95947	3386
96523	3145
96523	3146
96523	3147
96523	3150
96523	3151
96523	3153
96523	3157
96523	3165
96523	3166
96523	3168
96523	3169
96523	3170
96523	3171
96523	3172
96523	3173
96523	3174
96523	3175
96523	3182
96523	3189
96523	3192
96523	3198
96523	3200
96523	3207
96523	3219
96523	3223
96523	3229
96523	3231
96523	3233
96523	3237
96523	3241
96523	3244
96523	3247
96523	3255
96523	3265
96523	3266
96523	3270
96523	3273
96523	3279
96523	3280
96523	3281
96523	3285
96523	3289
96523	3293
96523	3309
96523	3313
96523	3317
96523	3318
96523	3325
96523	3326
96523	3330
96523	3331
96523	3337
96523	3339
96523	3340
96523	3348
96523	3350
96523	3352
96523	3353
96523	3356
96523	3377
96523	3384
96523	3385
96523	3397
96523	3401
96523	3405
97254	3180
97254	3190
97254	3196
97254	3208
97254	3222
97254	3232
97254	3241
97254	3266
97254	3311
97254	3347
98300	3140
98300	3161
98300	3261
98300	3297
98300	3311
98300	3315
99994	3187
99994	3223
99994	3228
99994	3242
99994	3246
99994	3268
99994	3271
99994	3272
99994	3273
99994	3275
99994	3276
99994	3277
99994	3289
99994	3290
99994	3294
99994	3295
99994	3298
99994	3300
99994	3310
99994	3312
99994	3313
99994	3336
99994	3341
101035	3140
101035	3165
101035	3166
101035	3168
101035	3170
101035	3171
101035	3172
101035	3174
101035	3175
101035	3176
101035	3177
101035	3183
101035	3184
101035	3185
101035	3187
101035	3192
101035	3193
101035	3195
101035	3197
101035	3199
101035	3202
101035	3205
101035	3207
101035	3208
101035	3212
101035	3213
101035	3214
101035	3216
101035	3219
101035	3224
101035	3227
101035	3228
101035	3230
101035	3232
101035	3234
101035	3236
101035	3237
101035	3238
101035	3240
101035	3241
101035	3242
101035	3245
101035	3248
101035	3249
101035	3250
101035	3251
101035	3252
101035	3253
101035	3254
101035	3256
101035	3259
101035	3263
101035	3264
101035	3265
101035	3270
101035	3273
101035	3277
101035	3280
101035	3282
101035	3283
101035	3285
101035	3288
101035	3370
101035	3425
102218	3191
102218	3234
102218	3368
102218	3391
102431	3140
102431	3159
102431	3166
102431	3167
102431	3174
102431	3175
102431	3183
102431	3190
102431	3202
102431	3205
102431	3207
102431	3216
102431	3220
102431	3221
102431	3222
102431	3225
102431	3228
102431	3233
102431	3245
102431	3251
102431	3253
102431	3254
102431	3259
102431	3263
102431	3264
102431	3268
102431	3279
102431	3292
102431	3329
102431	3333
102431	3403
103576	3140
103576	3216
103576	3322
103576	3352
103576	3373
103576	3379
103576	3383
103576	3386
103576	3435
106844	3175
106844	3205
106844	3216
106844	3232
106844	3240
106844	3251
106844	3278
106844	3290
106844	3305
106844	3317
106844	3358
106844	3366
106844	3465
107086	3230
107086	3262
107086	3315
107086	3333
107155	3140
107155	3295
110238	3175
110238	3216
110238	3225
110238	3274
110238	3305
110238	3333
110510	3206
110510	3210
110510	3212
110510	3217
110510	3218
110510	3219
110510	3224
110510	3227
110510	3230
110510	3231
110510	3235
110510	3238
110510	3246
110510	3253
110510	3254
110510	3259
110510	3263
110510	3270
110510	3271
110510	3272
110510	3273
110510	3276
110510	3277
110510	3280
110510	3282
110510	3283
110510	3284
110510	3287
110510	3305
110510	3306
110510	3337
110510	3404
110510	3434
110545	3179
110545	3190
110545	3230
110545	3243
110545	3266
110545	3291
110545	3309
110545	3321
110545	3346
110545	3373
110545	3467
111058	3140
111058	3164
111058	3216
111058	3218
111058	3243
111058	3271
111058	3341
111290	3212
111290	3215
111290	3218
111290	3219
111290	3220
111290	3222
111290	3223
111290	3228
111290	3231
111290	3237
111290	3240
111290	3244
111290	3245
111290	3247
111290	3248
111290	3249
111290	3250
111290	3251
111290	3252
111290	3254
111290	3257
111290	3259
111290	3264
111290	3266
111290	3268
111290	3269
111290	3271
111290	3289
112430	3175
112430	3190
112430	3232
112430	3266
112430	3288
112430	3311
112430	3318
112430	3345
112430	3347
112430	3369
112430	3403
113007	3209
113007	3345
113007	3346
113007	3347
113007	3358
113007	3366
113007	3369
113007	3403
113173	3190
113173	3208
113173	3234
113173	3261
113217	3159
113217	3161
113217	3163
113217	3164
113217	3165
113217	3166
113217	3173
113217	3184
113217	3191
113217	3196
113217	3199
113217	3200
113217	3206
113217	3208
113217	3209
113217	3210
113217	3212
113217	3214
113217	3220
113217	3228
113217	3231
113217	3234
113217	3237
113217	3238
113217	3242
113217	3244
113217	3246
113217	3247
113217	3251
113217	3254
113217	3259
113217	3262
113217	3263
113217	3265
113217	3266
113217	3273
113217	3275
113217	3276
113217	3277
113217	3278
113217	3279
113217	3283
113217	3287
113217	3289
113217	3298
113217	3299
113217	3301
113217	3302
113217	3304
113217	3305
113217	3309
113217	3310
113217	3311
113217	3314
113217	3315
113217	3316
113217	3322
113217	3348
113217	3359
113217	3363
113217	3372
113217	3377
113217	3386
113217	3393
113217	3402
113217	3403
113217	3404
113217	3415
113217	3425
113217	3510
114161	3190
114161	3196
114161	3199
114161	3200
114161	3260
114161	3261
114161	3262
114161	3298
114161	3307
114161	3321
114161	3345
114161	3403
114161	3404
114161	3445
114161	3451
114908	3207
114908	3214
114908	3280
114908	3284
114908	3289
114908	3290
114908	3292
114908	3306
114908	3309
114908	3311
114908	3319
114908	3332
114908	3345
114908	3386
114908	3403
116322	3184
116322	3205
116322	3224
116322	3235
116322	3251
118125	3199
118125	3205
118125	3216
118125	3266
118125	3305
118125	3313
118125	3329
118125	3330
118125	3333
118125	3355
118320	3254
118320	3266
118320	3311
118320	3327
118320	3329
118320	3333
118320	3386
118476	3175
118476	3251
118476	3261
118476	3275
118476	3345
118522	3190
118522	3216
118522	3230
118522	3234
118522	3238
118522	3250
118522	3251
118522	3261
118522	3266
118522	3278
118522	3285
118522	3288
118522	3303
118522	3304
118522	3311
118522	3315
118522	3329
118522	3333
118522	3347
118522	3373
118522	3403
121103	3216
121103	3266
121103	3295
121103	3315
121103	3317
121103	3320
121103	3324
121103	3326
121103	3347
121103	3373
124345	3289
124345	3307
124345	3363
126485	3214
126485	3224
126485	3244
126485	3261
126485	3272
126485	3276
126485	3282
126485	3284
126485	3290
126485	3292
126485	3294
126485	3298
126485	3311
126485	3312
126485	3318
126485	3341
126485	3344
126485	3345
126485	3347
126485	3351
126485	3378
126485	3386
126485	3403
126485	3413
126485	3445
126606	3140
126606	3175
126606	3196
126606	3200
126606	3236
126606	3240
126606	3260
126606	3266
126606	3269
126606	3278
126606	3301
126606	3309
126606	3313
126606	3316
126606	3330
126606	3403
126606	3510
126623	3216
126623	3220
126623	3230
126623	3263
126623	3296
126623	3301
126623	3341
127739	3161
127739	3163
127739	3174
127739	3205
127739	3266
127739	3311
127739	3403
127771	3131
127771	3140
127771	3143
127771	3161
127771	3188
127771	3196
127771	3197
127771	3200
127771	3206
127771	3207
127771	3210
127771	3218
127771	3224
127771	3229
127771	3243
127771	3245
127771	3261
127771	3263
127771	3271
127771	3275
127771	3277
127771	3280
127771	3290
127771	3295
127771	3305
127771	3306
127771	3310
127771	3312
127771	3317
127771	3319
127771	3325
127771	3328
127771	3337
127771	3342
127771	3352
127771	3377
129511	3159
129511	3163
129511	3166
129511	3168
129511	3176
129511	3181
129511	3183
129511	3184
129511	3186
129511	3187
129511	3191
129511	3193
129511	3195
129511	3197
129511	3202
129511	3251
129511	3252
129511	3265
130091	3242
130091	3272
130091	3276
130091	3294
130091	3311
130091	3321
130091	3337
130091	3345
130091	3347
130091	3391
130091	3394
130091	3435
130091	3445
130091	3514
130099	3174
130099	3208
130099	3266
130099	3288
130099	3311
130099	3386
130099	3403
130316	3159
130316	3164
130316	3174
130316	3179
130316	3180
130316	3190
130316	3197
130316	3200
130316	3211
130316	3213
130316	3214
130316	3218
130316	3227
130316	3237
130316	3243
130316	3244
130316	3250
130316	3260
130316	3261
130316	3262
130316	3267
130316	3269
130316	3270
130316	3272
130316	3275
130316	3278
130316	3280
130316	3281
130316	3285
130316	3290
130316	3293
130316	3296
130316	3301
130316	3304
130316	3311
130316	3314
130316	3315
130316	3319
130316	3330
130316	3355
130316	3370
130316	3415
130838	3190
130838	3228
130838	3240
130838	3275
130838	3295
131285	3175
131285	3237
131285	3240
131285	3281
131285	3296
131285	3312
131285	3328
131285	3355
131532	3175
131532	3190
131532	3205
131532	3222
131532	3240
131532	3251
131532	3291
131532	3311
131532	3312
131532	3347
131532	3451
131594	3159
131594	3174
131594	3222
131594	3240
131594	3269
131594	3290
131594	3291
131594	3306
131594	3344
131594	3345
131594	3373
131594	3386
132423	3155
132423	3158
132423	3159
132423	3160
132423	3162
132423	3163
132423	3164
132423	3165
132423	3168
132423	3169
132423	3170
132423	3173
132423	3174
132423	3177
132423	3181
132423	3189
132423	3191
132423	3192
132423	3195
132423	3196
132423	3197
132423	3199
132423	3200
132423	3201
132423	3204
132423	3215
132423	3222
132423	3229
132423	3236
132423	3238
132423	3240
132423	3244
132423	3245
132423	3246
132423	3248
132423	3250
132423	3255
132423	3257
132423	3265
132423	3266
132423	3269
132423	3270
132423	3272
132423	3273
132423	3278
132423	3280
132423	3356
132423	3431
132740	3266
132740	3278
132740	3288
132740	3298
132740	3311
132740	3341
132740	3345
133195	3151
133195	3159
133195	3196
133195	3198
133195	3200
133195	3205
133195	3208
133195	3217
133195	3218
133195	3237
133195	3241
133195	3251
133195	3260
133195	3281
133195	3319
133195	3336
133378	3137
133378	3139
133378	3141
133378	3142
133378	3148
133378	3155
133378	3156
133378	3158
133378	3164
133378	3171
133378	3172
133378	3173
133378	3181
133378	3186
133378	3189
133378	3191
133378	3196
133378	3197
133378	3198
133378	3204
133378	3205
133378	3207
133378	3209
133378	3213
133378	3215
133378	3217
133378	3219
133378	3220
133378	3223
133378	3224
133378	3228
133378	3229
133378	3231
133378	3232
133378	3234
133378	3236
133378	3238
133378	3240
133378	3244
133378	3246
133378	3247
133378	3248
133378	3250
133378	3254
133378	3255
133378	3257
133378	3260
133378	3264
133378	3266
133378	3268
133378	3269
133378	3270
133378	3273
133378	3276
133378	3278
133378	3282
133378	3284
133378	3290
133378	3303
133378	3317
133378	3325
133378	3337
133378	3453
133512	3346
133512	3347
133746	3135
133746	3150
133746	3155
133746	3182
133746	3192
133746	3232
133746	3242
133746	3251
133746	3260
133746	3275
133746	3277
133788	3244
133788	3281
133788	3294
133788	3295
133788	3312
133788	3315
133788	3325
133788	3336
133788	3347
133788	3360
133788	3370
133788	3396
133788	3403
133788	3445
133788	3451
133788	3462
136252	3311
136953	3166
136953	3169
136953	3170
136953	3172
136953	3181
136953	3185
136953	3189
136953	3192
136953	3196
136953	3197
136953	3200
136953	3204
136953	3213
136953	3217
136953	3218
136953	3219
136953	3222
136953	3223
136953	3224
136953	3229
136953	3230
136953	3231
136953	3232
136953	3234
136953	3241
136953	3244
136953	3248
136953	3249
136953	3251
136953	3252
136953	3255
136953	3266
136953	3270
136953	3271
136953	3272
136953	3276
136953	3277
136953	3279
136953	3280
136953	3281
136953	3285
136953	3287
136953	3289
136953	3306
136953	3309
136953	3322
136953	3323
136953	3365
137467	3147
137467	3168
137467	3190
137467	3229
137467	3266
137467	3286
137504	3251
137504	3344
138950	3140
138950	3174
138950	3179
138950	3190
138950	3207
138950	3216
138950	3221
138950	3231
138950	3237
138950	3240
138950	3248
138950	3261
138950	3263
138950	3266
138950	3274
138950	3288
138950	3289
138950	3291
138950	3294
138950	3295
138950	3301
138950	3305
138950	3311
138950	3312
138950	3315
138950	3329
138950	3330
138950	3333
138950	3344
138950	3345
138950	3403
139033	3190
139033	3216
139033	3347
139033	3383
139033	3428
139650	3216
139650	3311
141168	3190
141168	3199
141168	3215
141168	3306
141168	3311
141168	3320
141168	3338
141168	3345
141168	3354
141168	3369
141168	3381
141168	3439
141168	3443
141168	3455
141168	3463
141168	3509
141168	3529
141168	3553
144296	3198
144296	3200
144296	3201
144296	3207
144296	3210
144296	3212
144296	3215
144296	3217
144296	3219
144296	3222
144296	3223
144296	3227
144296	3229
144296	3237
144296	3238
144296	3240
144296	3241
144296	3245
144296	3250
144296	3255
144296	3257
144296	3258
144296	3262
144296	3266
144296	3270
144296	3273
144296	3278
144296	3279
144296	3280
144296	3281
144296	3284
144296	3285
144296	3287
144296	3289
144296	3290
144296	3291
144296	3293
144296	3298
144459	3140
144459	3163
144459	3259
144459	3301
144459	3314
144913	3289
144913	3298
144913	3331
144913	3333
144913	3341
144913	3364
144913	3398
144913	3445
145460	3234
145460	3347
145460	3369
147848	3150
147848	3151
147848	3155
147848	3160
147848	3202
147848	3205
147848	3220
147848	3236
147848	3243
147848	3250
147848	3266
147848	3280
147848	3283
147939	3307
147939	3322
147939	3345
147939	3347
147939	3367
147939	3371
147939	3390
147939	3391
147939	3403
147939	3411
147939	3421
147939	3440
147939	3454
148237	3216
148293	3234
148293	3249
148293	3312
149516	3140
149516	3174
149516	3260
149516	3315
151016	3225
151016	3266
151685	3142
151685	3143
151685	3150
151685	3154
151685	3156
151685	3159
151685	3162
151685	3165
151685	3172
151685	3176
151685	3177
151685	3183
151685	3186
151685	3187
151685	3192
151685	3207
151685	3210
151685	3212
151685	3213
151685	3214
151685	3219
151685	3220
151685	3224
151685	3229
151685	3230
151685	3232
151685	3234
151685	3235
151685	3236
151685	3242
151685	3246
151685	3254
151685	3259
151685	3263
151685	3268
152331	3154
152331	3155
152331	3159
152331	3161
152331	3162
152331	3163
152331	3165
152331	3166
152331	3168
152331	3169
152331	3170
152331	3171
152331	3174
152331	3182
152331	3191
152331	3192
152331	3193
152331	3195
152331	3197
152331	3204
152331	3210
152331	3213
152331	3218
152331	3228
152331	3229
152331	3232
152331	3234
152331	3239
152331	3277
154558	3134
154558	3135
154558	3137
154558	3141
154558	3142
154558	3143
154558	3145
154558	3148
154558	3151
154558	3154
154558	3157
154558	3160
154558	3161
154558	3163
154558	3166
154558	3168
154558	3171
154558	3172
154558	3181
154558	3183
154558	3184
154558	3186
154558	3187
154558	3192
154558	3193
154558	3198
154558	3199
154558	3217
154558	3218
154558	3222
154558	3263
155063	3174
155063	3191
155063	3230
155063	3241
155063	3243
155063	3253
155063	3266
155063	3309
155063	3315
155063	3322
155063	3329
155063	3347
155063	3386
155063	3403
158890	3266
158890	3288
158890	3311
158890	3315
158890	3333
158890	3345
158890	3347
158890	3403
158890	3413
159912	3266
159912	3311
159912	3445
160024	3176
160024	3208
160024	3214
160024	3252
160024	3253
160024	3254
160024	3258
160024	3259
160024	3263
160024	3279
160024	3282
160024	3283
160024	3284
160024	3287
160024	3306
160024	3308
160024	3309
160024	3317
160024	3318
160024	3325
160024	3327
160024	3330
160024	3345
160024	3353
160024	3354
160024	3364
161106	3164
161106	3175
161106	3176
161106	3181
161106	3183
161106	3186
161106	3188
161106	3191
161106	3192
161106	3195
161106	3197
161106	3199
161106	3200
161106	3207
161106	3212
161106	3213
161106	3215
161106	3217
161106	3218
161106	3223
161106	3224
161106	3228
161106	3229
161106	3231
161106	3232
161106	3234
161106	3238
161106	3240
161106	3244
161106	3245
161106	3248
161106	3251
161106	3252
161106	3257
161106	3264
161106	3265
161106	3303
161106	3308
161106	3309
161106	3311
161106	3315
161106	3316
161106	3318
161106	3323
161333	3135
161333	3137
161333	3143
161333	3144
161333	3145
161333	3146
161333	3147
161333	3151
161333	3153
161333	3154
161333	3158
161333	3159
161333	3160
161333	3164
161333	3166
161333	3168
161333	3171
161333	3181
161333	3186
161333	3187
161333	3191
161333	3192
161333	3193
161333	3195
161333	3197
161333	3201
161333	3202
161333	3207
161333	3208
161333	3209
161333	3215
161333	3217
161333	3218
161333	3222
161333	3223
161333	3224
161333	3228
161333	3229
161333	3231
161333	3232
161333	3233
161333	3234
161333	3237
161333	3238
161333	3240
161333	3242
161333	3244
161333	3245
161333	3246
161333	3248
161333	3249
161333	3257
161333	3263
161333	3264
161333	3268
161333	3269
161333	3345
161541	3174
161541	3183
161541	3190
161541	3222
161541	3234
161541	3264
161541	3268
161541	3311
161541	3332
161541	3403
163175	3188
163175	3190
163175	3205
163175	3207
163175	3216
163175	3224
163175	3240
163175	3241
163175	3242
163175	3243
163175	3244
163175	3247
163175	3251
163175	3254
163175	3259
163175	3260
163175	3277
163175	3286
163175	3289
163175	3290
163175	3292
163175	3294
163175	3295
163175	3296
163175	3299
163175	3301
163175	3310
163175	3311
163175	3312
163175	3315
163175	3319
163175	3327
163175	3328
163175	3333
163175	3341
163175	3370
163175	3386
163727	3311
163727	3345
163727	3391
164644	3190
164644	3284
164644	3294
164644	3295
164644	3345
165054	3230
165054	3231
165054	3240
165054	3261
165054	3263
165054	3266
165054	3288
165054	3293
165054	3295
165054	3311
165054	3315
165054	3345
165054	3346
165054	3347
167435	3197
167435	3272
167435	3291
167435	3319
167435	3347
167435	3403
167649	3132
167649	3133
167649	3134
167649	3135
167649	3137
167649	3145
167649	3146
167649	3150
167649	3153
167649	3154
167649	3155
167649	3163
167649	3164
167649	3166
167649	3168
167649	3171
167649	3173
167649	3175
167649	3182
167649	3187
167649	3191
167649	3198
167649	3200
167649	3201
167649	3208
167649	3212
167649	3215
167649	3223
167649	3228
167649	3229
167649	3231
167649	3236
167649	3239
167649	3240
167649	3244
167649	3245
167649	3246
167649	3249
167649	3253
167649	3257
167649	3263
167649	3264
167649	3269
169665	3198
169665	3206
172863	3182
172863	3183
172863	3185
172863	3186
172863	3190
172863	3197
172863	3204
172863	3208
172863	3231
172863	3241
172863	3243
172863	3244
172863	3259
172863	3261
172863	3263
172863	3266
172863	3269
172863	3278
172863	3306
172863	3317
172863	3319
172863	3322
172863	3324
172863	3330
172863	3370
172863	3375
175937	3175
175937	3200
175937	3205
175937	3230
175937	3234
175937	3245
175937	3251
175937	3267
175937	3272
175937	3275
175937	3283
175937	3289
175937	3307
175937	3308
175937	3309
175937	3311
175937	3312
175937	3316
175937	3329
175937	3342
176333	3204
176333	3205
176333	3209
176333	3215
176333	3228
176333	3234
176333	3235
176333	3240
176333	3241
176333	3281
176333	3294
176333	3303
176333	3310
176333	3313
176333	3315
176333	3403
178196	3188
178196	3190
178196	3208
178196	3218
178196	3260
178196	3262
178196	3266
178196	3310
178196	3311
178196	3403
182008	3221
182883	3215
182883	3219
182883	3222
182883	3229
182883	3231
182883	3236
182883	3237
182883	3239
182883	3244
182883	3245
182883	3248
182883	3249
182883	3250
182883	3253
182883	3255
182883	3257
182883	3264
182883	3269
182883	3270
182883	3271
182883	3280
182883	3281
182883	3282
182883	3283
182883	3284
182883	3285
182883	3286
182883	3287
182883	3289
182883	3290
182883	3292
182883	3293
182883	3296
182883	3298
182883	3299
182883	3304
182883	3305
182883	3310
182883	3315
182883	3318
182883	3327
182883	3330
182883	3333
182883	3335
182883	3340
182883	3343
182883	3345
182883	3348
182883	3352
182883	3353
182883	3357
182883	3360
182883	3364
182883	3365
184695	3234
184695	3284
184695	3311
184695	3312
184695	3322
184695	3345
185072	3190
185072	3208
185072	3214
185072	3234
185072	3245
185072	3251
185072	3266
185072	3289
185072	3290
185072	3294
185072	3295
185072	3311
185072	3313
185072	3329
185072	3338
185072	3345
185072	3347
185072	3354
185072	3369
185072	3373
185072	3428
185072	3442
185072	3465
185072	3492
185072	3514
187049	3175
187049	3183
187049	3184
187049	3190
187049	3196
187049	3197
187049	3199
187049	3200
187049	3204
187049	3205
187049	3206
187049	3208
187049	3213
187049	3214
187049	3216
187049	3220
187049	3222
187049	3224
187049	3228
187049	3231
187049	3232
187049	3233
187049	3234
187049	3235
187049	3236
187049	3241
187049	3242
187049	3244
187049	3247
187049	3251
187049	3254
187049	3260
187049	3261
187049	3266
187049	3269
187049	3272
187049	3273
187049	3276
187049	3277
187049	3287
187049	3288
187049	3289
187049	3290
187049	3291
187049	3295
187049	3296
187049	3298
187049	3299
187049	3302
187049	3304
187049	3305
187049	3306
187049	3307
187049	3309
187049	3310
187049	3311
187049	3312
187049	3313
187049	3314
187049	3316
187049	3319
187049	3321
187049	3322
187049	3325
187049	3326
187049	3327
187049	3328
187049	3329
187049	3330
187049	3332
187049	3333
187049	3334
187049	3335
187049	3339
187049	3341
187049	3344
187049	3345
187049	3347
187049	3355
187049	3363
187049	3369
187049	3371
187049	3372
187049	3373
187049	3375
187049	3377
187049	3386
187049	3393
187049	3403
187049	3415
187049	3421
187049	3425
187049	3445
187049	3451
187049	3510
188222	3140
188222	3161
188222	3164
188222	3179
188222	3227
188222	3228
188222	3266
188222	3273
188222	3278
188222	3286
188222	3289
188222	3297
188222	3313
188222	3315
188222	3327
188222	3372
188222	3379
188222	3425
188222	3431
188718	3190
188718	3233
188718	3235
188718	3290
188718	3313
188718	3403
188718	3411
188718	3529
188724	3311
188724	3347
188948	3219
188948	3244
188948	3267
188948	3311
188948	3312
188948	3325
189288	3190
189288	3243
189288	3266
189288	3294
189288	3306
189288	3311
189288	3315
189288	3347
189288	3386
189978	3158
189978	3159
189978	3164
189978	3171
189978	3186
189978	3193
189978	3196
189978	3199
189978	3200
189978	3202
189978	3204
189978	3207
189978	3208
189978	3220
189978	3228
189978	3234
189978	3247
189978	3249
189978	3253
189978	3258
189978	3262
189978	3270
189978	3286
189978	3431
191503	3140
191503	3161
191503	3196
191503	3216
191503	3230
191503	3234
191503	3260
191503	3266
191503	3271
191503	3284
191503	3290
191503	3311
191503	3315
191503	3333
191902	3224
191902	3309
191902	3345
191902	3403
192992	3132
192992	3161
192992	3169
192992	3186
192992	3187
192992	3206
192992	3210
192992	3212
192992	3218
192992	3222
192992	3231
192992	3237
192992	3238
192992	3244
192992	3245
192992	3248
192992	3254
192992	3259
192992	3263
192992	3265
192992	3275
192992	3277
192992	3282
192992	3290
192992	3305
192992	3306
192992	3309
194952	3140
194952	3216
194952	3231
194952	3245
198256	3272
198256	3288
198256	3345
199007	3139
199007	3159
199007	3164
199007	3181
199007	3196
199007	3197
199007	3204
199007	3212
199007	3228
199007	3231
199007	3233
199007	3244
199007	3245
199007	3249
199007	3251
199007	3255
199007	3257
199007	3261
199007	3263
199007	3266
199007	3272
199007	3275
199007	3277
199007	3278
199007	3303
199007	3309
199007	3403
199069	3179
199069	3188
199069	3190
199069	3191
199069	3196
199069	3197
199069	3199
199069	3200
199069	3202
199069	3204
199069	3205
199069	3206
199069	3209
199069	3210
199069	3213
199069	3214
199069	3218
199069	3219
199069	3220
199069	3223
199069	3224
199069	3228
199069	3230
199069	3231
199069	3232
199069	3237
199069	3240
199069	3241
199069	3242
199069	3243
199069	3244
199069	3247
199069	3248
199069	3249
199069	3251
199069	3254
199069	3259
199069	3260
199069	3261
199069	3262
199069	3263
199069	3265
199069	3266
199069	3269
199069	3272
199069	3276
199069	3277
199069	3278
199069	3279
199069	3280
199069	3281
199069	3282
199069	3283
199069	3284
199069	3285
199069	3287
199069	3288
199069	3289
199069	3290
199069	3291
199069	3293
199069	3294
199069	3295
199069	3296
199069	3298
199069	3299
199069	3301
199069	3302
199069	3303
199069	3306
199069	3307
199069	3308
199069	3309
199069	3310
199069	3311
199069	3312
199069	3315
199069	3316
199069	3318
199069	3319
199069	3321
199069	3322
199069	3323
199069	3324
199069	3326
199069	3327
199069	3328
199069	3330
199069	3332
199069	3334
199069	3335
199069	3336
199069	3337
199069	3341
199069	3342
199069	3344
199069	3345
199069	3347
199069	3348
199069	3349
199069	3351
199069	3355
199069	3359
199069	3361
199069	3362
199069	3363
199069	3369
199069	3370
199069	3371
199069	3372
199069	3375
199069	3377
199069	3379
199069	3382
199069	3386
199069	3393
199069	3398
199069	3402
199069	3403
199069	3404
199069	3412
199069	3414
199069	3415
199069	3421
199069	3425
199069	3445
199069	3451
199069	3510
199339	3175
199339	3214
199339	3216
199339	3220
199339	3230
199339	3232
199339	3262
199339	3305
199339	3313
199339	3333
200126	3140
200126	3164
200126	3174
200126	3205
200126	3207
200126	3216
200126	3217
200126	3222
200126	3232
200126	3234
200126	3240
200126	3284
200126	3288
200126	3290
200126	3296
200126	3297
200126	3311
200126	3327
200126	3333
200126	3372
200126	3431
200126	3445
200665	3190
200665	3288
200665	3311
200665	3345
201865	3196
201865	3214
201865	3216
201865	3231
201865	3260
201865	3263
201865	3266
201865	3306
201865	3319
201865	3322
201865	3330
201865	3340
201865	3343
201865	3345
201865	3347
201865	3350
201865	3352
201865	3394
201865	3403
201865	3404
201865	3442
201865	3514
203295	3190
203295	3196
203295	3232
203295	3236
203295	3278
203295	3311
203295	3345
203295	3347
203295	3403
203506	3208
203506	3244
203506	3251
203506	3261
203506	3276
203506	3284
203506	3313
203506	3339
203506	3345
203506	3406
203506	3463
204895	3313
204895	3315
204895	3403
206404	3159
206404	3174
206404	3180
206404	3190
206404	3196
206404	3199
206404	3206
206404	3213
206404	3214
206404	3217
206404	3218
206404	3226
206404	3235
206404	3236
206404	3237
206404	3242
206404	3244
206404	3246
206404	3247
206404	3249
206404	3260
206404	3272
206404	3278
206404	3280
206404	3284
206404	3288
206404	3290
206404	3310
206404	3311
206404	3314
206404	3317
206404	3321
206404	3327
206404	3370
206404	3377
206404	3389
206404	3412
206404	3445
206557	3179
206557	3180
206557	3190
206557	3266
206557	3367
206557	3412
206557	3473
208070	3140
208070	3190
208070	3196
208070	3199
208070	3216
208070	3218
208070	3231
208070	3243
208070	3245
208070	3261
208070	3273
208070	3289
208070	3295
208070	3298
208070	3315
208070	3333
208070	3345
208070	3386
208070	3403
208598	3174
209308	3175
209308	3179
209308	3190
209308	3216
209308	3224
209308	3229
209308	3245
209308	3251
209308	3261
209308	3266
209308	3294
209308	3295
209308	3307
209308	3311
209308	3315
209308	3333
209308	3336
209308	3338
209308	3345
209308	3347
209308	3366
209308	3386
209308	3401
209308	3403
209375	3315
209375	3370
211747	3190
211825	3247
211825	3313
213035	3188
213035	3214
213035	3216
213035	3224
213035	3247
213035	3251
213035	3260
213035	3263
213035	3311
213035	3315
213035	3345
213035	3347
213035	3403
213035	3514
214461	3175
214461	3216
214461	3230
214461	3251
214461	3333
214461	3366
214461	3434
215493	3190
215493	3193
215493	3197
215493	3198
215493	3199
215493	3204
215493	3207
215493	3208
215493	3209
215493	3210
215493	3212
215493	3213
215493	3214
215493	3218
215493	3222
215493	3223
215493	3230
215493	3232
215493	3237
215493	3240
215493	3242
215493	3244
215493	3253
215493	3254
215493	3255
215493	3259
215493	3261
215493	3263
215493	3265
215493	3266
215493	3270
215493	3272
215493	3283
215493	3284
215493	3287
215493	3290
215493	3292
215493	3294
215493	3295
215493	3301
215493	3303
215493	3306
215493	3309
215493	3312
215493	3313
215493	3315
215493	3317
215493	3333
215493	3337
215493	3345
215493	3347
216738	3205
216738	3251
216738	3277
216738	3373
216738	3403
217248	3161
217248	3174
217248	3190
217248	3198
217248	3199
217248	3228
217248	3235
217248	3251
217248	3261
217248	3263
217248	3275
217248	3311
217248	3315
217814	3175
217814	3214
217814	3216
217814	3223
217814	3240
217814	3243
217814	3293
217814	3306
217814	3321
217814	3327
219202	3163
219202	3167
219202	3174
219202	3207
219202	3221
219202	3254
219202	3289
219202	3304
219202	3305
219202	3308
219202	3309
219202	3313
219202	3315
219202	3316
219202	3329
219202	3339
219202	3358
219202	3431
219202	3552
219369	3230
219369	3261
219369	3347
219516	3129
219516	3131
219516	3132
219516	3133
219516	3134
219516	3135
219516	3137
219516	3139
219516	3142
219516	3143
219516	3144
219516	3145
219516	3146
219516	3147
219516	3148
219516	3151
219516	3153
219516	3154
219516	3155
219516	3156
219516	3157
219516	3159
219516	3164
219516	3165
219516	3166
219516	3168
219516	3169
219516	3170
219516	3171
219516	3172
219516	3174
219516	3176
219516	3177
219516	3181
219516	3183
219516	3184
219516	3186
219516	3187
219516	3192
219516	3193
219516	3195
219516	3197
219516	3201
219516	3207
219516	3208
219516	3212
219516	3213
219516	3214
219516	3217
219516	3218
219516	3222
219516	3223
219516	3224
219516	3228
219516	3229
219516	3231
219516	3234
219516	3235
219516	3236
219516	3237
219516	3238
219516	3240
219516	3244
219516	3245
219516	3246
219516	3248
219516	3250
219516	3254
219516	3255
219516	3257
219516	3259
219516	3263
219516	3264
219516	3265
219516	3303
219516	3379
219516	3395
219719	3231
219719	3251
219719	3284
219719	3290
219719	3310
219719	3403
221564	3159
221564	3174
221564	3175
221564	3193
221564	3224
221564	3234
221564	3245
221564	3247
221564	3252
221564	3267
221564	3275
221564	3288
221564	3294
221564	3301
221564	3309
221564	3391
221746	3190
221746	3266
221746	3311
221746	3362
221746	3394
221746	3467
222886	3224
222886	3231
222886	3241
222886	3244
222886	3248
222886	3259
222886	3261
222886	3262
222886	3263
222886	3291
222886	3296
222886	3306
222886	3312
222886	3315
222886	3319
222886	3337
224073	3216
224073	3251
224073	3311
224073	3347
224073	3403
224661	3164
224661	3175
224661	3179
224661	3188
224661	3190
224661	3195
224661	3197
224661	3213
224661	3214
224661	3228
224661	3229
224661	3235
224661	3236
224661	3241
224661	3251
224661	3254
224661	3255
224661	3262
224661	3263
224661	3266
224661	3271
224661	3280
224661	3289
224661	3297
224661	3298
224661	3305
224661	3308
224661	3315
224661	3318
224661	3327
224661	3329
224661	3332
224661	3333
224661	3345
224661	3354
224661	3391
224661	3402
224661	3415
224661	3510
225204	3190
225204	3200
225204	3230
225204	3260
225204	3311
225204	3345
226264	3164
226264	3199
226264	3228
226264	3247
226264	3257
226264	3263
226264	3265
226264	3275
226264	3277
226264	3279
226264	3280
226264	3281
226264	3283
226264	3288
226264	3322
226264	3367
226264	3386
226264	3390
226264	3408
226264	3427
226264	3476
226264	3501
227249	3194
227249	3241
227249	3257
227249	3342
228053	3175
228053	3190
228053	3191
228053	3202
228053	3204
228053	3206
228053	3209
228053	3214
228053	3223
228053	3224
228053	3231
228053	3234
228053	3254
228053	3255
228053	3260
228053	3262
228053	3265
228053	3266
228053	3269
228053	3280
228053	3288
228053	3310
228053	3336
228053	3345
228053	3347
228053	3403
230291	3140
230291	3159
230291	3164
230291	3179
230291	3205
230291	3208
230291	3234
230291	3241
230291	3261
230291	3266
230291	3292
230291	3309
230291	3325
230291	3372
230291	3386
230291	3394
231583	3309
231583	3311
231583	3347
231583	3375
232511	3179
232511	3345
232511	3346
232511	3369
232511	3373
233252	3190
233252	3261
233252	3288
233252	3290
233252	3294
233252	3338
233252	3357
233252	3425
233739	3231
233739	3243
233739	3345
236270	3175
236270	3190
236270	3215
236270	3216
236270	3222
236270	3293
236270	3294
236270	3309
236270	3333
236270	3347
236493	3175
236493	3190
236493	3205
236493	3230
236493	3261
236493	3262
236493	3266
236493	3272
236493	3284
236493	3288
236493	3295
236493	3306
236493	3309
236493	3310
236493	3311
236493	3319
236493	3325
237810	3190
237810	3197
237810	3200
237810	3204
237810	3209
237810	3214
237810	3215
237810	3222
237810	3224
237810	3229
237810	3230
237810	3235
237810	3241
237810	3242
237810	3243
237810	3244
237810	3247
237810	3249
237810	3250
237810	3253
237810	3255
237810	3260
237810	3264
237810	3266
237810	3269
237810	3272
237810	3284
237810	3288
237810	3289
237810	3291
237810	3294
237810	3304
237810	3310
237810	3312
237810	3319
237810	3328
237810	3330
237810	3332
237810	3370
240042	3266
240042	3281
240042	3289
240042	3302
240042	3307
240042	3311
240042	3322
240042	3347
240042	3370
240042	3381
240042	3390
240042	3394
240042	3398
240042	3403
240042	3404
240042	3412
240042	3414
240042	3433
240042	3463
240042	3514
240229	3179
240229	3200
240229	3202
240229	3237
240229	3240
240229	3248
240229	3251
240229	3255
240229	3260
240229	3262
240229	3266
240229	3272
240229	3285
240229	3288
240229	3289
240229	3291
240229	3299
240229	3302
240229	3303
240229	3309
240229	3314
240229	3317
240229	3319
240229	3320
240229	3321
240229	3323
240229	3326
240229	3327
240229	3328
240229	3331
240229	3332
240229	3335
240229	3338
240229	3355
240229	3361
240229	3369
240229	3377
240229	3379
240229	3393
240229	3394
240229	3397
240229	3404
240229	3421
240229	3438
240229	3445
240229	3449
240229	3450
240229	3510
240229	3514
241441	3140
241441	3174
241441	3180
241441	3207
241441	3208
241441	3215
241441	3222
241441	3227
241441	3234
241441	3250
241441	3251
241441	3297
242159	3148
242159	3172
242159	3173
242159	3174
242159	3176
242159	3177
242159	3181
242159	3182
242159	3184
242159	3185
242159	3186
242159	3187
242159	3189
242159	3191
242159	3195
242159	3196
242159	3199
242159	3200
242159	3204
242159	3205
242159	3206
242159	3207
242159	3208
242159	3210
242159	3213
242159	3215
242159	3217
242159	3219
242159	3222
242159	3223
242159	3224
242159	3229
242159	3230
242159	3231
242159	3241
242159	3242
242159	3246
242159	3250
242159	3255
242159	3257
242159	3259
242159	3263
242159	3265
242159	3266
242159	3270
242159	3271
242159	3273
242159	3275
242159	3277
242159	3279
242159	3281
242159	3283
242159	3305
242159	3306
242159	3379
242159	3406
242159	3468
243236	3261
243236	3266
243236	3272
243236	3291
243236	3295
243236	3310
243236	3319
243236	3322
243236	3386
243236	3403
246132	3145
246132	3146
246132	3150
246132	3151
246132	3154
246132	3155
246132	3157
246132	3158
246132	3163
246132	3166
246132	3181
246132	3184
246132	3191
246132	3212
246132	3215
246132	3217
246132	3219
246132	3229
246132	3236
246132	3237
246132	3246
246132	3255
246632	3140
246632	3164
246632	3183
246632	3210
246632	3214
246632	3226
246632	3232
246632	3284
246632	3293
246632	3296
246632	3311
246632	3328
246632	3335
246632	3339
246632	3351
246632	3370
246632	3421
246632	3445
248665	3175
248665	3214
248665	3224
248665	3226
248665	3311
248755	3224
248755	3251
248755	3259
248755	3266
248755	3322
248755	3403
251084	3190
251084	3213
251084	3214
251084	3219
251084	3224
251084	3230
251084	3232
251084	3237
251084	3240
251084	3241
251084	3242
251084	3243
251084	3244
251084	3248
251084	3254
251084	3259
251084	3263
251084	3265
251084	3266
251084	3272
251084	3276
251084	3278
251084	3280
251084	3281
251084	3282
251084	3284
251084	3288
251084	3289
251084	3290
251084	3292
251084	3293
251084	3294
251084	3295
251084	3296
251084	3298
251084	3299
251084	3301
251084	3302
251084	3303
251084	3307
251084	3308
251084	3309
251084	3311
251084	3314
251084	3316
251084	3319
251084	3320
251084	3321
251084	3322
251084	3323
251084	3325
251084	3327
251084	3330
251084	3332
251084	3334
251084	3335
251084	3337
251084	3338
251084	3341
251084	3342
251084	3343
251084	3344
251084	3345
251084	3346
251084	3347
251084	3348
251084	3349
251084	3351
251084	3352
251084	3355
251084	3359
251084	3361
251084	3362
251084	3363
251084	3369
251084	3370
251084	3371
251084	3372
251084	3373
251084	3375
251084	3379
251084	3382
251084	3383
251084	3386
251084	3393
251084	3398
251084	3402
251084	3403
251084	3404
251084	3412
251084	3414
251084	3415
251084	3421
251084	3425
251084	3435
251084	3438
251084	3445
251084	3451
251084	3467
251084	3510
251407	3175
251407	3198
251407	3215
251407	3222
251407	3229
251407	3230
251407	3251
251407	3259
251407	3266
251407	3276
251407	3308
251407	3311
251407	3315
251407	3330
251407	3352
251407	3382
251407	3431
251940	3183
252984	3214
252984	3219
252984	3224
252984	3230
252984	3232
252984	3235
252984	3244
252984	3249
252984	3259
252984	3262
252984	3267
252984	3282
252984	3284
252984	3292
252984	3293
252984	3295
252984	3297
252984	3314
252984	3316
252984	3325
252984	3327
252984	3328
252984	3329
252984	3431
254673	3133
254673	3140
254673	3159
254673	3164
254673	3175
254673	3184
254673	3191
254673	3205
254673	3206
254673	3207
254673	3208
254673	3209
254673	3217
254673	3218
254673	3222
254673	3224
254673	3228
254673	3234
254673	3236
254673	3245
254673	3247
254673	3250
254673	3251
254673	3253
254673	3258
254673	3260
254673	3267
254673	3271
254673	3275
254673	3279
254673	3304
254673	3311
254673	3315
254673	3318
254673	3333
254673	3403
255195	3196
255195	3198
255195	3199
255195	3205
255195	3207
255195	3209
255195	3234
255195	3235
255195	3244
255195	3247
255195	3261
255195	3290
255195	3294
255195	3295
255195	3296
255195	3304
255195	3312
255195	3315
255195	3328
255195	3336
255195	3345
255195	3351
255377	3140
255377	3221
255377	3227
255377	3253
255377	3287
255377	3386
255693	3215
255693	3231
255693	3240
255693	3251
255693	3255
255693	3257
255693	3262
255693	3264
255693	3270
255693	3278
255693	3281
255693	3285
255693	3292
255693	3296
255693	3297
255693	3302
255693	3311
255693	3314
255693	3316
255693	3321
255693	3323
255693	3328
255693	3338
255693	3340
255693	3343
255693	3348
255693	3351
255693	3362
255693	3393
255961	3347
256126	3188
256126	3190
256126	3242
256126	3288
256126	3313
256126	3315
258734	3208
258734	3216
258734	3230
258734	3258
258734	3345
258734	3428
259847	3200
259847	3218
259847	3230
259847	3243
259847	3254
259847	3255
259847	3298
259847	3311
259847	3312
259847	3316
259847	3347
259847	3403
259952	3140
259952	3175
259952	3183
259952	3205
259952	3210
259952	3220
259952	3221
259952	3222
259952	3230
259952	3234
259952	3238
259952	3241
259952	3248
259952	3251
259952	3254
259952	3266
259952	3280
259952	3282
259952	3289
259952	3291
259952	3293
259952	3305
259952	3315
259952	3316
259952	3325
259952	3328
259952	3329
259952	3347
259952	3359
259952	3379
259952	3403
259952	3415
261982	3311
261982	3315
261982	3346
261982	3347
261982	3373
262445	3190
262445	3266
262445	3288
262445	3311
262445	3403
262726	3266
262726	3291
262726	3292
262726	3311
262726	3347
262726	3369
262726	3403
263454	3230
263454	3403
263856	3141
263856	3142
263856	3143
263856	3144
263856	3145
263856	3146
263856	3147
263856	3148
263856	3150
263856	3151
263856	3152
263856	3153
263856	3154
263856	3155
263856	3185
263856	3186
263856	3187
263856	3188
263856	3191
263856	3192
263856	3193
263856	3195
263856	3197
263856	3198
263856	3199
263856	3200
263856	3201
263856	3202
263856	3204
263856	3206
263856	3207
263856	3210
263856	3211
263856	3212
263856	3215
263856	3217
263856	3218
263856	3222
263856	3227
263856	3228
263856	3229
263856	3231
263856	3233
263856	3234
263856	3235
263856	3236
263856	3251
263856	3252
263856	3253
264025	3309
264025	3313
264025	3318
264025	3345
264025	3347
264025	3354
264025	3366
264025	3375
264025	3428
264090	3175
264090	3181
264090	3183
264090	3196
264090	3200
264090	3204
264090	3205
264090	3218
264090	3228
264090	3230
264090	3233
264090	3249
264135	3240
264135	3242
264135	3243
264135	3244
264135	3248
264135	3254
264135	3261
264135	3266
264135	3272
264135	3276
264135	3278
264135	3280
264135	3281
264135	3283
264135	3285
264135	3287
264135	3289
264135	3290
264135	3291
264135	3292
264135	3293
264135	3294
264135	3296
264135	3298
264135	3299
264135	3301
264135	3307
264135	3311
264135	3312
264135	3313
264135	3314
264135	3315
264135	3316
264135	3327
264135	3330
264135	3334
264135	3336
264135	3337
264135	3339
264135	3341
264135	3345
264135	3363
264135	3370
264135	3372
264135	3377
264135	3386
264135	3392
264135	3402
264135	3403
264135	3404
264135	3415
264135	3445
264135	3451
264135	3510
264490	3183
264490	3184
264490	3196
264490	3205
264490	3233
264490	3234
264490	3235
264490	3238
264490	3264
264490	3269
264490	3275
264490	3289
264490	3302
264490	3304
264490	3310
264490	3317
264490	3321
264490	3327
264490	3386
264490	3404
264490	3425
266031	3345
266356	3194
266356	3201
266356	3281
266356	3307
266356	3399
266837	3196
266837	3213
266837	3216
266837	3230
266837	3231
266837	3251
266837	3269
266837	3294
266837	3295
266837	3311
266837	3322
266837	3333
266837	3345
267590	3205
267590	3215
267590	3216
267590	3231
267590	3232
267590	3234
267590	3311
267590	3333
267783	3174
267783	3221
267783	3286
267783	3313
267783	3379
268762	3208
268762	3213
268762	3313
268762	3329
268762	3391
268762	3442
268891	3190
268891	3216
268891	3261
268891	3266
268891	3288
268891	3315
268891	3333
268891	3344
268891	3345
268891	3347
268891	3403
268991	3175
268991	3261
268991	3315
268991	3329
268991	3345
268991	3347
268991	3369
268991	3403
269720	3237
269720	3244
269720	3261
269720	3284
269720	3288
269720	3294
269720	3311
269720	3313
269720	3315
269720	3321
269720	3327
269720	3344
269720	3345
269720	3347
269720	3352
269720	3369
269720	3389
269720	3403
269720	3435
269720	3467
271089	3175
271089	3221
271089	3222
271089	3229
271089	3230
271089	3261
271089	3291
271089	3318
271089	3364
271089	3425
271089	3451
271966	3174
271966	3175
271966	3180
271966	3221
271966	3233
271966	3241
271966	3245
271966	3253
271966	3254
271966	3270
271966	3274
271966	3308
271966	3315
271966	3339
271966	3372
271966	3379
271966	3402
271976	3175
271976	3190
271976	3191
271976	3224
271976	3228
271976	3240
271976	3254
271976	3288
271976	3295
271976	3301
271976	3304
271976	3310
271976	3311
271976	3325
271976	3329
271976	3345
272179	3175
272179	3196
272179	3200
272179	3220
272179	3222
272179	3231
272179	3232
272179	3260
272179	3262
272179	3266
272179	3269
272179	3278
272179	3281
272179	3282
272179	3291
272179	3314
272179	3325
272179	3332
272805	3175
273258	3235
273258	3274
273258	3313
273258	3347
273691	3140
273691	3174
273691	3190
273691	3216
273691	3221
273691	3222
273691	3230
273691	3235
273691	3245
273691	3251
273691	3262
273691	3266
273691	3274
273691	3333
274161	3208
274161	3219
274161	3290
274161	3294
274161	3369
275246	3164
275246	3179
275246	3180
275246	3190
275246	3197
275246	3209
275246	3229
275246	3235
275246	3257
276034	3163
276034	3214
276034	3219
276034	3254
276034	3272
276034	3276
276034	3311
276034	3312
276034	3318
276034	3338
276034	3345
276034	3349
276034	3360
276034	3361
276034	3369
276034	3394
276034	3441
277439	3179
277439	3251
277439	3272
278559	3145
278559	3148
278559	3160
278559	3172
278559	3197
278559	3212
281734	3135
281734	3139
281734	3140
281734	3142
281734	3143
281734	3145
281734	3152
281734	3159
281734	3160
281734	3161
281734	3164
281734	3165
281734	3171
281734	3180
281734	3182
281734	3183
281734	3184
281734	3186
281734	3187
281734	3192
281734	3193
281734	3195
281734	3197
281734	3202
281734	3205
281734	3206
281734	3207
281734	3208
281734	3218
281734	3222
281734	3228
281734	3229
281734	3239
281734	3242
281734	3257
281734	3263
281734	3265
281734	3268
281734	3271
281734	3272
281734	3273
281734	3275
281734	3277
281734	3280
281734	3282
281734	3283
281734	3284
281734	3290
281734	3292
281734	3297
281734	3298
281734	3310
281734	3322
282486	3140
282486	3174
282486	3216
282486	3230
282486	3251
282486	3274
282486	3315
284565	3190
284565	3233
284565	3244
284565	3266
284565	3281
284565	3311
284565	3345
284565	3347
284565	3370
284565	3403
290703	3140
290703	3224
290703	3232
290703	3272
290703	3277
290703	3354
290977	3175
290977	3190
290977	3205
290977	3216
290977	3229
290977	3234
290977	3240
290977	3251
290977	3266
290977	3272
290977	3298
290977	3312
290977	3315
290977	3321
290977	3335
290977	3352
290977	3361
290977	3373
290977	3385
290977	3403
290977	3414
290977	3421
290977	3428
290977	3465
292663	3140
292663	3159
292663	3161
292663	3163
292663	3171
292663	3174
292663	3175
292663	3183
292663	3184
292663	3190
292663	3191
292663	3195
292663	3199
292663	3205
292663	3206
292663	3207
292663	3208
292663	3210
292663	3215
292663	3220
292663	3221
292663	3224
292663	3227
292663	3233
292663	3234
292663	3249
292663	3251
292663	3253
292663	3262
292663	3266
292663	3268
292663	3269
292663	3270
292663	3271
292663	3279
292663	3282
292663	3294
292663	3295
292663	3305
292663	3328
292663	3329
292663	3345
292663	3355
292663	3402
294461	3266
294461	3288
294461	3311
294461	3347
294461	3358
294461	3360
294461	3391
294461	3393
294461	3403
294461	3428
294461	3434
294461	3465
296242	3140
296242	3190
296242	3223
296242	3266
296244	3180
296244	3190
296244	3224
296244	3236
296244	3242
296244	3266
296244	3272
296244	3315
296244	3319
296244	3322
296244	3347
297061	3140
297061	3214
297061	3224
297061	3234
297061	3241
297061	3260
297061	3270
297061	3285
297061	3288
297061	3317
297061	3510
297623	3191
297623	3313
298825	3183
298825	3251
298825	3311
298825	3403
299210	3140
299210	3209
299210	3217
299210	3241
299210	3266
299210	3294
299210	3311
299210	3386
299210	3403
299884	3164
299884	3234
299884	3276
299884	3288
299884	3292
299884	3311
299884	3313
299884	3318
299884	3336
299884	3345
299884	3451
300562	3146
300562	3147
300562	3148
300562	3150
300562	3151
300562	3153
300562	3155
300562	3156
300562	3157
300562	3159
300562	3163
300562	3172
300562	3173
300562	3181
300562	3182
300562	3186
300562	3192
300562	3198
300562	3200
300562	3204
300562	3205
300562	3206
300562	3207
300562	3212
300562	3215
300562	3217
300562	3219
300562	3224
300562	3229
300562	3231
300562	3232
300562	3234
300562	3237
300562	3238
300562	3242
300562	3244
300562	3246
300562	3248
300562	3250
300562	3253
300562	3255
300562	3265
300562	3266
300562	3281
301487	3140
301487	3161
301487	3174
301487	3190
301487	3199
301487	3214
301487	3229
301487	3230
301487	3243
301487	3260
301487	3261
301487	3266
301487	3269
301487	3301
301487	3306
301487	3311
301487	3322
301487	3327
301487	3330
301487	3344
301487	3345
301487	3347
301487	3354
301487	3375
301487	3376
301487	3386
301487	3403
301487	3463
302110	3133
302110	3135
302110	3137
302110	3140
302110	3141
302110	3144
302110	3145
302110	3148
302110	3151
302110	3153
302110	3155
302110	3159
302110	3161
302110	3162
302110	3163
302110	3165
302110	3166
302110	3170
302110	3171
302110	3173
302110	3174
302110	3177
302110	3182
302110	3184
302110	3186
302110	3187
302110	3190
302110	3191
302110	3192
302110	3195
302110	3199
302110	3205
302110	3206
302110	3207
302110	3208
302110	3210
302110	3212
302110	3214
302110	3216
302110	3219
302110	3222
302110	3223
302110	3224
302110	3227
302110	3228
302110	3229
302110	3231
302110	3232
302110	3234
302110	3237
302110	3238
302110	3239
302110	3240
302110	3242
302110	3244
302110	3246
302110	3248
302110	3250
302110	3251
302110	3253
302110	3254
302110	3259
302110	3262
302110	3275
302110	3284
302110	3296
302110	3306
302110	3403
302110	3432
302488	3143
302488	3146
302488	3148
302488	3149
302488	3154
302488	3208
302488	3212
302488	3220
302488	3226
302488	3228
302488	3232
302488	3248
302488	3255
302488	3289
302488	3290
302488	3294
302488	3310
302488	3379
302645	3159
302645	3161
302645	3187
302645	3190
302645	3204
302645	3207
302645	3229
302645	3242
302645	3269
302645	3281
302645	3295
302645	3296
302645	3311
302645	3312
302645	3324
302645	3330
302645	3403
303269	3140
303269	3145
303269	3159
303269	3163
303269	3164
303269	3174
303269	3179
303269	3180
303269	3188
303269	3190
303269	3195
303269	3205
303269	3207
303269	3214
303269	3215
303269	3216
303269	3219
303269	3227
303269	3228
303269	3230
303269	3231
303269	3233
303269	3234
303269	3241
303269	3244
303269	3251
303269	3254
303269	3255
303269	3266
303269	3279
303269	3284
303269	3289
303269	3297
303269	3311
303269	3312
303269	3320
303269	3325
303269	3333
303269	3337
303269	3345
303269	3347
303269	3362
303269	3369
303269	3377
303269	3379
303269	3431
305182	3143
305182	3146
305182	3166
305182	3192
305182	3212
305182	3218
305182	3229
305182	3237
305182	3254
305182	3259
305182	3266
305182	3272
305182	3277
305182	3280
305182	3312
305182	3368
305182	3391
305182	3408
306282	3175
306282	3179
306282	3188
306282	3190
306282	3196
306282	3200
306282	3216
306282	3219
306282	3223
306282	3228
306282	3230
306282	3232
306282	3233
306282	3234
306282	3240
306282	3241
306282	3242
306282	3243
306282	3247
306282	3248
306282	3249
306282	3254
306282	3259
306282	3260
306282	3261
306282	3266
306282	3269
306282	3272
306282	3273
306282	3275
306282	3278
306282	3284
306282	3288
306282	3289
306282	3293
306282	3294
306282	3303
306282	3306
306282	3307
306282	3308
306282	3309
306282	3310
306282	3311
306282	3315
306282	3316
306282	3318
306282	3319
306282	3320
306282	3321
306282	3322
306282	3323
306282	3324
306282	3325
306282	3327
306282	3330
306282	3331
306282	3332
306282	3333
306282	3335
306282	3339
306282	3345
306282	3347
306282	3361
306282	3362
306282	3363
306282	3370
306282	3371
306282	3375
306282	3379
306282	3382
306282	3386
306282	3393
306282	3398
306282	3399
306282	3403
306282	3412
306282	3414
306282	3421
306282	3425
306282	3445
306282	3451
306282	3510
306688	3175
306688	3179
306688	3180
306688	3191
306688	3209
306688	3216
306688	3217
306688	3224
306688	3230
306688	3234
306688	3235
306688	3254
306688	3277
306688	3288
306688	3294
306688	3295
306688	3311
306688	3317
306688	3344
306688	3345
306688	3369
306688	3373
306688	3386
306688	3403
307201	3164
307201	3165
307201	3166
307201	3169
307201	3172
307201	3175
307201	3177
307201	3181
307201	3182
307201	3184
307201	3186
307201	3187
307201	3189
307201	3191
307201	3198
307201	3199
307201	3200
307201	3201
307201	3206
307201	3207
307201	3208
307201	3212
307201	3213
307201	3214
307201	3215
307201	3217
307201	3218
307201	3223
307201	3224
307201	3228
307201	3229
307201	3231
307201	3234
307201	3236
307201	3237
307201	3238
307201	3242
307201	3244
307201	3245
307201	3246
307201	3248
307201	3250
307201	3251
307201	3252
307201	3263
307201	3266
307201	3272
307201	3273
307201	3275
307201	3277
307201	3279
307201	3280
307201	3281
307201	3283
307201	3284
307201	3287
307201	3293
307201	3298
307201	3299
307201	3301
307201	3302
307201	3305
307201	3306
307201	3311
307201	3312
307706	3140
307706	3200
307706	3202
307706	3232
307706	3251
307706	3278
307706	3311
307706	3403
308453	3159
308453	3160
308453	3161
308453	3162
308453	3163
308453	3164
308453	3166
308453	3169
308453	3174
308453	3175
308453	3181
308453	3183
308453	3184
308453	3185
308453	3187
308453	3189
308453	3191
308453	3195
308453	3196
308453	3204
308453	3231
308453	3244
308453	3255
308453	3259
308453	3263
308453	3273
308453	3275
308453	3277
308453	3278
308453	3279
308453	3280
308453	3282
308453	3283
308453	3287
308453	3290
308453	3292
308453	3298
308453	3299
308453	3301
308453	3302
308453	3306
308834	3138
308834	3139
308834	3141
308834	3142
308834	3143
308834	3144
308834	3145
308834	3146
308834	3147
308834	3148
308834	3150
308834	3151
308834	3153
308834	3155
308834	3157
308834	3158
308834	3159
308834	3160
308834	3161
308834	3162
308834	3163
308834	3164
308834	3165
308834	3166
308834	3168
308834	3171
308834	3172
308834	3177
308834	3184
308834	3191
308834	3192
308834	3193
308834	3195
308834	3197
308834	3199
308834	3207
308834	3209
308834	3222
308834	3228
308834	3229
308834	3234
308834	3236
308834	3246
308834	3247
308834	3250
308834	3252
308834	3257
308834	3265
308834	3268
308834	3271
308834	3275
308834	3277
308834	3396
309162	3219
309162	3237
309162	3276
309162	3280
309162	3284
309162	3294
309162	3295
309162	3296
309162	3311
309162	3326
309162	3327
309162	3335
309162	3344
309162	3345
309162	3347
309162	3361
309162	3369
309162	3383
309162	3389
309162	3435
309162	3438
309926	3240
309926	3242
309926	3254
309926	3288
309926	3311
309926	3315
309926	3332
309926	3344
309926	3345
309926	3346
309926	3347
309926	3386
310354	3138
310354	3139
310354	3140
310354	3141
310354	3155
310354	3159
310354	3161
310354	3163
310354	3164
310354	3171
310354	3172
310354	3174
310354	3180
310354	3182
310354	3183
310354	3184
310354	3186
310354	3187
310354	3191
310354	3192
310354	3195
310354	3197
310354	3199
310354	3200
310354	3201
310354	3202
310354	3204
310354	3206
310354	3207
310354	3208
310354	3209
310354	3210
310354	3211
310354	3212
310354	3213
310354	3214
310354	3217
310354	3218
310354	3219
310354	3220
310354	3222
310354	3223
310354	3224
310354	3227
310354	3228
310354	3229
310354	3230
310354	3231
310354	3232
310354	3233
310354	3234
310354	3235
310354	3237
310354	3238
310354	3240
310354	3241
310354	3242
310354	3244
310354	3245
310354	3246
310354	3247
310354	3248
310354	3249
310354	3251
310354	3253
310354	3254
310354	3255
310354	3257
310354	3258
310354	3259
310354	3262
310354	3263
310354	3264
310354	3265
310354	3266
310354	3267
310354	3268
310354	3269
310354	3270
310354	3271
310354	3272
310354	3273
310354	3275
310354	3277
310354	3278
310354	3279
310354	3280
310354	3281
310354	3282
310354	3283
310354	3284
310354	3285
310354	3287
310354	3288
310354	3290
310354	3293
310354	3294
310354	3295
310354	3296
310354	3297
310354	3299
310354	3306
310354	3308
310354	3309
310354	3310
310354	3312
310354	3313
310354	3314
310354	3315
310354	3316
310354	3317
310354	3319
310354	3324
310354	3325
310354	3328
310354	3329
310354	3332
310354	3333
310354	3336
310354	3337
310354	3342
310354	3355
310354	3372
310354	3377
310354	3379
310354	3425
310354	3431
310354	3510
310461	3159
310461	3174
310461	3207
310461	3208
310461	3215
310461	3221
310461	3234
310461	3251
310461	3266
310461	3309
310461	3333
310461	3345
310461	3347
310461	3369
310499	3175
310499	3199
310499	3212
310499	3216
310499	3230
310499	3261
310499	3266
310499	3282
310499	3288
310499	3293
310499	3309
310499	3326
310499	3329
310499	3333
310499	3369
310499	3415
312108	3190
312108	3261
312108	3272
312108	3278
312108	3289
312108	3312
312108	3319
312108	3324
312108	3336
312108	3347
312108	3369
312108	3370
312108	3394
312108	3404
312108	3414
312108	3467
312497	3159
312497	3163
312497	3165
312497	3168
312497	3169
312497	3170
312497	3171
312497	3173
312497	3174
312497	3175
312497	3177
312497	3183
312497	3184
312497	3185
312497	3189
312497	3190
312497	3191
312497	3192
312497	3198
312497	3199
312497	3205
312497	3208
312497	3209
312497	3212
312497	3214
312497	3216
312497	3217
312497	3218
312497	3219
312497	3222
312497	3223
312497	3229
312497	3231
312497	3234
312497	3236
312497	3237
312497	3239
312497	3241
312497	3244
312497	3245
312497	3246
312497	3247
312497	3248
312497	3249
312497	3250
312497	3253
312497	3255
312497	3257
312497	3263
312497	3266
312497	3269
312497	3270
312497	3271
312497	3279
312497	3280
312497	3281
312497	3282
312497	3284
312497	3286
312497	3295
312497	3310
312497	3311
312497	3313
312497	3337
312497	3345
313893	3230
313893	3273
313893	3284
313893	3292
313893	3313
313893	3320
313893	3325
313893	3389
313893	3403
313893	3412
314302	3190
314302	3196
314302	3260
314302	3266
314302	3274
314302	3347
315749	3140
315749	3147
315749	3174
315749	3175
315749	3196
315749	3234
315749	3251
315749	3310
315749	3311
315749	3355
315749	3391
316528	3260
316528	3289
316528	3293
316528	3298
316528	3305
316528	3319
316528	3415
316528	3421
318503	3179
318503	3184
318503	3190
318503	3196
318503	3199
318503	3202
318503	3212
318503	3214
318503	3217
318503	3224
318503	3231
318503	3232
318503	3233
318503	3234
318503	3237
318503	3238
318503	3240
318503	3241
318503	3242
318503	3243
318503	3244
318503	3249
318503	3251
318503	3259
318503	3260
318503	3261
318503	3262
318503	3263
318503	3265
318503	3266
318503	3268
318503	3271
318503	3272
318503	3273
318503	3275
318503	3276
318503	3280
318503	3281
318503	3282
318503	3284
318503	3285
318503	3287
318503	3288
318503	3290
318503	3291
318503	3292
318503	3293
318503	3294
318503	3295
318503	3296
318503	3298
318503	3301
318503	3303
318503	3304
318503	3305
318503	3308
318503	3311
318503	3314
318503	3316
318503	3325
318503	3327
318503	3328
318503	3329
318503	3332
318503	3337
318503	3339
318503	3341
318503	3345
318503	3351
318503	3355
318503	3363
318503	3370
318503	3372
318503	3377
318503	3379
318503	3386
318503	3402
318503	3404
318503	3421
318503	3425
318503	3431
318503	3445
318503	3510
318518	3311
318518	3345
318518	3347
318518	3354
318518	3358
318518	3366
318518	3369
318518	3381
318518	3389
318518	3391
318518	3428
318518	3439
318993	3178
318993	3179
318993	3190
318993	3196
318993	3200
318993	3204
318993	3214
318993	3231
318993	3232
318993	3241
318993	3244
318993	3251
318993	3255
318993	3259
318993	3260
318993	3261
318993	3262
318993	3266
318993	3269
318993	3272
318993	3278
318993	3280
318993	3281
318993	3283
318993	3284
318993	3289
318993	3290
318993	3291
318993	3294
318993	3295
318993	3296
318993	3302
318993	3306
318993	3307
318993	3311
318993	3319
318993	3321
318993	3328
318993	3332
318993	3335
318993	3341
318993	3344
318993	3345
318993	3346
318993	3347
318993	3351
318993	3352
318993	3355
318993	3359
318993	3362
318993	3363
318993	3369
318993	3382
318993	3386
318993	3389
318993	3393
318993	3399
318993	3403
318993	3404
318993	3412
318993	3414
318993	3425
318993	3440
318993	3445
319194	3266
319194	3272
319194	3311
319194	3386
319194	3403
319194	3463
320537	3176
320537	3183
320537	3184
320537	3185
320537	3186
320537	3190
320537	3193
320537	3195
320537	3196
320537	3202
320537	3204
320537	3205
320537	3207
320537	3208
320537	3212
320537	3213
320537	3214
320537	3219
320537	3222
320537	3223
320537	3224
320537	3228
320537	3229
320537	3230
320537	3231
320537	3232
320537	3234
320537	3235
320537	3237
320537	3238
320537	3240
320537	3241
320537	3242
320537	3244
320537	3245
320537	3248
320537	3250
320537	3251
320537	3252
320537	3254
320537	3258
320537	3270
320537	3272
320537	3277
320537	3278
320537	3279
320537	3280
320537	3282
320537	3283
320537	3326
321036	3214
321036	3232
321036	3271
321036	3284
321036	3296
321036	3311
321036	3345
321036	3403
321235	3190
321235	3205
321235	3216
321235	3221
321235	3224
321235	3230
321235	3233
321235	3237
321235	3266
321235	3288
321235	3315
321235	3329
321235	3347
321235	3352
321235	3369
321235	3431
321346	3197
321346	3236
321346	3280
321348	3224
321348	3284
321348	3311
321348	3345
321491	3175
321491	3216
321491	3221
321491	3225
321491	3345
322216	3142
322216	3143
322216	3146
322216	3162
322216	3165
322216	3166
322216	3168
322216	3169
322216	3170
322216	3171
322216	3177
322216	3179
322216	3181
322216	3186
322216	3187
322216	3189
322216	3192
322216	3193
322216	3195
322216	3212
322216	3243
322216	3249
322216	3258
322216	3294
322216	3296
322216	3306
322465	3171
322465	3172
322465	3174
322465	3186
322465	3191
322465	3192
322465	3193
322465	3195
322465	3201
322465	3205
322465	3206
322465	3217
322465	3222
322465	3227
322465	3228
322465	3328
322465	3345
322531	3140
322531	3145
322531	3148
322531	3149
322531	3153
322531	3155
322531	3156
322531	3157
322531	3159
322531	3163
322531	3174
322531	3177
322531	3179
322531	3200
322531	3202
322531	3205
322531	3207
322531	3210
322531	3214
322531	3216
322531	3220
322531	3221
322531	3223
322531	3224
322531	3225
322531	3226
322531	3230
322531	3245
322531	3249
322531	3253
322531	3254
322531	3259
322531	3263
322531	3268
322531	3269
322531	3274
322531	3275
322531	3295
322531	3297
322531	3303
322531	3309
322531	3319
322531	3325
322531	3329
322531	3332
322531	3333
322531	3342
322531	3425
324280	3175
324280	3200
324280	3208
324280	3311
324280	3316
324280	3345
325823	3190
325823	3311
325823	3347
325823	3403
325823	3467
326002	3190
326002	3266
326002	3288
326002	3311
326768	3175
326768	3204
326768	3216
326768	3221
326768	3229
326768	3235
326768	3253
326768	3266
326768	3274
326768	3291
326768	3313
326768	3314
326768	3325
326768	3329
326768	3355
326915	3305
326915	3345
327130	3140
327130	3164
327130	3174
327130	3179
327130	3180
327130	3184
327130	3188
327130	3191
327130	3196
327130	3198
327130	3200
327130	3205
327130	3207
327130	3209
327130	3210
327130	3213
327130	3214
327130	3218
327130	3219
327130	3220
327130	3224
327130	3228
327130	3230
327130	3234
327130	3235
327130	3240
327130	3243
327130	3244
327130	3249
327130	3250
327130	3254
327130	3255
327130	3260
327130	3262
327130	3265
327130	3266
327130	3269
327130	3270
327130	3272
327130	3277
327130	3280
327130	3281
327130	3284
327130	3285
327130	3288
327130	3289
327130	3290
327130	3294
327130	3295
327130	3297
327130	3303
327130	3304
327130	3310
327130	3311
327130	3312
327130	3313
327130	3314
327130	3316
327130	3317
327130	3319
327130	3325
327130	3327
327130	3328
327130	3332
327130	3337
327130	3370
327130	3372
327130	3377
327130	3379
327130	3386
327130	3392
327130	3402
327130	3415
327130	3425
327130	3445
327999	3205
327999	3266
329126	3296
329126	3344
330387	3175
330387	3199
330387	3260
330387	3261
330387	3282
330387	3309
330387	3319
330387	3347
330387	3398
330407	3140
330407	3159
330407	3174
330407	3191
330407	3199
330407	3217
330407	3222
330407	3228
330407	3234
330407	3236
330407	3237
330407	3240
330407	3242
330407	3254
330407	3266
330407	3290
330407	3294
330407	3295
330407	3296
330407	3310
330407	3311
330407	3339
330407	3370
330407	3386
330407	3403
332101	3280
332101	3317
332101	3345
332204	3338
332204	3341
332204	3351
332204	3403
332346	3170
332346	3171
332346	3174
332346	3177
332346	3182
332346	3192
332346	3207
332346	3208
332346	3210
332346	3212
332346	3214
332346	3217
332346	3218
332346	3220
332346	3222
332346	3223
332346	3228
332346	3229
332346	3230
332346	3231
332346	3232
332346	3234
332346	3237
332346	3238
332346	3239
332346	3240
332346	3241
332346	3245
332346	3246
332346	3247
332346	3248
332346	3253
332346	3257
332346	3259
332346	3270
332346	3271
332346	3272
332346	3275
332346	3277
332346	3279
332346	3283
332346	3290
332346	3291
332346	3296
332346	3297
332346	3308
332346	3312
332346	3317
332346	3325
332346	3327
332346	3328
332346	3337
332346	3383
332346	3423
334571	3175
334571	3216
334571	3245
334571	3248
334571	3261
334571	3415
334705	3190
334705	3219
334705	3230
334705	3234
334705	3284
334705	3291
334705	3325
334705	3328
334998	3175
334998	3269
334998	3295
334998	3328
334998	3358
334998	3360
334998	3436
334998	3462
