1750	1924
1750	1934
1750	1943
1750	1944
1750	1958
1750	1993
1750	1996
1750	2042
1750	2065
1750	2067
1750	2077
1750	2175
1791	1932
1791	1968
1791	1976
1791	1987
1791	2013
1791	2020
1791	2022
1791	2034
1791	2037
1791	2045
1791	2052
1791	2127
2068	1937
2068	1947
2068	1968
2068	1985
2068	1998
2068	2012
2068	2023
2068	2024
2068	2033
2068	2041
2068	2050
2068	2062
2068	2066
2068	2077
2068	2079
2068	2080
2068	2096
2068	2128
2068	2175
3306	1957
3306	1993
3306	2000
3306	2004
3306	2030
3306	2035
3306	2038
3306	2050
3306	2063
3306	2070
3306	2079
3306	2080
3306	2093
3306	2096
3306	2109
3306	2144
3306	2175
3651	1870
3651	1874
3651	1943
3651	1944
3651	1978
3651	1995
3651	2000
3651	2005
3651	2013
3651	2025
3651	2033
3651	2042
3651	2044
3651	2048
3651	2050
3651	2061
3651	2063
3651	2064
3651	2078
3651	2079
3651	2098
3651	2100
3651	2128
3651	2169
3892	1900
3892	1924
3892	1949
3892	1953
3892	1956
3892	1960
3892	1970
3892	1976
3892	1981
3892	2023
3892	2025
3892	2037
3892	2050
3892	2063
3892	2076
3892	2086
3892	2088
3892	2109
3892	2112
4805	1936
4805	1943
4805	1947
4805	1978
4805	1996
4805	2000
4805	2030
4805	2048
4805	2063
4805	2079
4805	2137
4966	2023
4966	2038
4966	2074
4966	2080
4966	2083
4966	2109
4966	2163
6237	1993
6237	2049
6237	2050
6237	2080
6237	2109
6648	1943
6648	1996
6648	1997
6648	2004
6648	2035
6690	1895
6690	1933
6690	1937
6690	1953
6690	1970
6690	1978
6690	1980
6690	1993
6690	1998
6690	2000
6690	2014
6690	2023
6690	2025
6690	2030
6690	2031
6690	2065
6690	2088
6690	2102
6690	2116
6690	2127
6935	2042
6935	2049
6935	2050
6935	2080
7146	1991
7146	2030
7146	2049
7146	2050
7146	2074
7146	2098
7146	2137
7146	2144
7146	2164
7490	2030
7784	1897
7784	1905
7784	1906
7784	1909
7784	1914
7784	1916
7784	1919
7784	1921
7784	1923
7784	1924
7784	1925
7784	1928
7784	1933
7784	1934
7784	1936
7784	1937
7784	1944
7784	1954
7784	1955
7784	1956
7784	1957
7784	1959
7808	1897
7808	1925
7808	1928
7808	1933
7808	1934
7808	1937
7808	1943
7808	1944
7808	1949
7808	1950
7808	1960
7808	1962
7808	1963
7808	1975
7808	1980
7808	1982
7808	1988
7808	1993
7808	1997
7808	2001
7808	2005
7808	2006
7808	2012
7808	2018
7808	2019
7808	2020
7808	2022
7808	2023
7808	2025
7808	2028
7808	2036
7808	2037
7808	2040
7808	2050
7808	2056
7808	2059
7808	2061
7808	2062
7808	2065
7808	2067
7808	2070
7808	2074
7808	2077
7808	2081
7808	2102
7808	2118
7808	2144
7886	1980
7886	1993
7886	1995
7886	2000
7886	2012
7886	2032
7886	2033
7886	2044
7886	2049
7886	2050
7886	2055
7886	2056
7886	2059
7886	2061
7886	2063
7886	2071
7886	2074
7886	2078
7886	2080
7886	2083
7886	2088
7886	2090
7886	2093
7886	2100
7886	2106
7886	2109
7886	2112
7886	2120
7886	2155
9386	1864
9386	1865
9386	1868
9386	1869
9386	1873
9386	1875
9386	1879
9386	1880
9386	1884
9386	1885
9386	1886
9386	1888
9386	1893
9386	1894
9386	1897
9386	1898
9386	1901
9386	1902
9386	1904
9386	1907
9386	1909
9386	1910
9386	1911
9386	1916
9386	1919
9386	1921
9386	1922
9386	1927
9386	1931
9386	1932
9386	1936
9386	1937
9386	1940
9386	1944
9386	1946
9386	1949
9386	1950
9386	1952
9386	1954
9386	1955
9386	1956
9386	1957
9386	1959
9386	1964
9386	1966
9386	1967
9386	1968
9386	1971
9386	1973
9386	1974
9386	1977
9386	1981
9386	1986
9386	1987
9386	1988
9386	1992
9386	1993
9386	1995
9386	1996
9386	1998
9386	2000
9386	2005
9386	2008
9386	2014
9386	2015
9919	1926
9919	1943
9919	1962
9919	1963
9919	1993
9919	2006
9919	2036
9919	2068
10031	1879
10031	1913
10031	1942
10031	1947
10031	1988
10031	2005
10031	2035
10031	2046
10031	2050
10031	2078
10031	2083
10031	2119
10031	2120
10031	2137
10223	1865
10223	1878
10223	1880
10223	1883
10223	1886
10223	1887
10223	1888
10223	1892
10223	1894
10223	1895
10223	1897
10223	1903
10223	1907
10223	1913
10223	1918
10223	1919
10223	1921
10223	1922
10223	1923
10223	1924
10223	1926
10223	1931
10223	1934
10223	1937
10223	1938
10223	1940
10223	1944
10223	1946
10223	1949
10223	1953
10223	1962
10223	1968
10223	1972
10223	1973
10223	1976
10223	1977
10223	1979
10223	1980
10223	1981
10223	1990
10223	1991
10223	1997
10223	2008
10223	2011
10223	2016
10223	2024
10223	2029
10223	2033
10223	2036
10223	2041
10223	2215
10252	2004
10252	2025
10252	2049
10252	2050
10252	2057
10252	2074
10252	2076
10252	2080
10252	2086
10252	2088
10252	2093
10252	2131
11945	1944
11945	1947
11945	2033
11945	2059
11945	2175
12604	1980
12604	2029
12604	2079
12604	2080
12604	2084
12604	2102
12604	2144
13361	1897
13361	1900
13361	1924
13361	1942
13361	1943
13361	1944
13361	1950
13361	1954
13361	2013
13361	2021
13361	2033
13361	2040
13361	2042
13361	2054
13361	2057
13361	2109
13361	2126
15947	2005
15947	2030
15947	2043
15947	2045
15947	2063
15947	2086
15947	2098
15947	2100
15947	2106
15947	2127
15947	2167
15947	2175
16033	2077
16033	2086
16033	2109
16339	1872
16339	1895
16339	1896
16339	1911
16339	1913
16339	1917
16339	1927
16339	1928
16339	1932
16339	1937
16339	1940
16339	1942
16339	1954
16339	1956
16339	1973
16339	1982
16339	1984
16339	1987
16339	2000
16339	2009
16339	2014
16339	2018
16339	2063
16339	2242
16385	1897
16385	1949
16385	1962
16385	1963
16385	1966
16385	1970
16385	1981
16385	1985
16385	2023
16385	2049
16385	2056
16385	2066
16385	2074
16385	2077
16385	2093
16385	2109
17064	1947
17064	1954
17064	1962
17064	1965
17064	1985
17064	2016
17064	2081
17064	2098
17064	2100
17064	2112
18825	1934
18825	1957
18825	1968
18825	1985
18825	2035
18825	2086
19141	1897
19141	2050
19141	2080
19141	2081
19141	2088
19141	2109
20447	1943
20447	1966
20447	1979
20447	1980
20447	1989
20447	1993
20447	1996
20447	2015
20447	2018
20447	2025
20447	2028
20447	2042
20447	2050
20447	2059
20447	2061
20447	2062
20447	2065
20447	2066
20447	2077
20447	2088
20447	2090
20447	2100
20447	2102
20447	2105
20447	2109
20447	2118
23192	2008
23192	2050
23192	2079
23192	2080
23192	2084
23192	2096
23192	2109
23192	2127
23192	2128
23192	2144
23192	2175
24134	1937
24134	2000
24134	2005
24134	2015
24134	2018
24134	2023
24134	2024
24134	2025
24134	2029
24134	2050
24134	2061
24134	2062
24134	2065
24134	2068
24134	2076
24134	2077
24134	2078
24134	2088
24134	2090
24134	2100
24217	1947
24217	1992
24217	2079
24217	2127
24371	1913
24371	1924
24371	1934
24371	1940
24371	1942
24371	1944
24371	1947
24371	1968
24371	1978
24371	1985
24371	1986
24371	1987
24371	1988
24371	1992
24371	1993
24371	1999
24371	2000
24371	2005
24371	2008
24371	2009
24371	2018
24371	2026
24371	2028
24371	2029
24371	2030
24371	2031
24371	2035
24371	2036
24371	2038
24371	2041
24371	2042
24371	2044
24371	2045
24371	2046
24371	2047
24371	2049
24371	2050
24371	2052
24371	2053
24371	2055
24371	2058
24371	2060
24371	2061
24371	2065
24371	2074
24371	2075
24371	2078
24371	2079
24371	2080
24371	2081
24371	2082
24371	2083
24371	2088
24371	2089
24371	2090
24371	2096
24371	2097
24371	2098
24371	2100
24371	2104
24371	2109
24371	2110
24371	2112
24371	2115
24371	2117
24371	2120
24371	2122
24371	2125
24371	2127
24371	2128
24371	2137
24371	2144
24371	2155
24371	2175
26712	1890
26712	1916
26712	1934
26712	1936
26712	1940
26712	1944
26712	1948
26712	1951
26712	1964
26712	1974
26712	1999
26712	2008
26712	2014
26712	2015
26712	2026
26712	2028
26712	2032
26712	2034
26712	2035
26712	2038
26712	2043
26712	2066
27321	1900
27321	1941
27321	1988
27321	2040
27321	2057
27321	2109
27501	1965
27501	2050
27501	2078
29255	1865
29255	1866
29255	1872
29255	1897
29255	1905
29255	1906
29255	1907
29255	1910
29255	1913
29255	1916
29255	1917
29255	1921
29255	1922
29255	1923
29255	1924
29255	1925
29255	1928
29255	1934
29255	1936
29255	1937
29255	1938
29255	1942
29255	1944
29255	1946
29255	1948
29255	1949
29255	1951
29255	1953
29255	1954
29255	1956
29255	1961
29255	1968
29255	1973
29255	1977
29255	1986
29255	1991
29255	1995
29255	1996
29255	1997
29255	2005
29255	2006
29255	2015
29255	2016
29255	2017
29255	2018
29255	2034
29255	2036
29778	1970
29778	1975
29778	1993
29778	2000
29778	2005
29778	2023
29778	2042
29778	2049
29778	2050
29778	2063
29778	2065
29778	2074
29778	2079
29778	2080
29778	2083
29778	2093
29778	2109
30733	1943
30733	1963
30733	2050
30733	2096
33540	1944
33540	1963
33540	2004
34154	1943
34154	1947
34154	1957
34154	1958
34154	1986
34154	1990
34154	1993
34154	2043
34154	2049
34154	2050
34154	2061
34154	2068
34154	2077
34154	2080
34154	2081
34154	2084
34154	2105
34154	2144
34611	1960
34611	1973
34611	1982
34611	2008
34611	2014
34611	2020
34611	2032
34611	2038
34611	2052
34611	2119
35478	1877
35478	1878
35478	1913
35478	1924
35478	1925
35478	1926
35478	1933
35478	1937
35478	1938
35478	1940
35478	1941
35478	1943
35478	1944
35478	1946
35478	1949
35478	1954
35478	1957
35478	1958
35478	1959
35478	1962
35478	1963
35478	1966
35478	1968
35478	1969
35478	1970
35478	1973
35478	1974
35478	1977
35478	1979
35478	1980
35478	1982
35478	1984
35478	1986
35478	1987
35478	1989
35478	1990
35478	1991
35478	1993
35478	1995
35478	1997
35478	1998
35478	2000
35478	2006
35478	2011
35478	2016
35478	2022
35478	2024
35478	2025
35478	2029
35478	2031
35478	2032
35478	2036
35478	2042
35478	2049
35478	2051
35478	2052
35478	2053
35478	2055
35478	2056
35478	2057
35478	2059
35478	2061
35478	2078
35713	1943
35713	1970
35713	1976
35713	1980
35713	1991
35713	1993
35713	1996
35713	1998
35713	2005
35713	2028
35713	2031
35713	2088
35713	2102
35713	2118
35966	1897
35966	1922
35966	1947
35966	1957
35966	1958
35966	2050
35966	2080
35966	2084
35966	2109
36790	2050
36790	2081
36790	2083
36790	2109
36790	2120
36790	2506
37043	1942
37043	2006
37043	2109
38013	1963
38013	1984
38013	1996
38013	1999
38013	2000
38013	2001
38013	2006
38013	2008
38013	2009
38013	2012
38013	2015
38013	2017
38013	2026
38013	2032
38013	2034
38013	2035
38013	2043
38013	2044
38013	2051
38013	2059
38013	2068
38013	2078
38479	1924
38479	1929
38479	1934
38479	1938
38479	1943
38479	1947
38479	1948
38479	1957
38479	1958
38479	1960
38479	1963
38479	1966
38479	1968
38479	1970
38479	1975
38479	1976
38479	1978
38479	1979
38479	1980
38479	1985
38479	1988
38479	1989
38479	1990
38479	1991
38479	1992
38479	1993
38479	1995
38479	1996
38479	1998
38479	1999
38479	2000
38479	2004
38479	2005
38479	2006
38479	2008
38479	2012
38479	2015
38479	2018
38479	2020
38479	2022
38479	2024
38479	2028
38479	2029
38479	2030
38479	2031
38479	2032
38479	2033
38479	2035
38479	2036
38479	2038
38479	2041
38479	2042
38479	2044
38479	2045
38479	2046
38479	2047
38479	2048
38479	2050
38479	2051
38479	2052
38479	2058
38479	2059
38479	2061
38479	2062
38479	2063
38479	2068
38479	2071
38479	2075
38479	2077
38479	2078
38479	2079
38479	2084
38479	2088
38479	2090
38479	2096
38479	2098
38479	2100
38479	2106
38479	2110
38479	2112
38479	2116
38479	2118
38479	2127
38479	2175
39142	1970
39142	1980
39142	2018
39142	2049
39142	2050
39142	2070
39142	2077
39142	2080
39142	2082
39142	2083
39142	2084
39142	2093
39142	2105
39142	2109
39142	2111
39142	2131
39275	1989
39275	2000
39275	2060
39275	2127
39275	2155
40242	1870
40242	1873
40242	1874
40242	1888
40242	1905
40242	1942
40242	1967
40242	2014
40556	2000
40556	2028
40556	2042
40556	2049
40556	2050
40556	2065
40556	2074
40556	2081
40556	2109
40556	2155
40963	1947
40963	1956
40963	1968
40963	1993
40963	2005
40963	2023
40963	2035
40963	2052
40963	2063
43096	1943
43096	1953
43096	1956
43096	1960
43096	2050
43096	2076
43362	1924
43362	1941
43362	1954
43362	1977
43362	1979
43362	1980
43362	1981
43362	1982
43362	1983
43362	1984
43362	1986
43362	1987
43362	1988
43362	1989
43362	1991
43362	1993
43362	1995
43362	1996
43362	1997
43362	1999
43362	2001
43362	2004
43362	2005
43362	2006
43362	2008
43362	2011
43362	2015
43362	2016
43362	2017
43362	2019
43362	2023
43362	2024
43362	2025
43362	2026
43362	2028
43362	2029
43362	2030
43362	2031
43362	2032
43362	2033
43362	2034
43362	2036
43362	2037
43362	2038
43362	2040
43362	2041
43362	2042
43362	2043
43362	2049
43362	2050
43362	2051
43362	2052
43362	2056
43362	2059
43362	2060
43362	2062
43362	2064
43362	2079
48570	1942
48570	2083
49279	1934
49279	1938
49279	1942
49279	1947
49279	1948
49279	1965
49279	1987
49279	1993
49279	1998
49279	2005
49279	2045
49279	2046
49279	2050
49279	2052
49279	2127
49508	1992
49508	1993
49508	2004
49508	2035
49508	2063
49508	2079
49508	2106
49508	2109
49508	2175
49763	1934
49763	1942
49763	1944
49763	1958
49763	1996
49763	2006
49763	2008
49763	2019
49763	2109
49763	2160
49763	2170
49763	2192
49763	2276
49939	1865
49939	1866
49939	1867
49939	1868
49939	1873
49939	1875
49939	1876
49939	1879
49939	1883
49939	1886
49939	1887
49939	1888
49939	1892
49939	1893
49939	1897
49939	1903
49939	1907
49939	1916
49939	1919
49939	1921
49939	1926
49939	1934
49939	1936
49939	1937
49939	1944
49939	1946
49939	1950
49939	1954
49939	1957
49939	1958
49939	1962
49939	1964
49939	1967
49939	1968
49939	1969
49939	1974
49939	1980
49939	1981
49939	1984
49939	1985
49939	1986
49939	1988
49939	1990
49939	1993
49939	1997
49939	2001
49939	2005
49939	2015
49939	2016
50354	1903
50354	1907
50354	1913
50354	1918
50354	1919
50354	1921
50354	1924
50354	1926
50354	1932
50354	1934
50354	1937
50354	1938
50354	1940
50354	1941
50354	1943
50354	1944
50354	1946
50354	1949
50354	1951
50354	1952
50354	1953
50354	1954
50354	1956
50354	1957
50354	1967
50354	1968
50354	1972
50354	1973
50354	1974
50354	1977
50354	1979
50354	1981
50354	1982
50354	1986
50354	1993
50354	1995
50354	1996
50354	1997
50354	2001
50354	2006
50354	2011
50354	2017
50354	2018
50354	2024
50354	2031
50354	2032
50354	2033
50354	2034
50354	2035
50354	2037
50354	2038
50354	2042
50354	2310
50714	2031
51394	1943
51394	1993
51394	1996
51394	2042
51394	2049
51394	2050
51394	2063
51394	2077
51394	2080
51394	2081
51394	2083
51394	2086
51394	2096
51394	2103
51394	2105
51394	2107
51394	2108
51394	2109
51394	2120
51394	2144
51394	2155
51394	2164
51408	1943
51408	2049
51408	2065
51408	2081
51408	2109
51566	1926
51566	1943
51566	1948
51566	1953
51566	1956
51566	1957
51566	1960
51566	1962
51566	1963
51566	1965
51566	1970
51566	1980
51566	1981
51566	1993
51566	1995
51566	2001
51566	2004
51566	2005
51566	2012
51566	2013
51566	2021
51566	2023
51566	2025
51566	2028
51566	2030
51566	2034
51566	2035
51566	2036
51566	2038
51566	2039
51566	2041
51566	2044
51566	2045
51566	2046
51566	2047
51566	2048
51566	2049
51566	2050
51566	2061
51566	2063
51566	2065
51566	2068
51566	2070
51566	2076
51566	2077
51566	2078
51566	2079
51566	2080
51566	2084
51566	2086
51566	2088
51566	2090
51566	2093
51566	2095
51566	2098
51566	2100
51566	2102
51566	2105
51566	2109
51566	2110
51581	1913
51581	1926
51581	1927
51581	1934
51581	1942
51581	1943
51581	1949
51581	1966
51581	1978
51581	1980
51581	1985
51581	1987
51581	1991
51581	1992
51581	1993
51581	1996
51581	1998
51581	2000
51581	2001
51581	2005
51581	2019
51581	2023
51581	2032
51581	2038
51581	2045
51581	2047
51581	2050
51581	2052
51581	2055
51581	2057
51581	2063
51581	2067
51581	2074
51581	2077
51581	2079
51581	2080
51581	2081
51581	2082
51581	2083
51581	2088
51581	2096
51581	2097
51581	2101
51581	2102
51581	2105
51581	2106
51581	2108
51581	2109
51581	2118
51581	2119
51581	2122
51581	2140
51581	2144
51581	2155
51581	2161
51581	2163
51581	2168
51581	2175
51581	2192
51581	2194
51581	2226
51581	2233
51581	2337
51581	2516
51581	2522
51581	2528
54970	1905
54970	1948
54970	1953
54970	1957
54970	1963
54970	1965
54970	1970
54970	1980
54970	1999
54970	2001
54970	2004
54970	2012
54970	2023
54970	2034
54970	2041
54970	2046
54970	2050
54970	2063
54970	2086
54970	2090
54970	2100
54970	2102
55063	1929
55063	1933
55063	1948
55063	1957
55063	1960
55063	1966
55063	1976
55063	1978
55063	1984
55063	1985
55063	1991
55063	1993
55063	1995
55063	1996
55063	1998
55063	2005
55063	2008
55063	2018
55063	2019
55063	2032
55063	2034
55063	2038
55063	2043
55063	2044
55063	2048
55063	2051
55063	2061
55063	2063
55063	2064
55063	2175
55401	2005
55401	2007
55401	2023
55401	2076
55401	2079
55634	1897
55634	1943
55634	1993
55634	2004
55634	2018
55634	2025
55634	2050
55634	2065
55828	1897
55828	1943
55828	1980
55828	1993
55828	2000
55828	2042
55828	2050
55828	2061
56783	1943
56783	1992
56783	1993
56783	2049
56783	2050
56783	2080
56783	2109
57311	1866
57311	1872
57311	1878
57311	1883
57311	1884
57311	1886
57311	1887
57311	1892
57311	1893
57311	1897
57311	1904
57311	1907
57311	1918
57311	1919
57311	1921
57311	1926
57311	1931
57311	1932
57311	1937
57311	1938
57311	1943
57311	1944
57311	1946
57311	1948
57311	1949
57311	1951
57311	1952
57311	1953
57311	1954
57311	1955
57311	1956
57311	1957
57311	1958
57311	1961
57311	1964
57311	1970
57311	1976
57311	1979
57311	1980
57311	1982
57311	1983
57311	1986
57311	1988
57311	1990
57311	1991
57311	1993
57311	1996
57311	1999
57311	2001
57311	2002
57311	2005
57311	2006
57311	2011
57311	2095
58236	1929
58236	1979
58236	1993
58236	2005
58236	2006
58236	2068
58236	2093
58236	2098
59154	1943
59154	2049
59154	2050
59154	2080
59154	2109
59154	2120
59266	1900
59266	1937
59266	1957
59266	2005
59266	2049
59266	2050
59266	2074
59266	2083
59266	2109
59266	2137
59323	1937
59323	1957
59323	2036
59323	2088
59733	1897
59733	1934
59733	1940
59733	1957
59733	1960
59733	1985
59733	1996
59733	2000
59733	2004
59733	2005
59733	2018
59733	2023
59733	2050
59733	2062
59733	2063
59733	2077
59733	2078
59733	2086
59733	2098
59733	2118
60244	2050
60244	2074
60244	2080
60244	2081
60244	2083
60244	2084
60244	2103
60244	2109
60244	2120
60244	2148
60244	2155
60597	1943
60597	1985
60597	2028
60597	2045
60597	2050
60597	2062
60597	2066
60597	2074
60597	2080
60597	2088
60986	1933
60986	1937
60986	2014
60986	2018
60986	2027
60986	2029
60986	2050
60986	2061
60986	2065
60986	2077
60986	2079
60986	2086
60986	2090
60986	2110
61760	1897
61760	1942
61760	2046
61892	1943
61892	1944
61892	1948
61892	1953
61892	2008
61892	2056
61892	2078
62161	2030
62161	2079
62161	2144
62341	1981
62341	1989
62341	1993
62341	1996
62341	1997
62341	1999
62341	2001
62341	2004
62341	2018
62341	2019
62341	2029
62341	2030
62341	2031
62341	2033
62341	2034
62341	2035
62341	2038
62341	2039
62341	2042
62341	2045
62341	2049
62341	2050
62341	2051
62341	2052
62341	2057
62341	2059
62341	2060
62341	2063
62341	2066
62341	2069
62341	2071
62341	2074
62341	2080
62341	2084
62341	2088
62341	2089
62341	2096
62341	2104
62341	2105
62341	2109
63772	2175
64080	1947
64080	1985
64080	2000
64080	2023
64080	2032
64080	2041
64080	2046
64080	2049
64080	2050
64080	2060
64080	2069
64080	2071
64080	2080
64080	2088
64080	2091
64080	2096
64080	2097
64080	2144
64080	2155
64080	2175
64829	1948
64829	1957
64829	1993
64829	2065
64829	2085
65398	1873
65398	1875
65398	1876
65398	1879
65398	1880
65398	1882
65398	1884
65398	1885
65398	1886
65398	1887
65398	1888
65398	1893
65398	1897
65398	1901
65398	1907
65398	1909
65398	1911
65398	1916
65398	1925
65398	1926
65398	1927
65398	1928
65398	1931
65398	1934
65398	1936
65398	1942
65398	1944
65398	1948
65398	1950
65398	1964
65398	1966
65398	1967
65398	1968
65398	1969
65398	1970
65398	1976
65398	1977
65398	1981
65398	1984
65398	1985
65398	1986
65398	1987
65398	1988
65398	1993
65398	1996
65398	1999
65398	2000
65398	2001
65398	2005
65398	2006
65398	2008
65398	2009
65398	2014
65398	2017
65398	2022
65398	2061
65398	2064
65398	2106
66068	1900
67353	1968
67353	2024
67353	2058
67461	1943
67461	1947
67461	1956
67461	1957
67461	1960
67461	1962
67461	1963
67461	1965
67461	1966
67461	1968
67461	1974
67461	1975
67461	1980
67461	1981
67461	1985
67461	1986
67461	1990
67461	1992
67461	1993
67461	1996
67461	2000
67461	2001
67461	2004
67461	2005
67461	2006
67461	2012
67461	2015
67461	2018
67461	2021
67461	2023
67461	2025
67461	2028
67461	2029
67461	2030
67461	2035
67461	2042
67461	2044
67461	2047
67461	2048
67461	2050
67461	2054
67461	2057
67461	2059
67461	2061
67461	2063
67461	2065
67461	2066
67461	2074
67461	2076
67461	2077
67461	2079
67461	2080
67461	2083
67461	2084
67461	2086
67461	2088
67461	2090
67461	2093
67461	2095
67461	2096
67461	2098
67461	2109
67461	2112
67461	2116
67461	2118
67461	2127
67461	2128
67461	2137
67461	2144
67461	2175
67976	2063
67976	2175
69326	1958
69326	1970
69326	1975
69326	1989
69326	1993
69367	1933
69367	1942
70527	2013
70527	2021
70725	1965
70725	1979
70725	1981
70725	1990
70725	1991
70725	1998
70725	2000
70725	2001
70725	2004
70725	2006
70725	2008
70725	2012
70725	2013
70725	2021
70725	2031
70725	2035
70725	2046
70725	2056
70725	2060
70725	2061
70725	2067
70725	2084
70725	2087
70725	2088
70725	2110
74146	1935
74146	1945
74146	1992
74146	2005
74146	2007
74146	2030
74146	2051
74146	2127
74489	1962
74489	1981
74489	1986
74489	2004
74489	2023
74489	2034
74489	2052
74489	2076
74489	2087
75277	2050
75729	1910
75729	1925
75729	1926
75729	1929
75729	1931
75729	1936
75729	1942
75729	1945
75729	1946
75729	1947
75729	1953
75729	1956
75729	1959
75729	1966
75729	1968
75729	1976
75729	1977
75729	1985
75729	1986
75729	1988
75729	1991
75729	2012
75729	2016
75729	2017
75729	2024
75729	2031
75729	2033
75729	2035
75729	2039
75729	2044
75729	2050
75729	2061
75729	2077
75729	2086
75729	2147
75729	2204
75729	2719
76710	1903
76710	1911
76710	1923
76710	1925
76710	1926
76710	1951
76710	1964
76710	1971
76710	1975
76710	1990
76710	1991
76710	1997
76710	2024
76710	2034
76710	2037
76710	2038
76710	2040
76710	2043
76770	1943
76770	1957
76770	1975
76770	1980
76770	2005
76770	2015
76770	2020
76770	2028
76770	2029
76770	2036
76770	2042
76770	2050
76770	2059
76770	2062
76770	2065
76770	2066
76770	2077
76770	2084
76770	2088
76770	2105
76770	2109
76903	1879
76903	1896
76903	1905
76903	1910
76903	1919
76903	1922
76903	1931
76903	1980
76903	2000
76903	2023
76903	2043
77722	1868
77722	1873
77722	1879
77722	1884
77722	1887
77722	1888
77722	1902
77722	1903
77722	1905
77722	1906
77722	1907
77722	1909
77722	1914
77722	1917
77722	1918
77722	1920
77722	1926
77722	1927
77722	1941
77722	1948
77722	1949
77722	1958
77722	1959
77722	1961
77722	1964
77722	1967
77722	1968
77722	1969
77722	1970
77722	1973
77722	1980
77722	1981
77722	1987
77722	1994
77722	1997
77722	1999
77722	2000
77722	2001
77722	2020
77722	2022
77722	2025
77722	2031
77722	2040
77722	2041
77722	2043
77722	2050
77722	2052
77722	2053
77722	2056
77722	2064
77722	2068
77722	2069
77722	2070
77722	2072
77722	2081
77722	2082
77735	1900
77735	1998
79123	1965
79123	1980
79123	2000
79123	2008
79123	2015
79123	2029
79123	2030
79123	2050
79123	2061
79123	2090
79123	2118
80640	1944
80640	1946
80640	1947
80640	1956
80640	1957
80640	1960
80640	1963
80640	1968
80640	1970
80640	1974
80640	1986
80640	1989
80640	1990
80640	1992
80640	1993
80640	1996
80640	1999
80640	2000
80640	2004
80640	2005
80640	2006
80640	2012
80640	2015
80640	2023
80640	2025
80640	2029
80640	2030
80640	2038
80640	2043
80640	2045
80640	2046
80640	2058
80640	2068
80640	2076
80640	2079
80640	2088
80640	2089
80640	2093
80640	2099
80640	2101
80640	2102
80640	2110
80640	2111
80640	2112
80640	2114
80640	2118
80640	2120
80640	2125
80640	2142
80640	2175
83962	1897
83962	1900
83962	1934
83962	1943
83962	1947
83962	1957
83962	1980
83962	2000
83962	2042
83962	2049
83962	2074
83962	2080
83962	2087
83962	2088
83962	2120
84151	2115
85202	1863
85202	1896
85202	1938
85202	1950
85202	1963
85202	1969
85202	1979
85202	1991
85202	2006
85202	2011
85202	2017
85202	2022
85202	2029
85202	2059
85202	2113
85202	2719
86243	1934
86243	1937
86243	1949
86243	1965
86243	1988
86243	1990
86243	2028
86243	2035
86243	2065
86809	1900
86809	2013
86809	2087
86809	2175
87923	1942
87923	1947
87923	1957
87923	1985
87923	1989
87923	1992
87923	1993
87923	1995
87923	2038
87923	2050
87923	2063
87923	2081
87923	2083
87923	2096
87923	2109
87923	2127
87923	2175
89465	2080
89465	2109
90015	1886
90015	1887
90015	1888
90015	1892
90015	1893
90015	1894
90015	1895
90015	1897
90015	1898
90015	1901
90015	1905
90015	1906
90015	1919
90015	1921
90015	1922
90015	1927
90015	1937
90015	1940
90015	1944
90015	1949
90015	1957
90015	1958
90015	1977
90015	1983
90015	1986
90015	1988
90015	1989
90015	1990
90015	1993
90015	1997
90015	1998
90015	1999
90015	2000
90015	2001
90015	2002
90015	2005
90015	2011
90015	2013
90015	2016
90015	2020
90015	2023
90015	2029
90015	2030
90015	2040
90015	2056
90015	2057
90015	2059
90015	2066
90015	2070
90015	2071
90015	2072
90015	2077
90015	2079
90015	2082
90015	2106
90015	3031
90015	3250
92675	1947
92675	2004
92675	2005
92675	2098
92675	2127
92675	2175
94173	1953
94173	1960
94173	2010
94173	2013
94173	2106
94528	1877
94528	1897
94528	1913
94528	1927
94528	1928
94528	1937
94528	1942
94528	1943
94528	1946
94528	1947
94528	1965
94528	1990
94528	1992
94528	1993
94528	1996
94528	1997
94528	1998
94528	2000
94528	2001
94528	2006
94528	2018
94528	2020
94528	2029
94528	2031
94528	2037
94528	2038
94528	2046
94528	2062
94528	2077
94528	2079
94528	2088
94528	2127
95924	2005
95924	2155
95947	2049
95947	2050
95947	2070
95947	2074
95947	2080
95947	2081
95947	2083
95947	2084
95947	2093
95947	2109
95947	2120
96523	1864
96523	1877
96523	1894
96523	1895
96523	1896
96523	1905
96523	1906
96523	1915
96523	1927
96523	1932
96523	1933
96523	1937
96523	1938
96523	1949
96523	1958
96523	1971
96523	1973
96523	1975
96523	1979
96523	1980
96523	1983
96523	1995
96523	1996
96523	1997
96523	1999
96523	2000
96523	2001
96523	2002
96523	2004
96523	2008
96523	2009
96523	2010
96523	2011
96523	2014
96523	2015
96523	2024
96523	2041
96523	2044
96523	2048
96523	2057
96523	2064
96523	2092
96523	2094
96523	2097
96523	2098
96523	2123
96523	2129
96523	2135
96523	2154
96523	2285
96523	2424
97254	1963
97254	2050
97254	2080
97254	2109
97254	2710
98300	1980
98300	1986
98300	2049
98300	2050
98300	2057
98300	2066
98300	2067
99994	1973
99994	1975
99994	1977
99994	1979
99994	1986
99994	1991
99994	1993
99994	1996
99994	1997
99994	2004
99994	2006
99994	2007
99994	2008
99994	2016
99994	2029
99994	2030
99994	2032
99994	2036
99994	2051
99994	2054
99994	2057
99994	2064
99994	2076
99994	2078
99994	2079
99994	2085
101035	1875
101035	1885
101035	1895
101035	1897
101035	1908
101035	1909
101035	1911
101035	1916
101035	1930
101035	1932
101035	1933
101035	1944
101035	1966
101035	1972
101035	1989
101035	1993
101035	2005
101035	2098
102218	1943
102218	1988
102218	2090
102218	2111
102218	2201
102431	1872
102431	1877
102431	1913
102431	1925
102431	1928
102431	1929
102431	1935
102431	1936
102431	1945
102431	1947
102431	1958
102431	1968
102431	1970
102431	1971
102431	1973
102431	1976
102431	1977
102431	1978
102431	1990
102431	1992
102431	1993
102431	2000
102431	2005
102431	2007
102431	2008
102431	2009
102431	2016
102431	2045
102431	2052
102431	2076
102431	2078
102431	2088
102431	2100
103576	1929
103576	1957
103576	1968
103576	2005
103576	2050
103576	2053
103576	2080
103576	2144
106844	1937
106844	1948
106844	2015
106844	2029
106844	2049
106844	2066
106844	2067
106844	2080
106844	2175
107086	1895
107086	1928
107086	1978
107086	2004
107086	2009
107086	2014
107086	2030
107086	2063
107086	2088
107086	2119
107086	2243
107155	1934
110238	1935
110238	1936
110238	1945
110238	1947
110238	1987
110238	2091
110510	1934
110510	1946
110510	1948
110510	1949
110510	1950
110510	1951
110510	1952
110510	1954
110510	1955
110510	1956
110510	1957
110510	1958
110510	1962
110510	1964
110510	1966
110510	1968
110510	1970
110510	1971
110510	1977
110510	1981
110510	1982
110510	1984
110510	1986
110510	1988
110510	1995
110510	2020
110510	2023
110510	2030
110510	2032
110510	2034
110510	2036
110510	2042
110510	2043
110510	2046
110510	2064
110510	2068
110510	2078
110510	2094
110510	2227
110510	2320
110545	1953
110545	1985
110545	2004
110545	2005
110545	2050
110545	2063
110545	2109
110545	2155
111058	1993
111058	2062
111058	2080
111058	2081
111058	2083
111058	2088
111290	1927
111290	1931
111290	1934
111290	1936
111290	1937
111290	1938
111290	1940
111290	1941
111290	1944
111290	1946
111290	1949
111290	1950
111290	1956
111290	1957
111290	1958
111290	1961
111290	1967
111290	1968
111290	1971
111290	1973
111290	1975
111290	1977
111290	1979
111290	1980
111290	1981
111290	1983
111290	1984
111290	1986
111290	1988
111290	1989
111290	1990
111290	1991
111290	1993
111290	1996
111290	1997
111290	1999
111290	2005
111290	2008
111290	2012
111290	2017
111290	2018
111290	2023
111290	2030
111290	2037
111290	2041
111290	2042
111290	2048
111290	2054
111290	2055
111290	2061
111290	2066
111290	2067
111290	2069
111290	2072
111290	2075
111290	2076
111290	2078
111290	2079
111290	2080
111290	2081
111290	2082
111290	2089
112430	2000
112430	2005
112430	2028
112430	2041
112430	2049
112430	2050
112430	2065
112430	2073
112430	2074
112430	2080
112430	2081
112430	2083
112430	2108
112430	2120
112430	2137
112430	2144
112430	2164
112430	2175
113007	1963
113007	1993
113007	2050
113007	2083
113173	1897
113173	2050
113173	2120
113173	2148
113217	1975
113217	1976
113217	1980
113217	1983
113217	1984
113217	1985
113217	1986
113217	1988
113217	1989
113217	1990
113217	1993
113217	1995
113217	2001
113217	2005
113217	2008
113217	2015
113217	2029
113217	2031
113217	2032
113217	2034
113217	2038
113217	2040
113217	2043
113217	2057
113217	2060
113217	2089
113217	2118
113217	2127
114161	1900
114161	1932
114161	1934
114161	1937
114161	1949
114161	1979
114161	2004
114161	2013
114161	2015
114161	2023
114161	2024
114161	2033
114161	2050
114161	2056
114161	2057
114161	2061
114161	2063
114161	2065
114161	2066
114161	2087
114161	2088
114161	2109
114161	2110
114908	2050
114908	2084
116322	1940
116322	1943
116322	2004
116322	2009
116322	2050
116322	2078
116322	2080
116322	2109
118125	1978
118320	1978
118320	2050
118320	2063
118320	2079
118320	2080
118320	2096
118320	2128
118320	2137
118476	2005
118476	2018
118476	2078
118522	1980
118522	1993
118522	2000
118522	2001
118522	2004
118522	2015
118522	2023
118522	2025
118522	2030
118522	2032
118522	2033
118522	2036
118522	2039
118522	2040
118522	2041
118522	2045
118522	2049
118522	2050
118522	2059
118522	2060
118522	2067
118522	2079
118522	2080
118522	2088
118522	2089
118522	2096
118522	2098
118522	2100
118522	2102
118522	2109
118522	2137
118522	2144
118522	2155
118522	2175
121103	2006
121103	2028
121103	2050
121103	2063
121103	2065
121103	2078
121103	2080
121103	2090
121103	3082
124345	2047
124345	2049
124345	2060
124345	2079
124345	2087
124345	2126
124345	2144
124345	2175
126485	1993
126485	1996
126485	2005
126485	2025
126485	2028
126485	2029
126485	2034
126485	2042
126485	2047
126485	2050
126485	2062
126485	2065
126485	2070
126485	2074
126485	2077
126485	2080
126485	2081
126485	2083
126485	2084
126485	2087
126485	2088
126485	2109
126485	2118
126485	2120
126606	1966
126606	1993
126606	1996
126606	2006
126606	2029
126606	2043
126606	2048
126606	2067
126606	2083
126606	2597
126623	1968
126623	2045
126623	2079
126623	2128
126623	2175
127739	1877
127739	1897
127739	1933
127739	1943
127739	1970
127739	1992
127739	2000
127739	2001
127739	2026
127739	2063
127739	2078
127739	2088
127739	2112
127739	2118
127739	2119
127771	1865
127771	1877
127771	1878
127771	1905
127771	1910
127771	1916
127771	1917
127771	1919
127771	1920
127771	1921
127771	1922
127771	1924
127771	1929
127771	1936
127771	1943
127771	1944
127771	1951
127771	1956
127771	1961
127771	1964
127771	1968
127771	1971
127771	1972
127771	1977
127771	1982
127771	1986
127771	1988
127771	1989
127771	1995
127771	1998
127771	2001
127771	2005
127771	2006
127771	2016
127771	2017
127771	2018
127771	2022
127771	2026
127771	2035
127771	2048
127771	2051
127771	2057
127771	2059
127771	2066
127771	2068
127771	2078
129511	1893
129511	1934
129511	1965
129511	1975
129511	1976
129511	1988
129511	2005
129511	2035
129511	2036
129511	2084
130091	1943
130091	2029
130091	2050
130091	2074
130091	2077
130091	2082
130091	2083
130091	2084
130091	2093
130091	2105
130091	2109
130099	1897
130099	1937
130099	1943
130099	1993
130316	1897
130316	1900
130316	1913
130316	1924
130316	1941
130316	1944
130316	1982
130316	1997
130316	1998
130316	2001
130316	2004
130316	2013
130316	2021
130316	2074
130316	2111
130316	2119
130838	1889
130838	1891
130838	1895
130838	1896
130838	1905
130838	1913
130838	1924
130838	1931
130838	1932
130838	1934
130838	1936
130838	1937
130838	1938
130838	1940
130838	1941
130838	1943
130838	1944
130838	1955
130838	1964
130838	1973
130838	1977
130838	1979
130838	1981
130838	1982
130838	1990
130838	1991
130838	2016
130838	2019
130838	2036
130838	2068
130838	2080
131285	1900
131285	1957
131285	1995
131285	2004
131285	2013
131285	2049
131285	2050
131285	2065
131285	2071
131285	2077
131285	2084
131285	2087
131285	2090
131285	2093
131285	2109
131532	1877
131532	1897
131532	1934
131532	1938
131532	1942
131532	1943
131532	2035
131532	2042
131532	2050
131532	2065
131532	2077
131532	2080
131532	2109
131594	1897
131594	1944
131594	1966
131594	1976
131594	1993
131594	2030
131594	2049
131594	2096
132423	1877
132423	1894
132423	1969
132423	2000
132423	2002
132423	2004
132423	2008
132423	2011
132423	2020
132423	2023
132423	2024
132423	2025
132423	2030
132423	2092
132423	2094
132423	2097
132423	2098
132423	2099
132423	2102
132423	2105
132423	2108
132423	2113
132740	1897
132740	1911
132740	1932
132740	1937
132740	1940
132740	1942
132740	1944
132740	1949
132740	1958
132740	1965
132740	1981
132740	1989
132740	1991
132740	1993
132740	1998
132740	2001
132740	2004
132740	2022
132740	2023
132740	2028
132740	2049
132740	2050
132740	2055
132740	2061
132740	2062
132740	2067
132740	2069
132740	2071
132740	2080
132740	2084
132740	2086
132740	2088
132740	2089
132740	2100
132740	2109
132740	2112
132740	2116
132740	2122
132740	2131
133195	1899
133195	1900
133195	1902
133195	1916
133195	1927
133195	1928
133195	1934
133195	1938
133195	1948
133195	1957
133195	1962
133195	1963
133195	1968
133195	1980
133195	1988
133195	1993
133195	1997
133195	2035
133195	2042
133195	2056
133195	2058
133195	2063
133195	2087
133378	1864
133378	1868
133378	1873
133378	1876
133378	1877
133378	1878
133378	1883
133378	1887
133378	1890
133378	1894
133378	1895
133378	1902
133378	1905
133378	1906
133378	1907
133378	1908
133378	1909
133378	1910
133378	1911
133378	1912
133378	1914
133378	1915
133378	1918
133378	1922
133378	1924
133378	1926
133378	1932
133378	1938
133378	1942
133378	1946
133378	1949
133378	1950
133378	1953
133378	1954
133378	1957
133378	1958
133378	1959
133378	1963
133378	1964
133378	1966
133378	1967
133378	1968
133378	1970
133378	1973
133378	1976
133378	1979
133378	1980
133378	1983
133378	1991
133378	2000
133378	2001
133378	2009
133378	2015
133378	2020
133378	2026
133512	1957
133512	2054
133512	2081
133512	2083
133512	2086
133512	2096
133512	2155
133512	2175
133746	1880
133746	1891
133746	1893
133746	1921
133746	1927
133746	1928
133746	1946
133746	1960
133746	2004
133746	2013
133746	2119
133788	1962
133788	1970
133788	2000
133788	2050
133788	2061
133788	2074
133788	2079
133788	2084
133788	2088
136252	2049
136252	2050
136252	2063
136252	2081
136252	2083
136252	2109
136252	2120
136252	2169
136252	2170
136953	1916
136953	1917
136953	1919
136953	1921
136953	1922
136953	1927
136953	1932
136953	1934
136953	1936
136953	1937
136953	1938
136953	1942
136953	1944
136953	1946
136953	1949
136953	1952
136953	1953
136953	1954
136953	1956
136953	1958
136953	1959
136953	1964
136953	1966
136953	1968
136953	1973
136953	1976
136953	1977
136953	1979
136953	1980
136953	1981
136953	1982
136953	1988
136953	1990
136953	1991
136953	1995
136953	1996
136953	2000
136953	2001
136953	2005
136953	2015
136953	2017
136953	2018
136953	2023
136953	2024
136953	2026
136953	2030
136953	2035
136953	2040
136953	2043
136953	2047
136953	2048
136953	2054
136953	2055
136953	2057
136953	2059
136953	2066
136953	2068
136953	2069
136953	2072
136953	2075
136953	2112
137467	1880
137467	1900
137467	1911
137467	1932
137467	1953
137467	1962
137467	2013
137467	2021
137467	2030
137467	2035
137467	2044
137467	2086
137504	1938
137504	2093
137504	2160
138950	1928
138950	1930
138950	1935
138950	1937
138950	1943
138950	1947
138950	1970
138950	1978
138950	1985
138950	1992
138950	1993
138950	1996
138950	2001
138950	2004
138950	2005
138950	2023
138950	2029
138950	2033
138950	2045
138950	2049
138950	2074
138950	2077
138950	2079
138950	2080
138950	2083
138950	2086
138950	2098
138950	2128
138950	2175
138950	2183
139033	2049
139033	2050
139033	2065
139033	2074
139033	2080
139033	2081
139033	2084
139033	2108
139033	2115
139650	1942
139650	1943
139650	1978
139650	2000
139650	2008
139650	2021
139650	2049
139650	2063
139650	2083
139650	2175
141168	1900
141168	1938
141168	1942
141168	1943
141168	2005
141168	2035
141168	2080
141168	2084
141168	2304
144296	1886
144296	1887
144296	1888
144296	1889
144296	1890
144296	1895
144296	1896
144296	1897
144296	1905
144296	1906
144296	1909
144296	1915
144296	1918
144296	1919
144296	1921
144296	1923
144296	1925
144296	1927
144296	1933
144296	1937
144296	1938
144296	1940
144296	1941
144296	1944
144296	1946
144296	1953
144296	1954
144296	1958
144296	1959
144296	1964
144296	1966
144296	1967
144296	1971
144296	1975
144296	1976
144296	1977
144296	1979
144296	1982
144296	1990
144296	1994
144296	1995
144296	1998
144296	2000
144296	2001
144296	2002
144296	2011
144459	1877
144459	2006
144459	2060
144459	2098
144913	1978
144913	1985
144913	2013
144913	2033
144913	2045
144913	2080
144913	2096
144913	2097
144913	2128
145460	1940
145460	1943
145460	1985
145460	2063
145460	2109
145460	2175
147848	1936
147848	1963
147848	1993
147848	2004
147848	2013
147848	2014
147848	2025
147848	2047
147848	2054
147848	2057
147848	2064
147848	2116
147848	2128
147848	2155
147848	2318
147848	2430
147848	2444
147848	2616
147848	2673
147939	2042
147939	2054
147939	2062
147939	2080
147939	2131
147939	2148
148237	2000
148237	2084
148237	2120
148293	2028
148293	2042
148293	2064
148293	2175
149516	2098
151016	2004
151016	2066
151016	2110
151016	2175
151685	1885
151685	1886
151685	1890
151685	1897
151685	1907
151685	1922
151685	1925
151685	1927
151685	1931
151685	1932
151685	1944
151685	1949
151685	1950
151685	1951
151685	1954
151685	1969
151685	1973
151685	1977
151685	1981
151685	1982
151685	1995
151685	2008
151685	2011
151685	2015
151685	2016
151685	2022
151685	2024
151685	2026
151685	2029
151685	2031
151685	2032
151685	2034
151685	2038
151685	2047
151685	2052
152331	1875
152331	1876
152331	1878
152331	1879
152331	1882
152331	1897
152331	1902
152331	1905
152331	1906
152331	1910
152331	1911
152331	1917
152331	1919
152331	1920
152331	1921
152331	1922
152331	1923
152331	1927
152331	1928
152331	2041
152331	2058
154558	1869
154558	1872
154558	1873
154558	1875
154558	1876
154558	1878
154558	1882
154558	1884
154558	1886
154558	1889
154558	1934
154558	1936
154558	1941
154558	1943
154558	1944
154558	1948
154558	1949
154558	1951
154558	1952
154558	1953
154558	1958
154558	1961
154558	1962
154558	1964
154558	1966
154558	1968
154558	1969
154558	1980
154558	1987
154558	1988
154558	1990
154558	1997
154558	2024
154558	2041
155063	1993
155063	2005
155063	2008
155063	2079
155063	2081
155063	2086
155063	2096
155063	2120
155063	2155
158890	1989
158890	2050
158890	2080
158890	2081
158890	2083
158890	2109
158890	2120
159912	1897
159912	1934
159912	1937
159912	2050
159912	2074
159912	2109
159912	2148
160024	1926
160024	1938
160024	1964
160024	1969
160024	1970
160024	1974
160024	2017
160024	2018
160024	2022
160024	2023
160024	2024
160024	2035
160024	2040
160024	2042
160024	2043
160024	2049
160024	2085
160024	2092
160024	2094
161106	1970
161106	1973
161106	1977
161106	1980
161106	1983
161106	1984
161106	1985
161106	1988
161106	1990
161106	1991
161106	1997
161106	2001
161106	2005
161106	2020
161106	2023
161106	2024
161106	2030
161106	2034
161106	2036
161106	2037
161106	2038
161106	2040
161106	2043
161106	2054
161106	2056
161106	2057
161106	2059
161106	2061
161106	2066
161106	2069
161106	2072
161106	2073
161106	2080
161106	2081
161106	2082
161333	1886
161333	1887
161333	1888
161333	1894
161333	1897
161333	1905
161333	1906
161333	1907
161333	1916
161333	1917
161333	1919
161333	1920
161333	1921
161333	1922
161333	1923
161333	1926
161333	1927
161333	1928
161333	1934
161333	1936
161333	1937
161333	1938
161333	1940
161333	1944
161333	1946
161333	1948
161333	1950
161333	1954
161333	1955
161333	1956
161333	1957
161333	1958
161333	1964
161333	1967
161333	1970
161333	1971
161333	1975
161333	1976
161333	1977
161333	1979
161333	1980
161333	1983
161333	1986
161333	1991
161333	1993
161333	1996
161333	2001
161333	2002
161333	2016
161333	2017
161333	2018
161333	2023
161333	2024
161333	2029
161333	2030
161541	1980
161541	1993
161541	1995
161541	2008
161541	2013
161541	2019
161541	2023
161541	2077
161541	2078
161541	2086
161541	2087
161541	2088
161541	2090
163175	1897
163175	1937
163175	1942
163175	1943
163175	1948
163175	1957
163175	1966
163175	1970
163175	1978
163175	1981
163175	1986
163175	1989
163175	1993
163175	2004
163175	2015
163175	2018
163175	2025
163175	2030
163175	2031
163175	2032
163175	2033
163175	2038
163175	2039
163175	2044
163175	2050
163175	2056
163175	2059
163175	2062
163175	2063
163175	2065
163175	2066
163175	2068
163175	2074
163175	2079
163175	2084
163175	2088
163175	2090
163175	2109
163727	2017
163727	2049
163727	2050
163727	2080
163727	2081
163727	2083
163727	2107
163727	2108
163727	2109
163727	2120
163727	2155
163727	2175
164644	1872
164644	1888
164644	1893
164644	1897
164644	1899
164644	1928
164644	1934
164644	2004
164644	2039
164644	2049
164644	2078
164644	2088
165054	1897
165054	1942
165054	1965
165054	1985
165054	1990
165054	1993
165054	2000
165054	2032
165054	2050
165054	2063
165054	2065
165054	2080
165054	2081
165054	2096
165054	2109
165054	2112
165054	2120
167435	2004
167435	2050
167649	1877
167649	1878
167649	1888
167649	1889
167649	1894
167649	1895
167649	1896
167649	1902
167649	1905
167649	1906
167649	1907
167649	1910
167649	1914
167649	1916
167649	1919
167649	1921
167649	1923
167649	1926
167649	1933
167649	1934
167649	1936
167649	1937
167649	1941
167649	1944
167649	1946
167649	1952
167649	1954
167649	1957
167649	1958
167649	1961
167649	1966
167649	1967
167649	1968
167649	1970
167649	1977
167649	1980
167649	1983
167649	1984
167649	1986
167649	1991
167649	1992
167649	1993
167649	1998
167649	2001
167649	2002
167649	2016
169665	1877
169665	1878
169665	1895
169665	1898
169665	1902
169665	1903
169665	1904
169665	1905
169665	1906
169665	1907
169665	1910
169665	1913
169665	1914
169665	1915
169665	1916
169665	1917
169665	1918
169665	1919
169665	1920
169665	1921
169665	1922
169665	1924
169665	1926
169665	1932
169665	1934
169665	1936
169665	1937
169665	1938
169665	1944
169665	1946
169665	1948
169665	1949
169665	1953
169665	1954
169665	1964
169665	1966
169665	1968
169665	1971
169665	1973
169665	1974
169665	1975
169665	1976
169665	1979
169665	1980
169665	1981
169665	1982
169665	1983
169665	1990
169665	1991
169665	1995
169665	1997
169665	2001
169665	2006
169665	2014
169665	2016
169665	2019
169665	2023
169665	2029
169665	2030
172863	1864
172863	1911
172863	1922
172863	1927
172863	1933
172863	1949
172863	1965
172863	1973
172863	1977
172863	1984
172863	1987
172863	1990
172863	1996
172863	1999
172863	2000
172863	2001
172863	2006
172863	2008
172863	2009
172863	2012
172863	2013
172863	2014
172863	2015
172863	2022
172863	2029
172863	2033
172863	2037
172863	2041
172863	2042
172863	2045
172863	2057
172863	2059
172863	2062
172863	2086
172863	2098
175937	1900
175937	1953
175937	1960
175937	1985
175937	1988
175937	1995
175937	2005
175937	2018
175937	2050
175937	2065
176333	1932
176333	1937
176333	1976
176333	1982
176333	1995
176333	1997
176333	2000
176333	2004
176333	2013
176333	2021
176333	2025
176333	2028
176333	2030
176333	2033
176333	2035
176333	2039
176333	2046
176333	2050
176333	2065
176333	2087
176333	2088
176333	2100
176333	2106
176333	2112
176333	2127
178196	1953
178196	1981
178196	2004
178196	2050
178196	2053
178196	2062
178196	2066
178196	2080
178196	2081
178196	2083
178196	2093
178196	2109
178196	2120
182008	1942
182008	1947
182008	2155
182883	1967
182883	1970
182883	1976
182883	1979
182883	1980
182883	1981
182883	1990
182883	1996
182883	1997
182883	2000
182883	2008
182883	2015
182883	2017
182883	2018
182883	2020
182883	2026
182883	2034
182883	2035
182883	2036
182883	2037
182883	2038
182883	2040
182883	2041
182883	2047
182883	2048
182883	2049
182883	2050
182883	2052
182883	2053
182883	2055
182883	2056
182883	2057
182883	2064
182883	2072
182883	2076
182883	2079
182883	2080
182883	2082
182883	2085
182883	2092
182883	2094
182883	2097
182883	2099
184695	1934
184695	1942
184695	1943
184695	1990
184695	2018
184695	2028
184695	2035
184695	2050
184695	2065
184695	2077
185072	1934
185072	1943
185072	1957
185072	1978
185072	2004
185072	2005
185072	2030
185072	2036
185072	2042
185072	2045
185072	2049
185072	2050
185072	2061
185072	2063
185072	2065
185072	2066
185072	2077
185072	2090
185072	2096
185072	2109
187049	1897
187049	1933
187049	1934
187049	1938
187049	1942
187049	1943
187049	1944
187049	1950
187049	1954
187049	1956
187049	1960
187049	1962
187049	1963
187049	1965
187049	1968
187049	1970
187049	1974
187049	1976
187049	1980
187049	1981
187049	1985
187049	1986
187049	1987
187049	1988
187049	1989
187049	1992
187049	1993
187049	1995
187049	1996
187049	1997
187049	1998
187049	2000
187049	2015
187049	2016
187049	2018
187049	2023
187049	2025
187049	2028
187049	2032
187049	2033
187049	2034
187049	2035
187049	2036
187049	2042
187049	2043
187049	2044
187049	2045
187049	2047
187049	2050
187049	2054
187049	2057
187049	2063
187049	2065
187049	2066
187049	2068
187049	2071
187049	2076
187049	2077
187049	2078
187049	2079
187049	2084
187049	2086
187049	2087
187049	2088
187049	2089
187049	2090
187049	2096
187049	2098
187049	2105
187049	2106
187049	2109
187049	2118
187049	2119
187049	2127
187049	2175
188222	1929
188222	1944
188222	2018
188222	2023
188222	2029
188222	2030
188222	2038
188222	2045
188222	2060
188222	2098
188222	2104
188718	1956
188718	1962
188718	1978
188718	1987
188718	1991
188718	2033
188718	2040
188718	2063
188718	2079
188718	2128
188718	2835
188718	3356
188724	1942
188724	1947
188724	1949
188724	1957
188724	2014
188724	2050
188724	2063
188724	2080
188724	2119
188948	1934
188948	1956
188948	1963
188948	1965
188948	1985
188948	1986
188948	2005
188948	2028
188948	2046
188948	2062
188948	2065
189288	1943
189288	1963
189288	2061
189288	2080
189288	2090
189288	2093
189978	1897
189978	1903
189978	1905
189978	1906
189978	1917
189978	1920
189978	1922
189978	1923
189978	1925
189978	1927
189978	1931
189978	1933
189978	1941
189978	1944
189978	1946
189978	1948
189978	1949
189978	1952
189978	1957
189978	1958
189978	1961
189978	1968
189978	1970
189978	1973
189978	1974
189978	1977
189978	1985
189978	1986
189978	1990
189978	1991
189978	1992
189978	1997
189978	1998
189978	2008
189978	2012
189978	2032
189978	2035
191503	1988
191503	2000
191503	2004
191503	2063
191902	1960
191902	1993
191902	2000
191902	2063
191902	2093
192992	1875
192992	1878
192992	1888
192992	1906
192992	1907
192992	1910
192992	1913
192992	1919
192992	1920
192992	1921
192992	1925
192992	1931
192992	1936
192992	1944
192992	1946
192992	1951
192992	1952
192992	1954
192992	1955
192992	1959
192992	1972
192992	1973
192992	1977
192992	1989
192992	2016
194952	1947
194952	2009
194952	2030
194952	2041
194952	2045
194952	2050
194952	2062
194952	2098
194952	2127
194952	2175
198256	2086
198256	2088
198256	2127
199007	1865
199007	1904
199007	1908
199007	1909
199007	1913
199007	1915
199007	1916
199007	1919
199007	1920
199007	1921
199007	1922
199007	1925
199007	1931
199007	1933
199007	1934
199007	1936
199007	1937
199007	1938
199007	1942
199007	1944
199007	1946
199007	1948
199007	1952
199007	1953
199007	1954
199007	1956
199007	1957
199007	1959
199007	1961
199007	1968
199007	1974
199007	1976
199007	1977
199007	1979
199007	1980
199007	1982
199007	1986
199007	1988
199007	1990
199007	1996
199007	1999
199007	2000
199007	2001
199007	2008
199007	2015
199007	2018
199007	2022
199007	2024
199007	2026
199007	2030
199007	2033
199007	2036
199007	2041
199007	2042
199007	2354
199007	2510
199007	2532
199007	2749
199007	3252
199069	1924
199069	1953
199069	1956
199069	1958
199069	1970
199069	1988
199069	2025
199069	2040
199069	2042
199339	1937
199339	1978
199339	2014
199339	2083
199339	2097
199339	2144
200126	1897
200126	1942
200126	1943
200126	1947
200126	1984
200126	2000
200126	2016
200126	2028
200126	2033
200126	2045
200126	2046
200126	2061
200126	2063
200126	2096
200126	2112
200126	2175
200665	1993
200665	2005
200665	2050
200665	2080
200665	2175
201865	1928
201865	1980
201865	2023
201865	2050
201865	2080
201865	2083
201865	2104
201865	2109
201865	2112
201865	2120
203295	2023
203295	2030
203295	2050
203295	2057
203295	2071
203295	2081
203295	2110
203506	2000
203506	2049
203506	2050
203506	2061
203506	2065
203506	2077
203506	2079
203506	2080
203506	2081
203506	2083
203506	2108
203506	2148
203506	2164
204895	1957
204895	1998
204895	2000
204895	2001
204895	2012
204895	2015
204895	2038
204895	2043
204895	2066
204895	2077
204895	2120
204895	2123
204895	2142
204895	2175
206404	1897
206404	1926
206404	1928
206404	1934
206404	1943
206404	1949
206404	1950
206404	1963
206404	1981
206404	1982
206404	1986
206404	1988
206404	1989
206404	1993
206404	1996
206404	1997
206404	2004
206404	2006
206404	2013
206404	2021
206404	2022
206404	2029
206404	2035
206404	2039
206404	2040
206404	2043
206404	2050
206404	2054
206404	2057
206404	2066
206404	2068
206404	2069
206404	2077
206404	2080
206404	2087
206404	2100
206404	2110
206404	2118
206404	2119
206557	1979
206557	1985
206557	2005
208070	1957
208070	1988
208070	1993
208070	2028
208070	2042
208070	2065
208070	2066
208598	1920
208598	1965
208598	2000
209308	1943
209308	1993
209308	2005
209308	2036
209308	2042
209308	2049
209308	2050
209308	2063
209308	2065
209308	2074
209308	2077
209308	2079
209308	2081
209308	2083
209308	2084
209308	2093
209308	2096
209308	2109
209308	2137
209308	2144
209308	2155
209308	2164
209308	2175
209375	1897
209375	1937
209375	1957
209375	1978
209375	2005
209375	2042
209375	2049
209375	2050
209375	2063
209375	2080
209375	2083
209375	2107
211747	2093
211747	2110
211825	1902
211825	1934
211825	1942
211825	1964
211825	1968
211825	1970
211825	1981
211825	1983
211825	1998
211825	2009
211825	2029
211825	2044
211825	2046
211825	2056
211825	2068
211825	2087
211825	2116
213035	1943
213035	2005
213035	2050
213035	2078
213035	2088
214461	1942
214461	2042
214461	2050
214461	2079
214461	2110
214461	2122
214461	2138
214461	2155
214461	2175
214461	2194
215493	1862
215493	1897
215493	1902
215493	1910
215493	1943
215493	1961
215493	1962
215493	1977
215493	1981
215493	1982
215493	1989
215493	1993
215493	1999
215493	2006
215493	2019
215493	2030
215493	2031
215493	2036
215493	2059
215493	2062
215493	2077
215493	2088
216738	2004
216738	2040
216738	2074
216738	2088
217248	1981
217248	1995
217248	2008
217248	2035
217248	2044
217248	2068
217248	2120
217248	2703
217814	1975
217814	1981
217814	1990
217814	2050
217814	2080
217814	2107
217814	2118
219202	1870
219202	1936
219202	1942
219202	1943
219202	1945
219202	1947
219202	1954
219202	1957
219202	1978
219202	1985
219202	1987
219202	2009
219202	2014
219202	2016
219202	2034
219202	2048
219202	2060
219202	2068
219202	2079
219202	2101
219202	2102
219202	2112
219202	2155
219369	1993
219369	2000
219369	2028
219369	2050
219369	2074
219369	2080
219369	2083
219369	2109
219516	1864
219516	1866
219516	1868
219516	1872
219516	1873
219516	1875
219516	1878
219516	1880
219516	1882
219516	1884
219516	1886
219516	1888
219516	1889
219516	1890
219516	1894
219516	1896
219516	1897
219516	1902
219516	1905
219516	1906
219516	1907
219516	1909
219516	1911
219516	1916
219516	1917
219516	1919
219516	1920
219516	1921
219516	1922
219516	1923
219516	1925
219516	1926
219516	1927
219516	1928
219516	1936
219516	1937
219516	1938
219516	1940
219516	1941
219516	1942
219516	1944
219516	1946
219516	1948
219516	1951
219516	1954
219516	1955
219516	1956
219516	1957
219516	1958
219516	1959
219516	1961
219516	1962
219516	1964
219516	1966
219516	1968
219516	1970
219516	1971
219516	1974
219516	1975
219516	1977
219516	1979
219516	1980
219516	1981
219516	1983
219516	1986
219516	1987
219516	1990
219516	1991
219516	1993
219516	1996
219516	1999
219516	2000
219516	2001
219516	2011
219516	2018
219516	2566
219719	1958
219719	1960
219719	1975
219719	1990
219719	2050
219719	2065
219719	2155
221564	1897
221564	1934
221564	1937
221564	1981
221564	1986
221564	1988
221564	1995
221564	2018
221564	2021
221564	2025
221564	2035
221564	2039
221564	2045
221564	2050
221564	2058
221564	2059
221564	2071
221564	2086
221564	2088
221564	2100
221564	2119
221564	2165
221564	2195
221564	2570
221564	2703
221746	1943
221746	1993
221746	2050
221746	2063
221746	2066
222886	1943
222886	1948
222886	1958
222886	1966
222886	1970
222886	1975
222886	1981
222886	1991
222886	1998
222886	2005
222886	2018
222886	2032
222886	2033
222886	2034
222886	2043
222886	2050
222886	2051
222886	2054
222886	2061
222886	2063
222886	2066
222886	2071
222886	2086
222886	2090
222886	2096
222886	2175
224073	1943
224073	1957
224073	1996
224073	2004
224073	2005
224073	2049
224073	2080
224661	1900
224661	1911
224661	1919
224661	1921
224661	1941
224661	1942
224661	1950
224661	1954
224661	1957
224661	1960
224661	1985
224661	1990
224661	1993
224661	2004
224661	2008
224661	2040
224661	2057
224661	2063
224661	2086
224661	2119
225204	1900
225204	1934
225204	1943
225204	2000
225204	2004
225204	2057
225204	2063
226264	1910
226264	1938
226264	1941
226264	1944
226264	1948
226264	1949
226264	1954
226264	1956
226264	1957
226264	1958
226264	1966
226264	1970
226264	1971
226264	1972
226264	1973
226264	1974
226264	1977
226264	1985
226264	1993
226264	1995
226264	1997
226264	2001
226264	2004
226264	2005
226264	2015
226264	2018
226264	2023
226264	2030
226264	2080
227249	1985
227249	1993
227249	2005
227249	2018
227249	2021
227249	2051
227249	2052
227249	2088
227249	2100
228053	1926
228053	1943
228053	1946
228053	1947
228053	1948
228053	1958
228053	1964
228053	1992
228053	1993
228053	1996
228053	2005
228053	2008
228053	2018
228053	2023
228053	2032
228053	2051
228053	2062
228053	2066
228053	2076
228053	2077
228053	2078
228053	2123
228053	2151
228053	2297
230291	1943
230291	1948
230291	1949
230291	1960
230291	1979
230291	1985
230291	1987
230291	1995
230291	2001
230291	2008
230291	2036
230291	2048
230291	2050
230291	2067
230291	2120
231583	1990
231583	2049
231583	2050
231583	2063
231583	2080
231583	2090
231583	2105
232511	1934
232511	1938
232511	1957
232511	1960
232511	1963
232511	1993
232511	1996
232511	2000
232511	2005
232511	2063
232511	2077
232511	2080
232511	2083
233252	1932
233252	1948
233252	1949
233252	1956
233252	1960
233252	1963
233252	1979
233252	2001
233252	2004
233252	2025
233252	2030
233252	2054
233252	2066
233252	2076
233252	2086
233252	2164
233739	1960
233739	2042
233739	2080
233739	2084
233739	2137
233739	2175
236270	1934
236270	1941
236270	2001
236270	2031
236270	2035
236493	1943
236493	1993
236493	1999
236493	2000
236493	2030
236493	2035
236493	2038
236493	2042
236493	2046
236493	2050
236493	2065
236493	2067
236493	2074
236493	2079
236493	2080
236493	2093
236493	2096
236493	2109
236493	2120
236493	2137
237810	1900
237810	1921
237810	1934
237810	1956
237810	1960
237810	1966
237810	1976
237810	1997
237810	1998
237810	2000
237810	2001
237810	2004
237810	2019
237810	2028
237810	2030
237810	2033
237810	2035
237810	2036
237810	2042
237810	2044
237810	2046
237810	2049
237810	2054
237810	2061
237810	2064
237810	2065
237810	2067
237810	2068
237810	2069
237810	2076
237810	2077
237810	2078
237810	2080
237810	2084
237810	2087
237810	2088
237810	2093
237810	2105
237810	2106
237810	2109
237810	2118
240042	1949
240042	1956
240042	1962
240042	2001
240042	2004
240042	2013
240042	2069
240042	2080
240042	2086
240042	2087
240042	2093
240042	2131
240042	2132
240229	1943
240229	1948
240229	1953
240229	1970
240229	1980
240229	1981
240229	1985
240229	1991
240229	1993
240229	1998
240229	2000
240229	2001
240229	2005
240229	2019
240229	2023
240229	2030
240229	2034
240229	2037
240229	2043
240229	2051
240229	2063
240229	2076
240229	2078
240229	2088
240229	2100
240229	2110
240229	2118
241441	1897
241441	1924
241441	1934
241441	1943
241441	1949
241441	1986
241441	1992
241441	2005
241441	2009
241441	2018
241441	2028
241441	2031
241441	2036
241441	2049
241441	2065
241441	2074
241441	2077
241441	2078
241441	2080
241441	2081
241441	2083
241441	2084
241441	2088
241441	2105
241441	2109
241441	2118
242159	1925
242159	1926
242159	1931
242159	1932
242159	1934
242159	1937
242159	1938
242159	1942
242159	1944
242159	1946
242159	1952
242159	1953
242159	1954
242159	1957
242159	1958
242159	1959
242159	1961
242159	1964
242159	1967
242159	1970
242159	1974
242159	1975
242159	1976
242159	1977
242159	1980
242159	1981
242159	1982
242159	1983
242159	1984
242159	1986
242159	1987
242159	1990
242159	1991
242159	1993
242159	1995
242159	1996
242159	1997
242159	1999
242159	2000
242159	2008
242159	2014
242159	2015
242159	2016
242159	2017
242159	2018
242159	2020
242159	2025
242159	2026
242159	2029
242159	2032
242159	2033
242159	2039
242159	2040
242159	2041
242159	2042
242159	2043
242159	2044
242159	2047
242159	2050
242159	2054
242159	2055
242159	2056
242159	2057
242159	2059
242159	2060
242159	2064
242159	2068
242159	2069
242159	2085
242159	2086
242159	2089
242159	2090
242159	2167
242159	2229
242159	2371
242159	2397
242159	2400
242159	2407
243236	1924
243236	1934
243236	1942
243236	1947
243236	2018
246132	1876
246132	1883
246132	1887
246132	1888
246132	1890
246132	1894
246132	1895
246132	1904
246132	1905
246132	1906
246132	1907
246132	1909
246132	1915
246132	1934
246132	1943
246132	1951
246132	1954
246132	1958
246132	1959
246132	1964
246132	1967
246132	1968
246132	1970
246132	1981
246132	1983
246132	1994
246132	2000
246132	2006
246132	2011
246132	2015
246132	2026
246632	1943
246632	1975
246632	1980
246632	1981
246632	2000
246632	2004
246632	2023
246632	2028
246632	2029
246632	2041
246632	2042
246632	2070
246632	2077
246632	2080
246632	2084
246632	2122
246632	2148
246632	2150
246632	2164
248665	1943
248665	1963
248665	2004
248665	2026
248755	2004
248755	2080
248755	2084
251084	1943
251084	1953
251084	1957
251084	1970
251084	1980
251084	1981
251084	1989
251084	1993
251084	1995
251084	1996
251084	1998
251084	2001
251084	2004
251084	2005
251084	2006
251084	2008
251084	2013
251084	2015
251084	2017
251084	2019
251084	2020
251084	2022
251084	2025
251084	2028
251084	2029
251084	2031
251084	2034
251084	2036
251084	2041
251084	2042
251084	2043
251084	2045
251084	2047
251084	2049
251084	2050
251084	2053
251084	2055
251084	2061
251084	2062
251084	2064
251084	2065
251084	2067
251084	2069
251084	2070
251084	2071
251084	2072
251084	2073
251084	2074
251084	2075
251084	2076
251084	2077
251084	2078
251084	2079
251084	2080
251084	2081
251084	2082
251084	2083
251084	2084
251084	2086
251084	2087
251084	2088
251084	2089
251084	2090
251084	2091
251084	2092
251084	2093
251084	2094
251084	2096
251084	2099
251084	2100
251084	2101
251084	2103
251084	2105
251084	2107
251084	2108
251084	2109
251084	2111
251084	2112
251084	2115
251084	2117
251084	2118
251084	2120
251084	2122
251084	2125
251084	2131
251084	2132
251084	2137
251084	2142
251084	2144
251084	2159
251084	2164
251084	2175
251407	1897
251407	1934
251407	1937
251407	1942
251407	1943
251407	1944
251407	1957
251407	1960
251407	1963
251407	1979
251407	1980
251407	2000
251407	2040
251407	2042
251407	2049
251407	2050
251407	2059
251407	2061
251407	2063
251407	2065
251407	2074
251407	2077
251407	2080
251407	2083
251407	2084
251407	2088
251407	2090
251407	2093
251407	2106
251407	2109
251407	2155
251940	1992
251940	2012
251940	2127
252984	1933
252984	1937
252984	1942
252984	1944
252984	1954
252984	1962
252984	1987
252984	2001
252984	2005
252984	2014
252984	2015
252984	2039
252984	2042
252984	2062
252984	2063
252984	2066
252984	2079
252984	2090
252984	2119
254673	1897
254673	1910
254673	1925
254673	1926
254673	1928
254673	1932
254673	1934
254673	1937
254673	1938
254673	1940
254673	1942
254673	1943
254673	1944
254673	1946
254673	1949
254673	1954
254673	1956
254673	1957
254673	1962
254673	1963
254673	1982
254673	1986
254673	1990
254673	1993
254673	1996
254673	1997
254673	2000
254673	2015
254673	2016
254673	2026
254673	2028
254673	2035
254673	2042
254673	2044
254673	2045
254673	2046
254673	2058
254673	2063
254673	2065
254673	2068
254673	2079
254673	2195
255195	1943
255195	1953
255195	1962
255195	1963
255195	1988
255195	1989
255195	1991
255195	1997
255195	2004
255195	2005
255195	2006
255195	2015
255195	2018
255195	2021
255195	2025
255195	2026
255195	2028
255195	2029
255195	2036
255195	2042
255195	2049
255195	2050
255195	2051
255195	2058
255195	2059
255195	2061
255195	2062
255195	2064
255195	2065
255195	2066
255195	2067
255195	2068
255195	2071
255195	2077
255195	2078
255195	2084
255195	2088
255195	2098
255195	2100
255195	2112
255195	2116
255195	2118
255377	1985
255377	2005
255377	2029
255377	2042
255377	2045
255377	2050
255693	1967
255693	1972
255693	1980
255693	1984
255693	2005
255693	2014
255693	2015
255693	2025
255693	2026
255693	2031
255693	2037
255693	2047
255693	2050
255693	2060
255693	2061
255693	2068
255693	2086
255693	2100
255961	1897
255961	1932
255961	1937
255961	1942
255961	1944
255961	1957
255961	1960
255961	1979
255961	1986
255961	1997
255961	2000
255961	2005
255961	2050
255961	2081
255961	2083
255961	2116
256126	1957
256126	1995
256126	2004
256126	2078
258734	1993
258734	2005
258734	2050
258734	2065
259847	1995
259847	1998
259847	2015
259847	2023
259847	2065
259847	2081
259847	2109
259952	1895
259952	1927
259952	1940
259952	1943
259952	1944
259952	1947
259952	1948
259952	1950
259952	1962
259952	1966
259952	1968
259952	1974
259952	1976
259952	1978
259952	1985
259952	1993
259952	1995
259952	2000
259952	2005
259952	2013
259952	2014
259952	2017
259952	2025
259952	2033
259952	2036
259952	2037
259952	2041
259952	2044
259952	2054
259952	2057
259952	2060
259952	2061
259952	2067
259952	2071
259952	2078
259952	2079
259952	2084
259952	2086
259952	2090
259952	2096
259952	2100
259952	2106
259952	2109
259952	2112
259952	2126
259952	2127
259952	2175
259952	2198
259952	2260
261982	2050
261982	2080
261982	2081
261982	2083
261982	2175
262445	1924
262445	1934
262445	1942
262445	1943
262445	1947
262445	1949
262445	1993
262445	2046
262445	2052
262445	2063
262445	2074
262445	2078
262445	2079
262445	2080
262445	2096
262445	2109
262445	2110
262445	2175
262726	2050
262726	2083
262726	2109
262726	2165
263454	1897
263454	1933
263454	2050
263454	2079
263454	2080
263454	2093
263454	2109
263856	1996
263856	1997
263856	1999
263856	2001
263856	2004
263856	2005
263856	2006
263856	2008
263856	2018
263856	2020
263856	2022
263856	2023
263856	2024
263856	2026
263856	2029
263856	2032
263856	2080
264025	1877
264025	1897
264025	1928
264025	1934
264025	1937
264025	1942
264025	1993
264025	2050
264025	2061
264025	2065
264025	2074
264025	2080
264025	2081
264025	2083
264025	2086
264025	2092
264025	2103
264025	2107
264025	2109
264025	2120
264025	2144
264025	2148
264025	2155
264025	2164
264090	1915
264090	1924
264090	1926
264090	1928
264090	1943
264090	2011
264090	2032
264135	1895
264135	1897
264135	1900
264135	1911
264135	1913
264135	1924
264135	1925
264135	1927
264135	1928
264135	1932
264135	1933
264135	1934
264135	1937
264135	1938
264135	1940
264135	1941
264135	1942
264135	1944
264135	1946
264135	1947
264135	1949
264135	1950
264135	1953
264135	1954
264135	1956
264135	1957
264135	1963
264135	1965
264135	1968
264135	1973
264135	1974
264135	1975
264135	1976
264135	1980
264135	1981
264135	1982
264135	1984
264135	1987
264135	1988
264135	1989
264135	1993
264135	1995
264135	1996
264135	1997
264135	1998
264135	1999
264135	2000
264135	2001
264135	2004
264135	2005
264135	2006
264135	2008
264135	2009
264135	2013
264135	2014
264135	2015
264135	2017
264135	2019
264135	2020
264135	2022
264135	2023
264135	2024
264135	2025
264135	2026
264135	2028
264135	2030
264135	2032
264135	2033
264135	2034
264135	2035
264135	2036
264135	2037
264135	2038
264135	2039
264135	2040
264135	2041
264135	2042
264135	2043
264135	2045
264135	2046
264135	2047
264135	2049
264135	2050
264135	2052
264135	2053
264135	2054
264135	2055
264135	2057
264135	2058
264135	2059
264135	2060
264135	2061
264135	2062
264135	2064
264135	2065
264135	2067
264135	2069
264135	2071
264135	2073
264135	2075
264135	2076
264135	2077
264135	2078
264135	2079
264135	2080
264135	2084
264135	2086
264135	2087
264135	2088
264135	2089
264135	2090
264135	2093
264135	2095
264135	2096
264135	2098
264135	2100
264135	2102
264135	2104
264135	2105
264135	2106
264135	2109
264135	2110
264135	2112
264135	2116
264135	2118
264135	2119
264135	2131
264135	2137
264135	2175
264490	1953
264490	1960
264490	1965
264490	1981
264490	2046
264490	2063
266031	2109
266356	1976
266356	1998
266356	2013
266356	2035
266837	2050
266837	2077
266837	2078
266837	2080
266837	2110
267590	1934
267590	2018
267590	2023
267590	2035
267590	2050
267590	2062
267590	2077
267590	2080
267590	2083
267590	2090
267590	2105
267783	1987
267783	1992
267783	2000
267783	2064
267783	2079
268762	1932
268762	2057
268891	2000
268891	2001
268891	2005
268891	2042
268891	2050
268891	2063
268991	1897
268991	1934
268991	1937
268991	1943
268991	1944
268991	1960
268991	1996
268991	2049
268991	2050
268991	2080
268991	2096
268991	2109
269720	1957
269720	1989
269720	2005
269720	2030
269720	2049
269720	2050
269720	2080
269720	2109
271089	1900
271089	1985
271089	1993
271089	1998
271089	2014
271089	2024
271089	2030
271089	2033
271089	2045
271089	2063
271089	2079
271089	2096
271089	2106
271089	2109
271089	2127
271089	2137
271089	2175
271966	1942
271966	1944
271966	1993
271966	1996
271966	2009
271966	2029
271966	2041
271966	2048
271966	2061
271966	2064
271966	2071
271966	2079
271966	2090
271966	2112
271966	2127
271966	2175
271976	1947
271976	2000
271976	2006
271976	2008
271976	2029
271976	2046
271976	2050
271976	2078
271976	2079
271976	2080
271976	2083
271976	2095
271976	2109
271976	2122
272179	1924
272179	1949
272179	1976
272179	1998
272179	2019
272179	2023
272179	2030
272179	2034
272179	2067
272179	2086
272179	2106
272179	2112
272179	2119
272805	2023
273258	1879
273258	1907
273258	1927
273258	1942
273258	1945
273258	1947
273258	1992
273258	1998
273258	2004
273258	2050
273258	2066
273258	2175
273691	1897
273691	1942
273691	1943
273691	1947
273691	2013
273691	2014
273691	2050
273691	2080
273691	2083
273691	2088
273691	2108
273691	2120
273691	2128
274161	1908
274161	1944
274161	1966
274161	1986
274161	1991
274161	2005
274161	2032
274161	2363
274161	2967
275246	1900
275246	1919
275246	1921
275246	1941
275246	1956
275246	1981
275246	1993
275246	1997
275246	2013
275246	2021
275246	2040
276034	1993
276034	2025
276034	2045
276034	2050
276034	2065
276034	2071
276034	2081
276034	2083
276034	2084
276034	2088
276034	2107
276034	2115
276034	2120
276034	2125
276034	2144
276034	2197
277439	1996
277439	2029
277439	2050
277439	2065
277439	2116
278559	1885
278559	1888
278559	1901
278559	1911
278559	1916
278559	1934
278559	1949
278559	1951
278559	1956
278559	1957
278559	1958
278559	1960
278559	1962
278559	1966
278559	1968
278559	1975
278559	1981
278559	1985
278559	1986
278559	1995
278559	1998
278559	2001
278559	2005
278559	2017
278559	2018
278559	2019
278559	2032
278559	2033
278559	2037
278559	2057
278559	2062
278559	2063
278559	2078
278559	2096
278559	2116
278559	2137
278559	2290
278559	2292
278559	2583
278559	2698
278559	3280
278559	3356
278559	3466
278559	3475
281734	1882
281734	1885
281734	1886
281734	1890
281734	1893
281734	1910
281734	1916
281734	1917
281734	1919
281734	1920
281734	1921
281734	1922
281734	1925
281734	1929
281734	1931
281734	1934
281734	1936
281734	1937
281734	1940
281734	1941
281734	1948
281734	1950
281734	1951
281734	1954
281734	1956
281734	1957
281734	1962
281734	1973
281734	1982
281734	1986
281734	1997
281734	1998
281734	2039
282486	2028
282486	2049
282486	2050
282486	2074
282486	2080
282486	2081
282486	2109
282486	2144
282486	2175
284565	1943
284565	1965
284565	2005
284565	2034
284565	2049
284565	2061
284565	2065
284565	2067
284565	2080
284565	2081
284565	2086
284565	2107
284565	2120
290703	1928
290703	1937
290703	1942
290703	1970
290703	2023
290703	2028
290703	2042
290703	2065
290703	2102
290703	2112
290977	1897
290977	1934
290977	1938
290977	1942
290977	1947
290977	1956
290977	1957
290977	1963
290977	1979
290977	1985
290977	1995
290977	2008
290977	2015
290977	2023
290977	2028
290977	2036
290977	2059
290977	2077
290977	2078
290977	2079
290977	2084
290977	2088
290977	2093
290977	2096
290977	2105
290977	2111
290977	2123
290977	2128
292663	1895
292663	1897
292663	1924
292663	1926
292663	1927
292663	1938
292663	1946
292663	1956
292663	1968
292663	1987
292663	1990
292663	1992
292663	1993
292663	1997
292663	2000
292663	2004
292663	2012
292663	2014
292663	2035
292663	2038
292663	2039
292663	2050
292663	2058
292663	2068
292663	2078
292663	2088
292663	2110
294461	2045
294461	2096
294461	2109
294461	2125
294461	2137
294461	2169
294461	2197
296242	1912
296242	2005
296242	2037
296242	2042
296242	2045
296244	1956
296244	2057
296244	2093
296244	2110
296244	2205
296244	2448
297061	1900
297061	1942
297061	1964
297061	1965
297061	2004
297061	2026
297061	2050
297061	2059
297623	2050
298825	2050
298825	2063
298825	2175
299210	1877
299210	1911
299210	1928
299210	1934
299210	1943
299210	1957
299210	1989
299210	2029
299884	2364
300562	1867
300562	1868
300562	1874
300562	1875
300562	1877
300562	1880
300562	1883
300562	1886
300562	1890
300562	1894
300562	1895
300562	1897
300562	1902
300562	1903
300562	1904
300562	1905
300562	1906
300562	1909
300562	1911
300562	1913
300562	1914
300562	1918
300562	1919
300562	1922
300562	1924
300562	1933
300562	1938
300562	1940
300562	1941
300562	1942
300562	1949
300562	1950
300562	1952
300562	1954
300562	1958
300562	1959
300562	1964
300562	1967
300562	1969
300562	1973
300562	1976
300562	1977
300562	1979
300562	1980
300562	1983
300562	1984
300562	1989
300562	1990
300562	1997
300562	1999
300562	2000
300562	2001
300562	2002
300562	2011
300562	2014
300562	2020
300562	2026
301487	1928
301487	1960
301487	1963
301487	1993
301487	2001
301487	2006
301487	2050
301487	2063
301487	2150
301487	2194
302110	1907
302110	1910
302110	1915
302110	1922
302110	1923
302110	1938
302110	1940
302110	1941
302110	1991
302110	1995
302110	1996
302110	1999
302110	2015
302110	2017
302110	2018
302110	2080
302488	1875
302488	1904
302488	1919
302488	1927
302488	1937
302488	1944
302488	1946
302488	1954
302488	1957
302488	1968
302488	1973
302488	2009
302645	1958
302645	1963
302645	1980
302645	2001
302645	2004
302645	2021
302645	2042
302645	2065
302645	2081
302645	2087
303269	1897
303269	1928
303269	1934
303269	1937
303269	1942
303269	1943
303269	1947
303269	1948
303269	1957
303269	1960
303269	1963
303269	1970
303269	1980
303269	1987
303269	1993
303269	1996
303269	2005
303269	2006
303269	2018
303269	2019
303269	2023
303269	2028
303269	2029
303269	2031
303269	2036
303269	2042
303269	2043
303269	2046
303269	2048
303269	2057
303269	2059
303269	2061
303269	2063
303269	2065
303269	2077
303269	2088
303269	2090
303269	2102
303269	2127
305182	1885
305182	1908
305182	1925
305182	1944
305182	1966
305182	1977
305182	1981
305182	1982
305182	2024
305182	2032
305182	2048
305182	2105
306282	1943
306282	1953
306282	1956
306282	1960
306282	1965
306282	1970
306282	1980
306282	1981
306282	1992
306282	1999
306282	2001
306282	2004
306282	2008
306282	2019
306282	2022
306282	2023
306282	2029
306282	2030
306282	2036
306282	2047
306282	2050
306282	2054
306282	2059
306282	2061
306282	2063
306282	2069
306282	2077
306282	2078
306282	2079
306282	2080
306282	2084
306282	2086
306282	2090
306282	2093
306282	2095
306282	2105
306282	2109
306282	2122
306282	2127
306282	2131
306282	2144
306282	2175
306688	1902
306688	1943
306688	1947
306688	1948
306688	1956
306688	1960
306688	1963
306688	1966
306688	1968
306688	1986
306688	1991
306688	1992
306688	1993
306688	2005
306688	2035
306688	2050
306688	2052
306688	2066
306688	2068
306688	2080
306688	2109
307201	1864
307201	1866
307201	1876
307201	1878
307201	1880
307201	1882
307201	1886
307201	1887
307201	1888
307201	1893
307201	1894
307201	1898
307201	1902
307201	1903
307201	1905
307201	1906
307201	1907
307201	1909
307201	1918
307201	1922
307201	1924
307201	1925
307201	1926
307201	1934
307201	1937
307201	1940
307201	1941
307201	1942
307201	1950
307201	1954
307201	1957
307201	1958
307201	1959
307201	1961
307201	1967
307201	1968
307201	1970
307201	1973
307201	1980
307201	1983
307201	1986
307201	1987
307201	1991
307201	1997
307201	1999
307201	2000
307201	2023
307201	2031
307201	2033
307201	2036
307201	2040
307201	2041
307201	2043
307201	2049
307201	2050
307201	2051
307201	2052
307201	2054
307201	2055
307201	2056
307201	2064
307706	1897
307706	1958
307706	1993
307706	1995
307706	2005
307706	2015
307706	2019
307706	2025
307706	2059
307706	2079
307706	2081
307706	2093
307706	2098
308453	1918
308453	1923
308453	1926
308453	1934
308453	1940
308453	1941
308453	1942
308453	1949
308453	1954
308453	1957
308453	1958
308453	1959
308453	1961
308453	1964
308453	1967
308453	1968
308453	1969
308453	1970
308453	1971
308453	1976
308453	1977
308453	1980
308453	1985
308834	1873
308834	1875
308834	1876
308834	1878
308834	1880
308834	1882
308834	1883
308834	1884
308834	1886
308834	1888
308834	1894
308834	1902
308834	1903
308834	1904
308834	1906
308834	1909
308834	1910
308834	1913
308834	1914
308834	1917
308834	1918
308834	1919
308834	1920
308834	1921
308834	1922
308834	1924
308834	1925
308834	1929
308834	1931
308834	1933
308834	1934
308834	1936
308834	1937
308834	1938
308834	1940
308834	1941
308834	1942
308834	1943
308834	1944
308834	1948
308834	1953
308834	1954
308834	1957
308834	1958
308834	1970
308834	1971
308834	1972
308834	1975
308834	1976
308834	1977
308834	1979
308834	1980
308834	1981
308834	1985
308834	1987
308834	1989
308834	1991
308834	1993
308834	1995
308834	1996
308834	1997
308834	2000
308834	2001
308834	2002
308834	2005
308834	2008
308834	2016
308834	2018
308834	2020
308834	2023
308834	2032
308834	2044
308834	2081
308834	2182
309162	1943
309162	2005
309162	2018
309162	2029
309162	2036
309162	2042
309162	2045
309162	2049
309162	2050
309162	2077
309162	2080
309162	2081
309162	2083
309162	2085
309162	2086
309162	2088
309162	2103
309162	2107
309162	2108
309162	2109
309162	2120
309162	2126
309162	2128
309162	2144
309162	2164
309926	1980
309926	2050
309926	2080
309926	2096
309926	2144
310354	1872
310354	1873
310354	1877
310354	1894
310354	1895
310354	1897
310354	1911
310354	1919
310354	1921
310354	1922
310354	1924
310354	1925
310354	1926
310354	1927
310354	1928
310354	1931
310354	1932
310354	1933
310354	1934
310354	1936
310354	1937
310354	1938
310354	1940
310354	1942
310354	1943
310354	1944
310354	1946
310354	1948
310354	1949
310354	1950
310354	1951
310354	1953
310354	1954
310354	1956
310354	1958
310354	1968
310354	1970
310354	1973
310354	1974
310354	1977
310354	1978
310354	1979
310354	1980
310354	1984
310354	1986
310354	1987
310354	1988
310354	1989
310354	1991
310354	1993
310354	1996
310354	1997
310354	1999
310354	2000
310354	2001
310354	2002
310354	2005
310354	2006
310354	2008
310354	2010
310354	2013
310354	2014
310354	2015
310354	2018
310354	2019
310354	2023
310354	2024
310354	2025
310354	2026
310354	2028
310354	2029
310354	2030
310354	2032
310354	2034
310354	2035
310354	2036
310354	2037
310354	2038
310354	2040
310354	2042
310354	2043
310354	2044
310354	2045
310354	2046
310354	2048
310354	2052
310354	2056
310354	2059
310354	2060
310354	2061
310354	2062
310354	2064
310354	2066
310354	2067
310354	2068
310354	2087
310354	2100
310354	2102
310461	1877
310461	1900
310461	1937
310461	1942
310461	1947
310461	1957
310461	1960
310461	1992
310461	2063
310461	2093
310461	2175
310499	2015
310499	2155
312108	1953
312108	2000
312108	2001
312108	2004
312108	2023
312108	2025
312108	2030
312108	2032
312108	2034
312108	2049
312108	2050
312108	2059
312108	2063
312108	2067
312108	2070
312108	2076
312108	2078
312108	2083
312108	2088
312108	2093
312108	2096
312108	2109
312108	2116
312497	1921
312497	1922
312497	1925
312497	1926
312497	1927
312497	1929
312497	1930
312497	1931
312497	1937
312497	1938
312497	1943
312497	1944
312497	1946
312497	1948
312497	1949
312497	1951
312497	1952
312497	1954
312497	1956
312497	1957
312497	1958
312497	1959
312497	1961
312497	1968
312497	1973
312497	1977
312497	1979
312497	1980
312497	1981
312497	1986
312497	1990
312497	1997
312497	2000
312497	2006
312497	2008
312497	2013
312497	2020
312497	2024
312497	2043
312497	2044
312497	2050
313893	2112
314302	1942
314302	1960
314302	1985
314302	2005
314302	2098
314302	2116
314302	2119
314302	2144
315749	1948
315749	1960
315749	2021
315749	2065
316528	1948
316528	1980
316528	2020
316528	2023
316528	2041
316528	2051
316528	2060
316528	2063
316528	2079
316528	2120
318503	1877
318503	1897
318503	1924
318503	1925
318503	1926
318503	1929
318503	1937
318503	1941
318503	1943
318503	1957
318503	1963
318503	1966
318503	1970
318503	1976
318503	1980
318503	1981
318503	1987
318503	1992
318503	1993
318503	1995
318503	1998
318503	2000
318503	2001
318503	2006
318503	2008
318503	2012
318503	2018
318503	2025
318503	2026
318503	2028
318503	2029
318503	2032
318503	2034
318503	2036
318503	2038
318503	2039
318503	2040
318503	2044
318503	2045
318503	2046
318503	2051
318503	2053
318503	2057
318503	2061
318503	2063
318503	2064
318503	2065
318503	2067
318503	2068
318503	2069
318503	2070
318503	2071
318503	2084
318503	2088
318503	2089
318503	2091
318503	2096
318503	2101
318503	2102
318503	2105
318503	2109
318503	2111
318503	2117
318503	2119
318503	2122
318503	2127
318503	2137
318503	2175
318518	2049
318518	2080
318518	2081
318518	2083
318518	2093
318518	2109
318518	2126
318518	2129
318518	2136
318518	2144
318518	2148
318518	2175
318993	1943
318993	1948
318993	1949
318993	1953
318993	1958
318993	1960
318993	1962
318993	1975
318993	1976
318993	1979
318993	1980
318993	1981
318993	1989
318993	1993
318993	1996
318993	1998
318993	2004
318993	2013
318993	2015
318993	2018
318993	2019
318993	2020
318993	2021
318993	2025
318993	2028
318993	2029
318993	2030
318993	2031
318993	2033
318993	2039
318993	2040
318993	2042
318993	2044
318993	2050
318993	2054
318993	2056
318993	2057
318993	2059
318993	2065
318993	2067
318993	2069
318993	2070
318993	2075
318993	2076
318993	2077
318993	2078
318993	2081
318993	2084
318993	2086
318993	2087
318993	2088
318993	2090
318993	2093
318993	2102
318993	2106
318993	2107
318993	2109
318993	2111
318993	2122
318993	2131
318993	2132
318993	2147
318993	2159
318993	2164
319194	1949
319194	1993
319194	2079
319194	2088
319194	2119
320537	1890
320537	1893
320537	1897
320537	1904
320537	1911
320537	1919
320537	1920
320537	1921
320537	1922
320537	1924
320537	1928
320537	1931
320537	1932
320537	1933
320537	1934
320537	1936
320537	1937
320537	1938
320537	1940
320537	1944
320537	1946
320537	1948
320537	1949
320537	1951
320537	1952
320537	1956
320537	1957
320537	1958
320537	1962
320537	1966
320537	1968
320537	1970
320537	1973
320537	1977
320537	1980
320537	1981
320537	1982
320537	1984
320537	1985
320537	1986
320537	1987
320537	1988
320537	1990
320537	1991
320537	1993
320537	1995
320537	1996
320537	2025
320537	2043
320537	2064
320537	2079
321036	1948
321036	1985
321036	2028
321036	2066
321235	1900
321235	1925
321235	1942
321235	1943
321235	1944
321235	1957
321235	1960
321235	1980
321235	1993
321235	2005
321235	2043
321235	2063
321235	2096
321235	2102
321346	1941
321346	1950
321346	1996
321346	2015
321346	2040
321346	2057
321348	1910
321348	1956
321348	1993
321348	1996
321348	2000
321348	2001
321348	2017
321348	2022
321348	2029
321348	2042
321348	2043
321348	2049
321348	2052
321348	2059
321348	2061
321348	2062
321348	2064
321348	2065
321348	2078
321348	2086
321348	2090
321348	2100
321348	2110
321348	2116
321348	2118
321348	2137
321491	1943
321491	1947
321491	1962
321491	1992
321491	2005
321491	2007
321491	2045
321491	2060
321491	2096
321491	2127
321491	2175
322216	1877
322216	1885
322216	1908
322216	1944
322216	1966
322216	1969
322216	1973
322216	1974
322216	1977
322216	1981
322216	1982
322216	1983
322216	1984
322216	1985
322216	1986
322216	1987
322216	1990
322216	1991
322216	2008
322216	2009
322216	2010
322216	2011
322216	2016
322216	2022
322216	2032
322216	2034
322216	2038
322216	2042
322216	2043
322216	2046
322216	2048
322216	2056
322216	2059
322216	2062
322465	1917
322465	1921
322465	1922
322465	1924
322465	1988
322465	2012
322465	2068
322531	1866
322531	1869
322531	1872
322531	1878
322531	1879
322531	1883
322531	1885
322531	1889
322531	1895
322531	1897
322531	1901
322531	1902
322531	1904
322531	1905
322531	1906
322531	1910
322531	1914
322531	1915
322531	1916
322531	1921
322531	1922
322531	1923
322531	1925
322531	1926
322531	1927
322531	1936
322531	1937
322531	1938
322531	1940
322531	1944
322531	1945
322531	1947
322531	1949
322531	1956
322531	1960
322531	1970
322531	1978
322531	1985
322531	1992
322531	1993
322531	2000
322531	2001
322531	2005
322531	2006
322531	2007
322531	2008
322531	2009
322531	2014
322531	2016
322531	2017
322531	2018
322531	2022
322531	2023
322531	2030
322531	2036
322531	2037
322531	2045
322531	2062
322531	2067
322531	2076
322531	2079
322531	2089
322531	2100
322531	2116
322531	2175
324280	1900
324280	1943
324280	1957
324280	2028
324280	2049
324280	2050
324280	2054
324280	2065
324280	2074
324280	2080
324280	2093
324280	2109
325823	2000
325823	2005
325823	2050
325823	2109
326002	1900
326002	1928
326002	1932
326002	1943
326002	2050
326002	2074
326002	2081
326768	1942
326768	1947
326768	1965
326768	1968
326768	1985
326768	2004
326768	2021
326768	2030
326768	2045
326768	2079
326768	2128
326768	2162
326915	1992
326915	2005
326915	2049
327130	1897
327130	1900
327130	1924
327130	1927
327130	1932
327130	1934
327130	1937
327130	1942
327130	1943
327130	1944
327130	1946
327130	1949
327130	1953
327130	1956
327130	1957
327130	1958
327130	1960
327130	1962
327130	1963
327130	1966
327130	1968
327130	1970
327130	1980
327130	1981
327130	1982
327130	1986
327130	1993
327130	1997
327130	1998
327130	2000
327130	2001
327130	2004
327130	2012
327130	2013
327130	2017
327130	2018
327130	2019
327130	2022
327130	2023
327130	2025
327130	2029
327130	2030
327130	2031
327130	2033
327130	2034
327130	2036
327130	2038
327130	2043
327130	2046
327130	2050
327130	2051
327130	2056
327130	2061
327130	2062
327130	2063
327130	2065
327130	2068
327130	2076
327130	2077
327130	2078
327130	2086
327130	2088
327130	2089
327130	2090
327130	2100
327130	2118
327999	1993
327999	2004
327999	2063
329126	1948
329126	1963
329126	2006
329126	2024
329126	2029
329126	2054
329126	2083
330387	1995
330387	2004
330387	2049
330387	2062
330387	2066
330387	2109
330387	2112
330407	1943
330407	1975
330407	1980
330407	1993
330407	1996
330407	2000
330407	2006
330407	2018
330407	2023
330407	2025
330407	2028
330407	2029
330407	2031
330407	2039
330407	2043
330407	2050
330407	2065
330407	2078
330407	2080
330407	2081
330407	2090
330407	2110
330407	2118
332101	2050
332101	2080
332204	2004
332204	2073
332204	2080
332204	2086
332346	1910
332346	1913
332346	1915
332346	1916
332346	1917
332346	1919
332346	1924
332346	1925
332346	1926
332346	1927
332346	1928
332346	1938
332346	1940
332346	1941
332346	1942
332346	1943
332346	1944
332346	1949
332346	1950
332346	1951
332346	1952
332346	1954
332346	1955
332346	1956
332346	1957
332346	1959
332346	1961
332346	1962
332346	1966
332346	1967
332346	1968
332346	1969
332346	1971
332346	1974
332346	1977
332346	1982
332346	1983
332346	1984
332346	1986
332346	1987
332346	1988
332346	1990
332346	1993
332346	1994
332346	1996
332346	2006
332346	2012
332346	2014
332346	2016
332346	2018
332346	2046
332346	2068
334571	1895
334571	1947
334571	1957
334571	1960
334571	1963
334571	1985
334571	1992
334571	2063
334571	2073
334571	2137
334571	2175
334705	1910
334705	1916
334705	1934
334705	2065
334998	1993
334998	2038
334998	2042
334998	2049
334998	2062
334998	2083
334998	2100
334998	2112
334998	2124
334998	2618
