1750	1251
1750	1258
1750	1265
1750	1301
1750	1306
1750	1307
1750	1308
1750	1313
1750	1316
1750	1328
1750	1331
1750	1373
1750	1381
1750	1385
1791	1259
1791	1265
1791	1278
1791	1284
1791	1292
1791	1301
1791	1325
1791	1338
1791	1341
1791	1369
2068	1251
2068	1257
2068	1265
2068	1284
2068	1287
2068	1305
2068	1321
2068	1335
2068	1353
3306	1219
3306	1251
3306	1257
3306	1265
3306	1266
3306	1268
3306	1284
3306	1291
3306	1293
3306	1298
3306	1306
3306	1313
3306	1334
3306	1335
3306	1341
3306	1342
3306	1360
3306	1363
3306	1383
3651	1201
3651	1219
3651	1221
3651	1240
3651	1256
3651	1283
3651	1295
3651	1298
3651	1301
3651	1318
3651	1321
3651	1323
3651	1336
3651	1341
3651	1356
3651	1395
3892	1248
3892	1255
3892	1257
3892	1274
3892	1286
3892	1291
3892	1297
3892	1317
3892	1318
3892	1319
3892	1327
3892	1329
3892	1331
3892	1339
3892	1344
3892	1363
3892	1383
3892	1385
3892	1403
4805	1243
4805	1265
4805	1267
4805	1284
4805	1321
4805	1324
4805	1341
4805	1344
4966	1316
4966	1335
4966	1339
4966	1371
6237	1284
6237	1293
6237	1308
6237	1321
6237	1323
6237	1363
6648	1251
6648	1257
6648	1258
6648	1289
6648	1293
6648	1308
6690	1259
6690	1265
6690	1269
6690	1277
6690	1291
6690	1293
6690	1294
6690	1302
6690	1306
6690	1313
6690	1316
6690	1318
6690	1321
6690	1323
6690	1329
6690	1331
6690	1335
6690	1337
6690	1342
6690	1359
6690	1383
6935	1308
6935	1313
6935	1317
6935	1335
7146	1348
7146	1371
7146	1373
7146	1385
7146	1396
7146	1416
7146	1418
7490	1228
7490	1262
7490	1265
7490	1306
7490	1316
7784	1237
7808	1248
7808	1251
7808	1257
7808	1258
7808	1262
7808	1283
7808	1284
7808	1285
7808	1291
7808	1295
7808	1298
7808	1306
7808	1308
7808	1310
7808	1311
7808	1313
7808	1316
7808	1318
7808	1326
7808	1328
7808	1333
7808	1345
7808	1386
7808	1395
7886	1282
7886	1284
7886	1286
7886	1291
7886	1293
7886	1294
7886	1310
7886	1327
7886	1331
7886	1337
7886	1341
7886	1353
7886	1356
7886	1360
7886	1371
7886	1373
7886	1379
7886	1407
9386	1201
9386	1203
9386	1204
9386	1205
9386	1206
9386	1208
9386	1209
9386	1216
9386	1218
9386	1220
9386	1222
9386	1223
9386	1226
9386	1229
9386	1230
9386	1237
9386	1239
9386	1244
9386	1247
9386	1249
9386	1251
9386	1253
9386	1254
9386	1256
9386	1258
9386	1259
9386	1261
9386	1262
9386	1263
9386	1265
9386	1267
9386	1274
9386	1275
9386	1276
9386	1277
9386	1278
9386	1280
9386	1284
9386	1286
9386	1287
9386	1288
9386	1292
9386	1293
9386	1296
9386	1307
9386	1328
9919	1294
9919	1306
9919	1315
9919	1316
9919	1349
9919	1375
9919	1383
10031	1251
10031	1256
10031	1268
10031	1295
10031	1306
10031	1307
10031	1316
10031	1326
10031	1386
10223	1219
10223	1221
10223	1222
10223	1225
10223	1226
10223	1227
10223	1231
10223	1233
10223	1234
10223	1245
10223	1247
10223	1250
10223	1254
10223	1255
10223	1256
10223	1258
10223	1259
10223	1261
10223	1262
10223	1269
10223	1270
10223	1271
10223	1275
10223	1278
10223	1279
10223	1283
10223	1284
10223	1285
10223	1286
10223	1288
10223	1290
10223	1323
10223	1356
10252	1296
10252	1304
10252	1308
10252	1315
10252	1321
10252	1323
10252	1329
10252	1331
10252	1339
10252	1340
10252	1342
10252	1345
10252	1346
10252	1356
10252	1360
10252	1363
10252	1369
10252	1375
10252	1383
10252	1385
11945	1240
11945	1250
11945	1251
11945	1267
11945	1268
11945	1301
11945	1321
11945	1337
11945	1353
12604	1265
12604	1269
12604	1284
12604	1313
12604	1318
12604	1321
12604	1342
12604	1381
13361	1251
13361	1255
13361	1283
13361	1291
13361	1313
13361	1317
13361	1335
13361	1339
13361	1344
13361	1383
15947	1265
15947	1284
15947	1303
15947	1313
15947	1383
15947	1407
16033	1251
16033	1257
16033	1313
16033	1317
16033	1331
16339	1219
16339	1226
16339	1228
16339	1244
16339	1245
16339	1248
16339	1249
16339	1251
16339	1254
16339	1255
16339	1258
16339	1259
16339	1260
16339	1262
16339	1265
16339	1267
16339	1269
16339	1270
16339	1272
16339	1274
16339	1276
16339	1277
16339	1278
16339	1279
16339	1281
16339	1282
16339	1284
16339	1285
16339	1286
16339	1289
16339	1290
16339	1291
16339	1294
16339	1295
16339	1297
16339	1301
16339	1302
16339	1304
16339	1310
16339	1321
16339	1324
16339	1326
16339	1335
16339	1336
16339	1337
16339	1341
16339	1347
16339	1357
16339	1375
16339	1376
16339	1381
16339	1383
16339	1393
16339	1395
16339	1407
16339	1412
16339	1448
16385	1251
16385	1265
16385	1284
16385	1291
16385	1293
16385	1306
16385	1310
16385	1313
16385	1316
16385	1317
16385	1318
16385	1335
16385	1363
16385	1381
16385	1383
16385	1407
16385	1465
17064	1221
17064	1259
17064	1269
17064	1281
17064	1284
17064	1295
17064	1305
17064	1326
17064	1363
17064	1383
17064	1407
18825	1251
19141	1268
19141	1302
19141	1321
19141	1346
19141	1360
19141	1363
19141	1383
19141	1407
20447	1251
20447	1258
20447	1260
20447	1266
20447	1277
20447	1284
20447	1291
20447	1293
20447	1294
20447	1301
20447	1306
20447	1308
20447	1313
20447	1316
20447	1318
20447	1321
20447	1326
20447	1329
20447	1333
20447	1335
20447	1342
20447	1345
20447	1348
20447	1349
20447	1353
20447	1359
20447	1360
20447	1361
20447	1371
20447	1373
20447	1374
20447	1381
20447	1383
20447	1385
20447	1388
20447	1397
20447	1409
23192	1244
23192	1297
23192	1342
24134	1250
24134	1251
24134	1259
24134	1265
24134	1267
24134	1269
24134	1278
24134	1281
24134	1293
24134	1299
24134	1302
24134	1313
24134	1317
24134	1318
24134	1328
24134	1345
24134	1349
24134	1381
24134	1407
24217	1251
24217	1282
24217	1337
24371	1259
24371	1265
24371	1278
24371	1281
24371	1284
24371	1286
24371	1293
24371	1301
24371	1302
24371	1303
24371	1306
24371	1307
24371	1308
24371	1312
24371	1313
24371	1316
24371	1317
24371	1318
24371	1321
24371	1323
24371	1324
24371	1328
24371	1330
24371	1333
24371	1334
24371	1335
24371	1341
24371	1342
24371	1345
24371	1347
24371	1353
24371	1381
24371	1395
24371	1407
24371	1448
26712	1239
26712	1241
26712	1245
26712	1248
26712	1251
26712	1262
26712	1272
26712	1278
26712	1282
26712	1285
26712	1297
26712	1312
26712	1315
26712	1319
26712	1339
26712	1353
26712	1357
26712	1364
26712	1367
26712	1370
26712	1373
26712	1391
26712	1400
26712	1432
26712	1448
27321	1251
27321	1257
27321	1314
27321	1333
27321	1356
27501	1251
27501	1256
27501	1257
27501	1268
27501	1295
27501	1316
27501	1318
27501	1321
27501	1335
27501	1345
27501	1381
29255	1195
29255	1206
29255	1209
29255	1210
29255	1212
29255	1214
29255	1218
29255	1219
29255	1220
29255	1221
29255	1222
29255	1225
29255	1226
29255	1227
29255	1230
29255	1231
29255	1232
29255	1233
29255	1234
29255	1237
29255	1239
29255	1244
29255	1245
29255	1247
29255	1248
29255	1251
29255	1255
29255	1256
29255	1258
29255	1259
29255	1260
29255	1261
29255	1262
29255	1267
29255	1269
29255	1270
29255	1275
29255	1279
29255	1280
29255	1285
29255	1288
29255	1289
29255	1290
29255	1292
29778	1243
29778	1251
29778	1286
29778	1293
29778	1306
29778	1313
29778	1316
29778	1317
29778	1318
29778	1324
29778	1333
29778	1335
29778	1345
29778	1356
29778	1371
29778	1373
29778	1379
29778	1381
29778	1385
29778	1413
30733	1265
30733	1307
33540	1428
34154	1251
34154	1257
34154	1265
34154	1268
34154	1293
34154	1301
34154	1318
34154	1333
34154	1335
34154	1345
34154	1371
34154	1385
34154	1407
34611	1265
34611	1267
34611	1277
34611	1301
34611	1316
35478	1245
35478	1247
35478	1249
35478	1250
35478	1255
35478	1256
35478	1258
35478	1259
35478	1261
35478	1262
35478	1267
35478	1269
35478	1274
35478	1277
35478	1278
35478	1279
35478	1283
35478	1284
35478	1285
35478	1287
35478	1288
35478	1289
35478	1292
35478	1293
35478	1300
35713	1228
35713	1248
35713	1255
35713	1257
35713	1269
35713	1275
35713	1277
35713	1279
35713	1282
35713	1286
35713	1287
35713	1291
35713	1293
35713	1294
35713	1301
35713	1304
35713	1306
35713	1307
35713	1308
35713	1310
35713	1313
35713	1316
35713	1317
35713	1318
35713	1324
35713	1326
35713	1331
35713	1333
35713	1334
35713	1335
35713	1339
35713	1342
35713	1343
35713	1344
35713	1345
35713	1347
35713	1348
35713	1363
35713	1403
35713	1409
35966	1251
35966	1259
35966	1265
35966	1283
35966	1308
35966	1321
35966	1337
35966	1345
35966	1360
35966	1385
36790	1345
36790	1385
37043	1218
37043	1232
37043	1252
37043	1256
37043	1269
37043	1274
37043	1281
37043	1284
37043	1298
37043	1301
37043	1306
37043	1321
37043	1330
37043	1333
37043	1334
37043	1335
37043	1341
37043	1342
37043	1345
37043	1356
37043	1395
37043	1409
38013	1221
38013	1230
38013	1232
38013	1233
38013	1247
38013	1261
38013	1271
38013	1331
38013	1335
38479	1247
38479	1249
38479	1250
38479	1251
38479	1252
38479	1255
38479	1258
38479	1262
38479	1265
38479	1267
38479	1271
38479	1273
38479	1275
38479	1276
38479	1277
38479	1278
38479	1279
38479	1282
38479	1284
38479	1286
38479	1287
38479	1288
38479	1289
38479	1290
38479	1293
38479	1296
38479	1297
38479	1299
38479	1300
38479	1301
38479	1302
38479	1303
38479	1305
38479	1307
38479	1308
38479	1310
38479	1311
38479	1312
38479	1313
38479	1314
38479	1315
38479	1316
38479	1317
38479	1318
38479	1320
38479	1321
38479	1322
38479	1323
38479	1324
38479	1325
38479	1326
38479	1327
38479	1328
38479	1330
38479	1332
38479	1333
38479	1335
38479	1337
38479	1341
38479	1342
38479	1343
38479	1346
38479	1347
38479	1353
38479	1356
38479	1357
38479	1360
38479	1381
38479	1383
38479	1385
38479	1393
38479	1395
38479	1403
38479	1407
38479	1448
39142	1251
39142	1266
39142	1306
39142	1333
39142	1384
39142	1390
39275	1244
39275	1265
39275	1284
39275	1301
39275	1305
39275	1306
39275	1313
39275	1319
39275	1321
39275	1323
39275	1341
39275	1347
39275	1356
39275	1360
39275	1395
40242	1209
40242	1217
40242	1219
40242	1225
40242	1252
40242	1255
40242	1259
40242	1262
40242	1263
40242	1273
40242	1279
40242	1281
40242	1284
40242	1287
40242	1293
40242	1301
40242	1368
40556	1307
40556	1316
40556	1317
40556	1326
40556	1333
40556	1335
40556	1353
40556	1363
40963	1284
40963	1339
40963	1356
43096	1248
43096	1251
43096	1257
43096	1276
43096	1289
43096	1291
43096	1329
43096	1339
43362	1219
43362	1220
43362	1221
43362	1222
43362	1225
43362	1226
43362	1227
43362	1228
43362	1233
43362	1238
43362	1248
43362	1250
43362	1251
43362	1252
43362	1253
43362	1255
43362	1259
43362	1260
43362	1261
43362	1262
43362	1265
43362	1266
43362	1267
43362	1272
43362	1273
43362	1274
43362	1275
43362	1276
43362	1277
43362	1279
43362	1280
43362	1283
43362	1284
43362	1285
43362	1287
43362	1288
43362	1289
43362	1290
43362	1292
43362	1294
43362	1296
43362	1300
43362	1303
43362	1304
43362	1308
43362	1309
43362	1314
43362	1315
43362	1316
43362	1317
43362	1319
43362	1322
43362	1324
43362	1328
43362	1342
43362	1368
43362	1750
43362	2151
43362	2579
48570	1243
48570	1251
48570	1265
48570	1293
48570	1316
48570	1323
48570	1327
48570	1368
49279	1218
49279	1240
49279	1251
49279	1269
49279	1284
49279	1295
49279	1298
49279	1303
49279	1306
49279	1335
49279	1341
49279	1381
49508	1255
49508	1256
49508	1259
49508	1277
49508	1295
49508	1301
49508	1303
49508	1306
49508	1312
49508	1337
49508	1341
49508	1359
49508	1381
49763	1255
49763	1257
49763	1259
49763	1276
49763	1295
49763	1308
49763	1310
49763	1326
49763	1331
49763	1335
49763	1336
49763	1341
49763	1363
49939	1209
49939	1218
49939	1219
49939	1221
49939	1222
49939	1227
49939	1230
49939	1233
49939	1239
50354	1231
50354	1233
50354	1234
50354	1238
50354	1244
50354	1247
50354	1250
50354	1256
50354	1257
50354	1259
50354	1260
50354	1261
50354	1262
50354	1267
50354	1269
50354	1275
50354	1276
50354	1277
50354	1279
50354	1280
50354	1283
50354	1284
50354	1285
50354	1287
50354	1290
50354	1292
50354	1294
50354	1296
50354	1300
50354	1301
50354	1306
50354	1312
50714	1284
50714	1308
50714	1314
50714	1322
50714	1337
50714	1347
51394	1293
51394	1306
51394	1316
51394	1317
51394	1318
51394	1321
51394	1323
51394	1334
51394	1344
51394	1348
51394	1352
51394	1356
51394	1368
51394	1370
51394	1371
51394	1373
51394	1379
51394	1381
51394	1383
51394	1388
51394	1390
51394	1396
51394	1401
51394	1405
51394	1418
51394	1423
51394	1473
51408	1243
51408	1251
51408	1306
51408	1308
51408	1342
51566	1243
51566	1244
51566	1251
51566	1269
51566	1274
51566	1281
51566	1284
51566	1287
51566	1289
51566	1293
51566	1297
51566	1301
51566	1305
51566	1306
51566	1313
51566	1318
51566	1319
51566	1321
51566	1330
51566	1331
51566	1333
51566	1334
51566	1335
51566	1339
51566	1346
51566	1347
51566	1360
51566	1383
51581	1257
51581	1282
51581	1284
51581	1293
51581	1308
51581	1321
51581	1356
51581	1358
51581	1361
51581	1373
51581	1385
51581	1421
51581	1459
51581	1489
51581	1665
51581	1757
51581	1802
51581	1897
51581	1933
54970	1251
54970	1281
54970	1282
54970	1301
54970	1324
54970	1331
54970	1335
54970	1337
54970	1342
54970	1346
54970	1359
54970	1381
55063	1244
55063	1249
55063	1251
55063	1260
55063	1265
55063	1267
55063	1269
55063	1274
55063	1278
55063	1284
55063	1289
55063	1297
55063	1302
55063	1303
55063	1304
55063	1305
55063	1312
55063	1315
55063	1317
55063	1320
55063	1323
55063	1324
55063	1325
55063	1331
55063	1333
55063	1335
55063	1338
55063	1339
55063	1340
55063	1342
55063	1343
55063	1345
55063	1346
55063	1349
55063	1350
55063	1353
55063	1354
55063	1356
55063	1362
55063	1365
55063	1369
55063	1370
55063	1371
55063	1372
55063	1375
55063	1376
55063	1382
55063	1383
55063	1385
55063	1391
55063	1407
55063	1448
55401	1227
55401	1284
55401	1294
55401	1296
55401	1301
55401	1303
55401	1323
55401	1337
55401	1339
55401	1356
55401	1379
55401	1395
55401	1397
55634	1251
55634	1257
55634	1265
55634	1268
55634	1287
55634	1313
55634	1316
55634	1317
55634	1318
55634	1335
55634	1345
55828	1243
55828	1250
55828	1251
55828	1255
55828	1257
55828	1275
56783	1251
56783	1293
56783	1316
56783	1326
57311	1195
57311	1198
57311	1200
57311	1202
57311	1203
57311	1204
57311	1205
57311	1206
57311	1207
57311	1225
57311	1227
57311	1228
57311	1229
57311	1230
57311	1232
57311	1244
57311	1247
57311	1248
57311	1252
57311	1253
57311	1254
57311	1255
57311	1256
57311	1257
57311	1259
57311	1262
57311	1263
57311	1264
57311	1265
57311	1266
57311	1267
57311	1269
57311	1270
57311	1271
57311	1273
57311	1274
57311	1275
57311	1276
57311	1277
57311	1278
57311	1279
57311	1280
57311	1282
57311	1283
57311	1284
57311	1285
57311	1286
57311	1287
57311	1288
57311	1289
57311	1290
57311	1291
57311	1292
57311	1293
57311	1296
57311	1298
57311	1322
58236	1284
58236	1301
58236	1315
58236	1334
58236	1347
58236	1383
59154	1243
59154	1348
59266	1265
59266	1266
59266	1293
59266	1313
59266	1317
59266	1318
59266	1326
59323	1251
59323	1293
59323	1385
59733	1248
59733	1251
59733	1255
59733	1265
59733	1266
59733	1281
59733	1287
59733	1296
59733	1301
59733	1313
59733	1316
59733	1317
59733	1318
59733	1326
59733	1328
59733	1333
59733	1337
59733	1339
59733	1342
59733	1345
59733	1347
59733	1383
59733	1403
60244	1293
60244	1317
60244	1323
60244	1348
60244	1361
60244	1368
60244	1373
60244	1379
60244	1385
60244	1465
60597	1243
60597	1251
60597	1257
60597	1258
60597	1293
60597	1301
60597	1317
60597	1318
60597	1335
60597	1356
60597	1385
60986	1293
60986	1317
60986	1333
60986	1335
60986	1354
61760	1257
61760	1295
61892	1219
61892	1240
61892	1255
61892	1299
61892	1312
61892	1322
62161	1226
62161	1240
62161	1252
62161	1265
62161	1268
62161	1271
62161	1274
62161	1295
62161	1302
62161	1305
62161	1331
62161	1341
62161	1343
62161	1359
62161	1369
62161	1381
62161	1523
62341	1277
62341	1284
62341	1306
62341	1308
62341	1317
62341	1325
62341	1327
62341	1331
62341	1333
62341	1339
62341	1349
62341	1357
62341	1363
62341	1375
63772	1265
63772	1268
63772	1282
63772	1289
63772	1305
63772	1320
63772	1321
63772	1332
63772	1334
63772	1356
63772	1360
63772	2209
64080	1284
64080	1301
64080	1321
64080	1323
64080	1395
64829	1275
65398	1206
65398	1212
65398	1218
65398	1219
65398	1220
65398	1221
65398	1222
65398	1251
65398	1257
65398	1259
65398	1260
65398	1261
65398	1262
65398	1263
65398	1266
65398	1267
65398	1269
65398	1271
65398	1272
65398	1273
65398	1275
65398	1278
65398	1279
65398	1300
65398	1306
65398	1376
66068	1268
66068	1293
66068	1308
66068	1313
66068	1317
66068	1321
66068	1335
66068	1353
66068	1363
67353	1254
67353	1258
67353	1290
67461	1243
67461	1244
67461	1249
67461	1251
67461	1257
67461	1258
67461	1259
67461	1260
67461	1265
67461	1269
67461	1274
67461	1277
67461	1282
67461	1287
67461	1289
67461	1290
67461	1291
67461	1293
67461	1294
67461	1296
67461	1300
67461	1302
67461	1306
67461	1307
67461	1308
67461	1310
67461	1311
67461	1313
67461	1314
67461	1315
67461	1316
67461	1317
67461	1318
67461	1321
67461	1322
67461	1324
67461	1326
67461	1329
67461	1330
67461	1331
67461	1333
67461	1335
67461	1337
67461	1339
67461	1341
67461	1342
67461	1343
67461	1345
67461	1346
67461	1347
67461	1349
67461	1353
67461	1356
67461	1359
67461	1360
67461	1363
67461	1369
67461	1371
67461	1372
67461	1381
67461	1383
67461	1385
67461	1391
67461	1403
67461	1407
67461	1448
67976	1268
67976	1282
67976	1313
67976	1318
67976	1321
67976	1331
67976	1354
67976	1372
67976	1373
67976	1410
67976	1428
67976	1430
67976	1446
67976	1499
69326	1359
69367	1227
69367	1256
69367	1265
69367	1268
69367	1308
69367	1318
69367	1321
70527	1291
70527	1308
70527	1313
70527	1317
70527	1318
70527	1334
70527	1379
70527	1383
70725	1241
70725	1244
70725	1247
70725	1249
70725	1269
70725	1271
70725	1281
70725	1282
70725	1285
70725	1289
70725	1294
70725	1306
70725	1315
70725	1329
70725	1331
70725	1335
70725	1363
70725	1381
70725	1383
70725	1403
74146	1295
74146	1340
74146	1550
74146	1558
74146	1604
74489	1244
74489	1251
74489	1255
74489	1256
74489	1267
74489	1283
74489	1289
74489	1293
74489	1295
74489	1305
74489	1306
74489	1319
74489	1329
74489	1341
74489	1383
74489	1753
75277	1251
75277	1258
75277	1265
75277	1269
75277	1281
75277	1282
75277	1284
75277	1287
75277	1296
75277	1299
75277	1300
75277	1302
75277	1306
75277	1307
75277	1308
75277	1311
75277	1313
75277	1316
75277	1318
75277	1334
75277	1345
75277	1347
75277	1356
75277	1383
75277	1385
75277	1395
75277	1403
75729	1293
75729	1303
75729	1312
75729	1324
75729	1339
75729	1353
75729	1376
75729	1448
76710	1233
76710	1244
76710	1245
76710	1254
76710	1270
76710	1271
76710	1277
76710	1283
76710	1285
76710	1293
76710	1296
76770	1266
76770	1293
76770	1294
76770	1308
76770	1313
76770	1317
76770	1318
76770	1326
76770	1333
76770	1335
76770	1345
76770	1347
76770	1348
76770	1349
76770	1363
76770	1371
76770	1373
76770	1379
76770	1385
76770	1390
76770	1398
76770	1401
76770	1409
76903	1205
76903	1245
76903	1248
76903	1255
76903	1257
76903	1262
76903	1266
76903	1277
76903	1286
76903	1291
76903	1293
76903	1294
76903	1301
76903	1306
76903	1307
76903	1316
76903	1318
76903	1330
76903	1334
76903	1335
76903	1344
76903	1359
77722	1210
77722	1214
77722	1216
77722	1219
77722	1226
77722	1227
77722	1229
77722	1231
77722	1232
77722	1233
77722	1244
77722	1252
77722	1256
77722	1259
77722	1260
77722	1261
77722	1262
77722	1265
77722	1266
77722	1272
77722	1273
77722	1277
77722	1280
77722	1283
77722	1284
77722	1285
77722	1287
77722	1289
77722	1293
77722	1294
77722	1300
77722	1303
77722	1305
77735	1337
77735	1340
77735	1344
77735	1384
77735	1423
79123	1265
79123	1306
79123	1316
79123	1318
79123	1323
79123	1333
79123	1342
79123	1348
79123	1356
79123	1368
79123	1373
79123	1418
80640	1259
80640	1285
80640	1293
80640	1294
80640	1301
80640	1302
80640	1306
80640	1308
80640	1316
80640	1319
80640	1321
80640	1322
80640	1323
80640	1327
80640	1334
80640	1337
80640	1352
80640	1367
80640	1375
80640	1376
80640	1380
80640	1381
80640	1382
80640	1383
80640	1398
80640	1405
80640	1407
80640	1420
83962	1266
84151	1308
84151	1333
85202	1258
85202	1281
86243	1243
86243	1257
86243	1293
86243	1317
86243	1345
86243	1383
86809	1227
86809	1265
86809	1281
86809	1303
86809	1324
86809	1329
86809	1349
86809	1353
86809	1360
86809	1407
87923	1251
87923	1256
87923	1265
87923	1266
87923	1270
87923	1284
87923	1293
87923	1295
87923	1296
87923	1299
87923	1301
87923	1305
87923	1307
87923	1310
87923	1313
87923	1316
87923	1326
87923	1332
87923	1334
87923	1347
87923	1381
87923	1395
87923	1459
87923	2249
87923	2314
89465	1321
90015	1193
90015	1194
90015	1200
90015	1203
90015	1204
90015	1206
90015	1209
90015	1216
90015	1219
90015	1220
90015	1222
90015	1226
90015	1230
90015	1247
90015	1248
90015	1249
90015	1255
90015	1259
90015	1261
90015	1262
90015	1266
90015	1270
90015	1271
90015	1287
90015	1289
90015	1292
90015	1294
90015	1300
90015	1302
90015	1309
90015	1316
90015	1336
90015	1378
90015	1387
92675	1243
92675	1256
92675	1265
92675	1284
92675	1287
92675	1296
92675	1301
92675	1334
92675	1347
92675	1393
94173	1243
94173	1249
94173	1251
94173	1258
94173	1282
94173	1291
94173	1297
94173	1302
94173	1310
94173	1315
94173	1329
94173	1331
94173	1337
94173	1344
94173	1383
94173	2195
94528	1234
94528	1240
94528	1243
94528	1251
94528	1258
94528	1265
94528	1268
94528	1282
94528	1284
94528	1286
94528	1290
94528	1292
94528	1293
94528	1296
94528	1298
94528	1306
94528	1312
94528	1313
94528	1318
94528	1323
94528	1330
94528	1333
94528	1335
94528	1336
94528	1345
94528	1347
94528	1353
94528	1359
94528	1381
94528	1383
94528	1395
95924	1259
95924	1265
95924	1284
95924	1301
95924	1303
95924	1323
95947	1243
95947	1251
95947	1265
95947	1284
95947	1293
95947	1296
95947	1298
95947	1306
95947	1317
95947	1321
95947	1323
95947	1333
95947	1342
95947	1360
95947	1373
95947	1385
96523	1204
96523	1205
96523	1218
96523	1233
96523	1282
96523	1283
96523	1284
96523	1285
96523	1289
96523	1296
96523	1297
96523	1298
96523	1302
96523	1304
96523	1305
96523	1309
96523	1310
96523	1315
96523	1316
96523	1318
96523	1319
96523	1322
96523	1324
96523	1437
97254	1251
97254	1286
97254	1288
97254	1293
97254	1306
97254	1313
97254	1316
97254	1335
97254	1379
97254	1383
98300	1243
98300	1245
98300	1251
98300	1257
98300	1293
98300	1301
98300	1313
98300	1316
98300	1326
98300	1332
98300	1335
98300	1343
98300	1353
99994	1254
99994	1270
99994	1274
99994	1275
99994	1277
99994	1279
99994	1281
99994	1286
99994	1317
99994	1318
99994	1326
99994	1329
99994	1331
101035	1237
101035	1241
101035	1244
101035	1245
101035	1248
101035	1249
101035	1250
101035	1251
101035	1253
101035	1255
101035	1258
101035	1263
101035	1264
101035	1265
101035	1273
101035	1277
101035	1278
101035	1280
101035	1284
101035	1287
101035	1293
101035	1294
101035	1297
101035	1302
101035	1303
101035	1304
101035	1308
101035	1312
101035	1314
101035	1315
101035	1318
101035	1325
101035	1331
101035	1335
101035	1342
101035	1353
101035	1355
101035	1360
101035	1385
101035	1403
101035	1596
102218	1313
102218	1345
102218	1398
102218	1424
102431	1225
102431	1236
102431	1242
102431	1251
102431	1253
102431	1254
102431	1259
102431	1265
102431	1268
102431	1270
102431	1273
102431	1277
102431	1279
102431	1284
102431	1285
102431	1295
102431	1299
102431	1303
102431	1308
102431	1322
102431	1324
102431	1336
102431	1347
102431	1448
103576	1287
103576	1326
103576	1348
103576	1379
106844	1244
106844	1256
106844	1257
106844	1259
106844	1265
106844	1284
106844	1293
106844	1295
106844	1322
106844	1326
106844	1336
107086	1228
107086	1255
107086	1295
107086	1310
107086	1350
107086	1370
107086	1371
107086	1392
107086	1404
107086	1407
107086	1410
107086	1550
107155	1332
110238	1303
110238	1332
110510	1208
110510	1212
110510	1219
110510	1220
110510	1221
110510	1222
110510	1226
110510	1250
110510	1253
110545	1301
110545	1318
110545	1332
110545	1347
110545	1356
110545	1360
110545	1403
111058	1257
111058	1291
111058	1293
111058	1306
111058	1313
111058	1321
111058	1327
111058	1335
111290	1248
111290	1249
111290	1250
111290	1251
111290	1253
111290	1254
111290	1257
111290	1259
111290	1261
111290	1266
111290	1269
111290	1270
111290	1271
111290	1272
111290	1275
111290	1277
111290	1278
111290	1279
111290	1283
111290	1284
111290	1285
111290	1287
111290	1290
111290	1291
112430	1227
112430	1268
112430	1284
112430	1293
112430	1306
112430	1308
112430	1316
112430	1317
112430	1321
112430	1323
112430	1333
112430	1335
112430	1342
112430	1345
112430	1348
112430	1356
112430	1360
112430	1363
112430	1368
112430	1371
112430	1373
112430	1379
112430	1383
112430	1385
112430	1388
113007	1315
113007	1363
113173	1251
113173	1282
113173	1293
113173	1313
113173	1461
113217	1232
113217	1236
113217	1239
113217	1241
113217	1242
113217	1244
113217	1245
113217	1247
113217	1248
113217	1249
113217	1250
113217	1251
113217	1252
113217	1253
113217	1254
113217	1255
113217	1256
113217	1258
113217	1259
113217	1260
113217	1261
113217	1262
113217	1263
113217	1264
113217	1267
113217	1269
113217	1270
113217	1271
113217	1273
113217	1274
113217	1275
113217	1276
113217	1277
113217	1278
113217	1279
113217	1283
113217	1284
113217	1285
113217	1286
113217	1287
113217	1288
113217	1289
113217	1290
113217	1291
113217	1292
113217	1293
113217	1297
113217	1300
113217	1301
113217	1304
113217	1306
113217	1311
113217	1314
113217	1316
113217	1318
113217	1330
113217	1331
113217	1332
113217	1333
113217	1336
113217	1337
113217	1341
113217	1342
113217	1344
113217	1346
113217	1381
113217	1395
113217	1412
114161	1234
114161	1243
114161	1251
114161	1258
114161	1288
114161	1306
114161	1311
114161	1313
114161	1318
114161	1334
114161	1335
114161	1346
114161	1360
114161	1363
114908	1293
114908	1335
116322	1359
118125	1268
118320	1249
118320	1256
118320	1265
118320	1268
118320	1295
118320	1297
118320	1299
118320	1303
118320	1321
118320	1323
118320	1356
118476	1251
118476	1257
118476	1293
118476	1313
118476	1316
118476	1318
118476	1335
118476	1383
118476	1393
118522	1251
118522	1266
118522	1267
118522	1278
118522	1281
118522	1284
118522	1285
118522	1286
118522	1293
118522	1294
118522	1302
118522	1317
118522	1321
118522	1322
118522	1323
118522	1341
118522	1342
118522	1347
118522	1356
118522	1363
118522	1381
118522	1383
118522	1385
118522	1395
121103	1306
121103	1307
121103	1317
124345	1323
124345	1360
126485	1266
126485	1293
126485	1306
126485	1313
126485	1318
126485	1335
126485	1345
126485	1363
126485	1373
126485	1379
126485	1381
126485	1385
126606	1219
126606	1293
126623	1244
126623	1295
126623	1307
126623	1322
126623	1394
127739	1250
127739	1255
127739	1257
127739	1266
127739	1275
127739	1277
127739	1284
127739	1291
127739	1326
127739	1335
127739	1342
127739	1353
127771	1195
127771	1234
127771	1239
127771	1250
127771	1251
127771	1254
127771	1255
127771	1262
127771	1269
127771	1279
127771	1280
127771	1285
127771	1292
127771	1296
127771	1297
127771	1300
127771	1304
127771	1308
127771	1309
127771	1311
127771	1318
127771	1321
127771	1322
127771	1324
127771	1328
127771	1336
127771	1353
129511	1230
129511	1265
129511	1275
129511	1279
130091	1243
130091	1251
130091	1291
130091	1298
130091	1306
130091	1313
130091	1318
130099	1251
130099	1293
130316	1255
130316	1262
130316	1265
130316	1283
130316	1286
130316	1294
130316	1301
130316	1306
130316	1310
130316	1313
130316	1315
130316	1316
130316	1339
130316	1363
130316	1381
130316	1385
130316	1395
130838	1242
130838	1262
130838	1266
130838	1267
130838	1269
130838	1271
130838	1274
130838	1275
130838	1279
130838	1280
130838	1287
130838	1288
130838	1290
130838	1291
130838	1292
130838	1294
130838	1300
130838	1302
130838	1305
130838	1311
130838	1314
130838	1316
130838	1319
130838	1322
131285	1257
131285	1258
131285	1265
131285	1266
131285	1274
131285	1291
131285	1293
131285	1306
131285	1307
131285	1308
131285	1311
131285	1313
131285	1315
131285	1318
131285	1321
131285	1327
131285	1329
131285	1335
131285	1342
131285	1345
131285	1346
131285	1353
131285	1360
131285	1362
131285	1363
131285	1371
131285	1385
131285	1392
131285	1435
131532	1257
131532	1293
131532	1301
131532	1306
131532	1317
131532	1323
131532	1346
131594	1293
131594	1307
131594	1313
131594	1316
131594	1318
131594	1333
131594	1335
131594	1353
131594	1373
131594	1381
132423	1193
132423	1194
132423	1195
132423	1196
132423	1197
132423	1200
132423	1202
132423	1203
132423	1204
132423	1206
132423	1209
132423	1212
132423	1215
132423	1216
132423	1219
132423	1220
132423	1222
132423	1225
132423	1226
132423	1227
132423	1229
132423	1231
132423	1232
132423	1233
132423	1239
132423	1244
132423	1247
132423	1248
132423	1249
132423	1251
132423	1254
132423	1255
132423	1256
132423	1257
132423	1258
132423	1259
132423	1260
132423	1261
132423	1262
132423	1266
132423	1267
132423	1271
132423	1275
132423	1280
132423	1283
132423	1284
132423	1285
132423	1286
132423	1287
132423	1290
132423	1292
132423	1294
132423	1400
132423	1481
132423	1490
132423	1703
132740	1245
132740	1257
132740	1289
132740	1293
132740	1294
132740	1315
132740	1318
132740	1325
132740	1326
132740	1331
132740	1335
132740	1345
132740	1349
132740	1363
132740	1386
133195	1244
133195	1255
133195	1256
133195	1265
133195	1266
133195	1278
133195	1289
133195	1291
133195	1294
133195	1302
133195	1306
133195	1307
133195	1321
133195	1331
133195	1349
133378	1193
133378	1196
133378	1197
133378	1203
133378	1204
133378	1205
133378	1209
133378	1210
133378	1213
133378	1214
133378	1216
133378	1218
133378	1219
133378	1220
133378	1221
133378	1223
133378	1225
133378	1227
133378	1228
133378	1229
133378	1232
133378	1234
133378	1245
133378	1247
133378	1248
133378	1252
133378	1254
133378	1256
133378	1259
133378	1260
133378	1262
133378	1263
133378	1264
133378	1266
133378	1269
133378	1271
133378	1273
133378	1275
133378	1276
133378	1278
133378	1279
133378	1280
133378	1282
133378	1283
133378	1284
133378	1286
133378	1287
133378	1288
133378	1289
133378	1290
133378	1291
133378	1292
133378	1293
133378	1297
133378	1298
133378	1300
133378	1302
133378	1315
133378	1316
133378	1322
133378	1325
133378	1326
133378	1328
133378	1330
133378	1331
133378	1332
133378	1335
133378	1342
133378	1347
133378	1349
133378	1359
133378	1386
133378	1479
133512	1251
133512	1265
133512	1267
133512	1284
133512	1289
133512	1294
133512	1313
133512	1321
133512	1323
133512	1327
133512	1356
133512	1360
133746	1221
133746	1227
133746	1247
133746	1255
133746	1264
133746	1274
133746	1277
133746	1279
133746	1301
133746	1319
133788	1291
133788	1293
133788	1316
133788	1334
136252	1254
136252	1301
136252	1321
136252	1332
136252	1356
136252	1388
136953	1242
136953	1244
136953	1247
136953	1249
136953	1252
136953	1254
136953	1259
136953	1260
136953	1261
136953	1262
136953	1266
136953	1269
136953	1271
136953	1273
136953	1279
136953	1280
136953	1286
136953	1293
136953	1294
136953	1296
136953	1300
136953	1301
136953	1302
136953	1311
136953	1314
136953	1317
136953	1319
136953	1323
136953	1324
136953	1325
136953	1327
136953	1328
136953	1330
136953	1335
136953	1336
136953	1338
136953	1340
136953	1353
136953	1750
137467	1202
137467	1294
137467	1331
137467	1337
137467	1339
137467	1383
137504	1284
137504	1293
137504	1306
137504	1308
137504	1317
137504	1348
137504	1373
137504	1384
137504	1385
137504	1398
137504	1401
137504	1541
138950	1265
138950	1268
138950	1284
138950	1291
138950	1293
138950	1295
138950	1299
138950	1301
138950	1303
138950	1306
138950	1307
138950	1313
138950	1317
138950	1318
138950	1319
138950	1321
138950	1323
138950	1329
138950	1334
138950	1337
138950	1347
138950	1356
138950	1381
138950	1385
138950	1395
139033	1321
139650	1251
139650	1257
139650	1301
139650	1304
139650	1313
139650	1321
139650	1344
141168	1257
141168	1265
141168	1313
141168	1316
141168	1332
141168	1373
141168	1381
144296	1197
144296	1200
144296	1202
144296	1203
144296	1206
144296	1207
144296	1209
144296	1212
144296	1214
144296	1219
144296	1220
144296	1222
144296	1223
144296	1225
144296	1236
144296	1238
144296	1240
144296	1241
144296	1244
144296	1247
144296	1251
144296	1254
144296	1257
144296	1259
144296	1262
144296	1265
144296	1266
144296	1269
144296	1270
144296	1271
144296	1272
144296	1280
144296	1287
144296	1294
144296	1296
144296	1298
144296	1306
144296	1341
144459	1268
144459	1299
144459	1309
144459	1376
144913	1286
144913	1303
144913	1341
144913	1356
144913	1383
145460	1222
145460	1240
145460	1257
145460	1265
145460	1291
145460	1298
145460	1306
145460	1313
145460	1316
145460	1347
145460	1373
147848	1265
147848	1277
147848	1284
147848	1304
147848	1315
147848	1316
147848	1318
147848	1326
147848	1334
147848	1337
147848	1341
147848	1346
147848	1354
147848	1355
147848	1357
147848	1363
147848	1366
147848	1391
147848	1418
147848	1725
147848	1888
147848	1908
147848	1988
147848	3324
147939	1251
147939	1258
147939	1287
147939	1315
147939	1317
147939	1318
147939	1326
147939	1333
147939	1334
147939	1342
147939	1383
148237	1257
148237	1308
148237	1315
148237	1317
148237	1318
148237	1330
148237	1346
148237	1373
148237	1401
148293	1243
148293	1251
148293	1257
148293	1274
148293	1275
148293	1293
148293	1305
148293	1306
148293	1307
148293	1335
149516	1265
151016	1284
151016	1318
151016	1333
151016	1336
151016	1342
151685	1196
151685	1197
151685	1198
151685	1201
151685	1205
151685	1206
151685	1208
151685	1212
151685	1215
151685	1216
151685	1218
151685	1219
151685	1222
151685	1223
151685	1226
151685	1228
151685	1240
151685	1242
151685	1243
151685	1248
151685	1249
151685	1253
151685	1255
151685	1256
151685	1257
151685	1258
151685	1259
151685	1260
151685	1261
151685	1262
151685	1265
151685	1266
151685	1267
151685	1270
151685	1272
151685	1274
151685	1275
151685	1276
151685	1277
151685	1278
151685	1281
151685	1282
151685	1285
151685	1288
151685	1289
151685	1290
151685	1293
151685	1295
151685	1297
151685	1298
151685	1302
151685	1304
151685	1305
151685	1311
151685	1315
151685	1317
151685	1321
151685	1324
151685	1325
151685	1332
151685	1333
151685	1335
151685	1363
151685	1375
151685	1376
151685	1381
151685	1383
151685	1386
151685	1393
151685	1407
151685	1412
151685	1448
152331	1213
152331	1214
152331	1216
152331	1221
152331	1222
152331	1225
152331	1226
152331	1227
152331	1228
152331	1229
152331	1230
152331	1231
152331	1232
152331	1233
152331	1237
152331	1238
152331	1267
152331	1269
152331	1270
152331	1271
152331	1274
152331	1276
152331	1279
152331	1282
152331	1286
152331	1292
152331	1334
154558	1207
154558	1209
154558	1210
154558	1220
154558	1221
154558	1222
154558	1225
154558	1226
154558	1233
154558	1239
154558	1250
154558	1251
154558	1253
154558	1254
154558	1255
154558	1256
154558	1257
154558	1259
154558	1260
154558	1265
154558	1267
154558	1270
154558	1275
154558	1277
154558	1279
154558	1280
154558	1282
154558	1283
154558	1284
154558	1287
154558	1288
154558	1289
154558	1293
154558	1294
155063	1268
158890	1284
158890	1293
158890	1306
158890	1316
158890	1317
158890	1333
158890	1368
158890	1373
158890	1385
158890	1420
159912	1255
159912	1256
159912	1269
159912	1293
159912	1306
159912	1313
159912	1317
159912	1335
159912	1348
159912	1373
159912	1383
160024	1253
160024	1255
160024	1258
160024	1261
160024	1266
160024	1269
160024	1271
160024	1282
160024	1283
160024	1284
160024	1285
160024	1288
160024	1290
160024	1292
160024	1296
160024	1297
160024	1302
160024	1304
160024	1306
160024	1309
160024	1333
160024	1339
161106	1204
161106	1209
161106	1215
161106	1216
161106	1219
161106	1222
161106	1226
161106	1227
161106	1228
161106	1230
161106	1232
161106	1233
161106	1237
161106	1239
161106	1245
161106	1247
161106	1248
161106	1251
161106	1254
161106	1255
161106	1258
161106	1259
161106	1260
161106	1261
161106	1262
161106	1266
161106	1271
161106	1280
161106	1283
161106	1284
161106	1285
161106	1287
161106	1289
161106	1293
161106	1294
161106	1297
161106	1300
161106	1303
161106	1315
161106	1316
161106	1317
161106	1318
161106	1320
161106	1335
161106	1340
161106	1347
161333	1194
161333	1198
161333	1200
161333	1202
161333	1204
161333	1206
161333	1208
161333	1209
161333	1210
161333	1214
161333	1215
161333	1219
161333	1221
161333	1222
161333	1231
161333	1232
161333	1239
161333	1244
161333	1245
161333	1247
161333	1248
161333	1250
161333	1251
161333	1253
161333	1255
161333	1258
161333	1260
161333	1266
161333	1267
161333	1269
161333	1270
161333	1278
161333	1279
161333	1280
161333	1282
161333	1286
161333	1287
161333	1288
161333	1289
161333	1291
161333	1293
161333	1296
161333	1313
161333	1333
161333	1342
161541	1228
161541	1286
161541	1293
161541	1307
161541	1313
161541	1317
161541	1318
161541	1319
161541	1326
161541	1327
161541	1335
161541	1337
161541	1339
161541	1342
161541	1345
161541	1363
161541	1383
161541	1386
163175	1240
163175	1243
163175	1251
163175	1257
163175	1258
163175	1260
163175	1262
163175	1269
163175	1274
163175	1277
163175	1281
163175	1282
163175	1285
163175	1286
163175	1290
163175	1291
163175	1293
163175	1300
163175	1301
163175	1306
163175	1308
163175	1313
163175	1315
163175	1316
163175	1317
163175	1318
163175	1319
163175	1323
163175	1328
163175	1331
163175	1332
163175	1333
163175	1335
163175	1341
163175	1342
163175	1343
163175	1345
163175	1346
163175	1357
163175	1359
163175	1361
163175	1363
163175	1383
163175	1385
163175	1403
163175	1407
163175	1538
163175	2817
163727	1334
163727	1345
163727	1356
163727	1363
163727	1385
163727	1465
164644	1219
164644	1258
164644	1292
164644	1295
164644	1308
164644	1318
164644	1331
164644	1333
164644	1335
164644	1345
164644	1353
164644	1375
164644	1379
164644	1381
164644	1434
165054	1243
165054	1244
165054	1258
165054	1265
165054	1284
165054	1296
165054	1306
165054	1308
165054	1321
165054	1323
165054	1335
165054	1342
165054	1353
165054	1356
165054	1363
165054	1373
165054	1379
165054	1403
167435	1259
167435	1313
167435	1329
167435	1334
167435	1363
167435	1383
167649	1193
167649	1194
167649	1196
167649	1197
167649	1200
167649	1203
167649	1204
167649	1206
167649	1209
167649	1216
167649	1219
167649	1221
167649	1222
167649	1225
167649	1226
167649	1227
167649	1229
167649	1232
167649	1238
167649	1239
167649	1245
167649	1247
167649	1248
167649	1250
167649	1251
167649	1259
167649	1261
167649	1262
167649	1266
167649	1270
167649	1279
167649	1280
167649	1284
167649	1287
167649	1288
167649	1289
167649	1293
167649	1294
169665	1195
169665	1237
169665	1264
172863	1236
172863	1237
172863	1238
172863	1239
172863	1244
172863	1245
172863	1248
172863	1249
172863	1251
172863	1252
172863	1253
172863	1255
172863	1272
172863	1278
172863	1281
172863	1283
172863	1284
172863	1307
172863	1310
172863	1321
172863	1323
172863	1336
172863	1339
172863	1344
172863	1349
172863	1375
172863	1376
172863	1383
172863	1385
172863	1407
175937	1244
175937	1251
175937	1284
175937	1293
175937	1296
175937	1301
175937	1303
175937	1315
175937	1318
175937	1323
175937	1328
175937	1329
175937	1333
175937	1334
175937	1337
175937	1356
175937	1371
175937	1382
175937	1383
175937	1393
176333	1219
176333	1243
176333	1255
176333	1256
176333	1257
176333	1259
176333	1260
176333	1268
176333	1272
176333	1282
176333	1283
176333	1288
176333	1294
176333	1298
176333	1307
176333	1310
176333	1313
176333	1315
176333	1326
176333	1331
176333	1332
176333	1333
176333	1336
176333	1342
176333	1344
176333	1383
176333	1386
178196	1243
178196	1248
178196	1251
178196	1266
178196	1268
178196	1281
178196	1306
178196	1315
178196	1317
178196	1331
178196	1333
178196	1335
178196	1342
178196	1346
182008	1293
182008	1295
182008	1321
182008	1332
182008	1356
182883	1269
182883	1270
182883	1271
182883	1275
182883	1280
182883	1283
182883	1284
182883	1285
182883	1289
182883	1290
182883	1294
182883	1303
182883	1312
182883	1326
182883	1329
182883	1335
182883	1338
182883	1340
182883	1344
182883	1345
182883	1348
182883	1350
182883	1352
182883	1353
182883	1354
184695	1243
184695	1251
184695	1257
184695	1265
184695	1293
184695	1306
184695	1307
184695	1313
184695	1317
184695	1318
184695	1333
184695	1342
184695	1345
185072	1243
185072	1251
185072	1257
185072	1268
185072	1298
185072	1308
185072	1313
185072	1317
185072	1321
185072	1323
185072	1326
185072	1333
185072	1337
185072	1356
185072	1371
187049	1243
187049	1244
187049	1248
187049	1251
187049	1254
187049	1255
187049	1257
187049	1258
187049	1259
187049	1260
187049	1262
187049	1265
187049	1266
187049	1267
187049	1277
187049	1279
187049	1281
187049	1282
187049	1287
187049	1289
187049	1291
187049	1293
187049	1295
187049	1297
187049	1300
187049	1301
187049	1302
187049	1308
187049	1313
187049	1314
187049	1315
187049	1316
187049	1317
187049	1318
187049	1319
187049	1320
187049	1321
187049	1322
187049	1323
187049	1326
187049	1327
187049	1329
187049	1331
187049	1332
187049	1333
187049	1334
187049	1336
187049	1337
187049	1338
187049	1339
187049	1341
187049	1342
187049	1347
187049	1349
187049	1353
187049	1356
187049	1359
187049	1363
187049	1381
187049	1385
187049	1395
187049	1403
187049	1407
187049	1448
188222	1331
188222	1333
188718	1219
188718	1227
188718	1238
188718	1284
188718	1295
188718	1315
188718	1331
188718	1334
188718	1368
188718	1376
188724	1244
188724	1255
188724	1256
188724	1272
188948	1255
188948	1284
188948	1288
188948	1317
188948	1318
188948	1332
188948	1342
189288	1251
189288	1256
189288	1261
189288	1291
189288	1293
189288	1306
189288	1313
189288	1323
189288	1360
189288	1385
189288	1457
189978	1226
189978	1233
189978	1241
189978	1245
189978	1254
189978	1255
189978	1256
189978	1259
189978	1260
189978	1261
189978	1262
189978	1264
189978	1270
189978	1271
189978	1273
189978	1275
189978	1283
189978	1284
189978	1285
189978	1287
189978	1289
189978	1290
189978	1291
189978	1292
189978	1309
191503	1265
191503	1317
191902	1284
191902	1356
192992	1193
192992	1194
192992	1196
192992	1197
192992	1201
192992	1209
192992	1230
192992	1234
192992	1237
192992	1238
192992	1239
192992	1244
192992	1245
192992	1247
192992	1248
192992	1250
192992	1253
192992	1255
192992	1258
192992	1260
192992	1261
192992	1270
192992	1271
192992	1273
192992	1274
192992	1275
192992	1279
192992	1288
192992	1292
194952	1251
194952	1265
194952	1306
194952	1342
194952	1353
194952	1448
198256	1255
198256	1282
198256	1291
198256	1306
198256	1315
198256	1317
198256	1329
198256	1335
198256	1341
199007	1206
199069	1258
199069	1281
199069	1289
199069	1311
199339	1227
199339	1265
199339	1295
199339	1299
199339	1317
199339	1347
199339	1403
200126	1227
200126	1243
200126	1245
200126	1251
200126	1257
200126	1258
200126	1265
200126	1284
200126	1286
200126	1293
200126	1298
200126	1299
200126	1305
200126	1306
200126	1311
200126	1317
200126	1321
200126	1326
200126	1333
200126	1334
200126	1342
200126	1343
200126	1349
200126	1356
200126	1363
200126	1365
200126	1371
200126	1373
200126	1385
200126	1391
200126	1401
200126	1409
200665	1251
200665	1265
200665	1266
200665	1268
200665	1295
201865	1265
201865	1284
201865	1286
201865	1293
201865	1306
201865	1308
201865	1313
201865	1316
201865	1318
201865	1325
201865	1333
201865	1342
201865	1345
201865	1346
201865	1363
203295	1258
203295	1265
203295	1313
203295	1318
203295	1334
203295	1342
203295	1363
203506	1308
203506	1333
203506	1368
203506	1371
204895	1256
204895	1265
204895	1301
204895	1323
204895	1329
204895	1356
204895	1385
204895	1393
206404	1251
206404	1257
206404	1258
206404	1265
206404	1266
206404	1284
206404	1293
206404	1294
206404	1297
206404	1304
206404	1308
206404	1313
206404	1318
206404	1333
206404	1335
206404	1338
206404	1383
206404	1386
206557	1265
206557	1284
206557	1301
206557	1303
206557	1318
206557	1321
206557	1324
206557	1341
206557	1347
206557	1356
206557	1358
206557	1368
206557	1383
206557	1396
206557	1410
208070	1243
208070	1251
208070	1257
208070	1293
208070	1301
208070	1313
208070	1318
208070	1324
208070	1331
208070	1332
208070	1335
208070	1337
208070	1348
208070	1371
208070	1373
208070	1379
208070	1393
208070	1401
208598	1293
208598	1349
208598	1354
208598	1363
209308	1251
209308	1257
209308	1265
209308	1284
209308	1293
209308	1301
209308	1306
209308	1308
209308	1313
209308	1316
209308	1317
209308	1318
209308	1321
209308	1323
209308	1326
209308	1329
209308	1331
209308	1333
209308	1334
209308	1335
209308	1342
209308	1345
209308	1356
209308	1360
209308	1363
209308	1371
209308	1372
209308	1383
209308	1385
209375	1266
211747	1265
211747	1282
211747	1291
211747	1313
211747	1321
211747	1329
211825	1269
211825	1270
211825	1271
211825	1274
211825	1278
211825	1279
211825	1280
211825	1281
211825	1284
211825	1297
211825	1409
213035	1255
213035	1257
213035	1260
213035	1265
213035	1266
213035	1273
213035	1282
213035	1283
213035	1284
213035	1301
213035	1306
213035	1315
213035	1318
213035	1321
213035	1327
213035	1330
213035	1332
213035	1337
213035	1347
213035	1356
213035	3230
214461	1219
214461	1251
214461	1255
214461	1265
214461	1268
214461	1276
214461	1284
214461	1293
214461	1301
214461	1318
214461	1321
214461	1332
214461	1335
214461	1342
214461	1347
214461	1356
214461	1405
215493	1233
215493	1234
215493	1239
215493	1244
215493	1245
215493	1247
215493	1254
215493	1257
215493	1258
215493	1262
215493	1266
215493	1269
215493	1275
215493	1277
215493	1282
215493	1287
215493	1300
215493	1307
215493	1308
215493	1313
215493	1314
215493	1316
215493	1345
215493	1346
215493	1347
215493	1381
215493	1412
216738	1281
216738	1282
216738	1300
216738	1322
216738	1328
216738	1346
216738	1371
216738	1382
217248	1243
217248	1255
217248	1256
217248	1260
217248	1268
217248	1281
217248	1298
217248	1313
217248	1381
217814	1251
217814	1258
217814	1269
217814	1290
217814	1291
217814	1293
217814	1313
217814	1318
217814	1346
217814	1353
217814	1403
219202	1219
219202	1228
219202	1255
219202	1265
219202	1295
219202	1321
219202	1341
219202	1392
219202	2249
219202	2938
219369	1318
219516	1193
219516	1194
219516	1195
219516	1196
219516	1197
219516	1200
219516	1201
219516	1202
219516	1203
219516	1204
219516	1205
219516	1206
219516	1208
219516	1209
219516	1210
219516	1212
219516	1214
219516	1215
219516	1216
219516	1218
219516	1219
219516	1220
219516	1221
219516	1222
219516	1223
219516	1225
219516	1227
219516	1228
219516	1229
219516	1238
219516	1239
219516	1244
219516	1245
219516	1247
219516	1248
219516	1249
219516	1250
219516	1251
219516	1252
219516	1253
219516	1254
219516	1255
219516	1257
219516	1258
219516	1259
219516	1260
219516	1262
219516	1265
219516	1267
219516	1269
219516	1270
219516	1271
219516	1272
219516	1273
219516	1277
219516	1278
219516	1279
219516	1280
219516	1284
219516	1286
219516	1287
219516	1288
219516	1289
219516	1295
219516	1304
219516	1306
219516	1329
219516	1354
219516	1356
219516	1358
219516	1367
219516	1368
219516	1379
219516	1383
219516	1398
219719	1248
219719	1265
219719	1268
219719	1293
219719	1318
219719	1335
221564	1257
221564	1275
221746	1266
221746	1317
221746	1319
221746	1326
221746	1334
221746	1340
221746	1363
222886	1251
222886	1258
222886	1267
222886	1278
222886	1281
222886	1289
222886	1311
222886	1317
222886	1321
222886	1356
222886	1363
222886	1375
222886	1403
222886	1407
224073	1251
224073	1293
224073	1316
224073	1342
224661	1249
224661	1259
224661	1269
224661	1274
224661	1277
224661	1282
224661	1284
224661	1285
224661	1286
224661	1287
224661	1289
224661	1291
224661	1301
224661	1304
224661	1310
224661	1318
224661	1320
224661	1328
224661	1335
224661	1337
224661	1346
224661	1360
224661	1383
224661	1385
224661	1403
225204	1251
225204	1291
225204	1306
225204	1316
225204	1337
226264	1222
226264	1255
226264	1295
226264	1317
226264	1321
226264	1323
226264	1327
226264	1338
226264	1356
226264	1363
227249	1219
227249	1227
227249	1228
227249	1243
227249	1251
227249	1270
227249	1278
227249	1282
227249	1283
227249	1289
227249	1294
227249	1296
227249	1299
227249	1301
227249	1310
227249	1313
227249	1315
227249	1334
227249	1386
227249	1395
228053	1304
228053	1306
228053	1308
228053	1313
228053	1318
228053	1334
228053	1335
228053	1395
230291	1284
230291	1313
230291	1321
230291	1323
230291	1327
230291	1331
230291	1335
230291	1339
230291	1341
231583	1258
231583	1297
231583	1318
231583	1326
231583	1373
231583	1381
231583	1457
231583	1465
231583	1504
231583	1534
231583	1676
231583	1837
231583	1993
231583	2084
232511	1243
232511	1248
232511	1251
232511	1258
232511	1266
232511	1284
232511	1293
232511	1303
232511	1306
232511	1313
232511	1315
232511	1316
232511	1317
232511	1321
232511	1323
232511	1324
232511	1326
232511	1333
232511	1335
232511	1336
232511	1339
232511	1342
232511	1356
232511	1363
232511	1383
232511	1409
233252	1251
233252	1259
233252	1276
233252	1282
233252	1285
233252	1291
233252	1294
233252	1313
233252	1331
233252	1360
233252	1383
233739	1346
233739	1353
233739	1383
236270	1248
236270	1251
236270	1256
236270	1265
236270	1268
236270	1270
236270	1284
236270	1298
236270	1299
236270	1308
236270	1313
236270	1315
236270	1317
236270	1321
236270	1323
236270	1336
236270	1339
236270	1345
236270	1383
236270	1386
236493	1243
236493	1251
236493	1255
236493	1257
236493	1265
236493	1266
236493	1284
236493	1291
236493	1293
236493	1297
236493	1301
236493	1306
236493	1308
236493	1313
236493	1316
236493	1318
236493	1323
236493	1326
236493	1329
236493	1333
236493	1335
236493	1342
236493	1359
236493	1379
236493	1381
236493	1383
237810	1244
237810	1248
237810	1249
237810	1251
237810	1255
237810	1275
237810	1279
237810	1282
237810	1287
237810	1291
237810	1293
237810	1294
237810	1297
237810	1302
237810	1310
237810	1313
237810	1315
237810	1316
237810	1317
237810	1323
237810	1329
237810	1331
237810	1333
237810	1336
237810	1337
237810	1338
237810	1407
237810	2123
237810	2325
237810	2350
240042	1283
240042	1291
240042	1294
240042	1344
240042	1383
240229	1240
240229	1284
240229	1291
240229	1303
240229	1307
240229	1308
240229	1310
240229	1317
240229	1326
240229	1331
240229	1335
240229	1336
240229	1347
240229	1356
240229	1363
240229	1381
240229	1383
241441	1251
241441	1285
241441	1289
241441	1291
241441	1293
241441	1302
241441	1308
241441	1310
241441	1313
241441	1315
241441	1317
241441	1318
241441	1324
241441	1333
241441	1344
241441	1345
241441	1347
241441	1357
241441	1481
241441	1489
241441	1557
242159	1220
242159	1244
242159	1245
242159	1247
242159	1248
242159	1249
242159	1252
242159	1253
242159	1254
242159	1255
242159	1256
242159	1258
242159	1259
242159	1260
242159	1261
242159	1262
242159	1263
242159	1265
242159	1266
242159	1269
242159	1274
242159	1275
242159	1278
242159	1279
242159	1280
242159	1281
242159	1282
242159	1283
242159	1284
242159	1286
242159	1287
242159	1290
242159	1291
242159	1292
242159	1293
242159	1294
242159	1300
242159	1301
242159	1303
242159	1304
242159	1308
242159	1309
242159	1311
242159	1314
242159	1327
242159	1330
242159	1331
242159	1332
242159	1334
242159	1347
242159	1359
242159	1395
242159	2209
243236	1251
243236	1257
243236	1259
243236	1265
243236	1281
243236	1287
243236	1303
243236	1317
243236	1318
243236	1321
243236	1323
243236	1335
243236	1342
246132	1248
246132	1250
246132	1256
246132	1259
246132	1262
246132	1266
246132	1267
246132	1276
246132	1277
246132	1279
246132	1284
246132	1289
246132	1291
246132	1293
246132	1302
246132	1303
246132	1312
246632	1277
246632	1281
246632	1290
246632	1291
246632	1306
246632	1311
246632	1317
246632	1329
246632	1333
246632	1335
246632	1371
246632	1373
246632	1374
246632	1383
246632	1385
246632	1404
246632	1407
246632	1462
248665	1257
248665	1290
248755	1315
248755	1342
251084	1228
251084	1240
251084	1243
251084	1244
251084	1245
251084	1248
251084	1249
251084	1251
251084	1254
251084	1255
251084	1257
251084	1258
251084	1259
251084	1265
251084	1266
251084	1267
251084	1268
251084	1269
251084	1275
251084	1276
251084	1277
251084	1278
251084	1281
251084	1282
251084	1283
251084	1285
251084	1286
251084	1291
251084	1293
251084	1294
251084	1297
251084	1298
251084	1300
251084	1306
251084	1307
251084	1308
251084	1309
251084	1311
251084	1313
251084	1316
251084	1317
251084	1318
251084	1319
251084	1322
251084	1324
251084	1328
251084	1331
251084	1333
251084	1335
251084	1337
251084	1342
251084	1345
251084	1346
251084	1347
251084	1349
251084	1383
251084	1386
251084	1393
251084	1403
251407	1234
251407	1243
251407	1248
251407	1255
251407	1257
251407	1258
251407	1265
251407	1268
251407	1277
251407	1279
251407	1282
251407	1284
251407	1293
251407	1297
251407	1298
251407	1306
251407	1313
251407	1316
251407	1317
251407	1318
251407	1335
251407	1342
251407	1379
251407	1381
251407	1383
251407	1407
251940	1305
251940	1329
251940	1393
252984	1219
252984	1228
252984	1240
252984	1255
252984	1262
252984	1268
252984	1272
252984	1282
252984	1284
252984	1286
252984	1293
252984	1295
252984	1299
252984	1300
252984	1301
252984	1326
252984	1337
254673	1219
254673	1228
254673	1234
254673	1240
254673	1243
254673	1245
254673	1248
254673	1250
254673	1251
254673	1254
254673	1255
254673	1256
254673	1257
254673	1258
254673	1262
254673	1265
254673	1266
254673	1270
254673	1272
254673	1273
254673	1275
254673	1276
254673	1282
254673	1283
254673	1284
254673	1286
254673	1287
254673	1292
254673	1293
254673	1294
254673	1295
254673	1298
254673	1299
254673	1300
254673	1301
254673	1302
254673	1306
254673	1307
254673	1309
254673	1310
254673	1313
254673	1316
254673	1317
254673	1319
254673	1322
254673	1326
254673	1328
254673	1330
254673	1332
254673	1333
254673	1334
254673	1335
254673	1336
254673	1341
254673	1342
254673	1344
254673	1345
254673	1346
254673	1347
254673	1356
254673	1381
254673	1383
254673	1385
254673	1386
254673	1395
254673	1900
254673	1905
254673	2170
255195	1243
255195	1245
255195	1255
255195	1257
255195	1258
255195	1268
255195	1275
255195	1278
255195	1293
255195	1296
255195	1298
255195	1302
255195	1311
255195	1313
255195	1318
255195	1326
255195	1334
255195	1335
255195	1336
255195	1342
255195	1348
255195	1362
255195	1371
255195	1372
255195	1373
255195	1375
255195	1379
255195	1382
255195	1383
255195	1385
255195	1386
255195	1388
255195	1391
255195	1401
255195	1402
255195	1403
255195	1413
255195	1475
255377	1308
255377	1342
255377	1353
255377	1370
255377	1379
255377	1393
255693	1229
255693	1247
255693	1276
255693	1280
255693	1287
255693	1289
255693	1293
255693	1294
255693	1301
255693	1312
255693	1335
255693	1336
255693	1338
255693	1404
255961	1240
255961	1251
255961	1255
255961	1268
255961	1283
255961	1316
255961	1317
255961	1349
256126	1243
256126	1251
256126	1256
256126	1259
256126	1265
256126	1268
256126	1284
256126	1293
256126	1299
256126	1323
256126	1331
256126	1333
256126	1342
258734	1293
258734	1326
259847	1251
259847	1262
259847	1267
259847	1283
259847	1284
259847	1286
259847	1293
259847	1303
259847	1306
259847	1308
259847	1310
259847	1316
259847	1317
259847	1328
259847	1343
259847	1345
259847	1347
259847	1353
259847	1357
259847	1363
259847	1385
259847	1395
259952	1219
259952	1228
259952	1240
259952	1244
259952	1250
259952	1251
259952	1255
259952	1262
259952	1267
259952	1268
259952	1270
259952	1272
259952	1274
259952	1277
259952	1281
259952	1283
259952	1286
259952	1289
259952	1293
259952	1295
259952	1296
259952	1299
259952	1302
259952	1303
259952	1306
259952	1308
259952	1312
259952	1313
259952	1320
259952	1321
259952	1323
259952	1331
259952	1337
259952	1338
259952	1341
259952	1343
259952	1347
259952	1348
259952	1350
259952	1356
259952	1359
259952	1362
259952	1366
259952	1368
259952	1381
259952	1388
259952	1396
259952	1397
259952	1402
259952	1405
259952	1407
259952	1418
261982	1265
261982	1284
261982	1313
261982	1315
261982	1321
261982	1329
261982	1342
261982	1383
262445	1251
262445	1255
262445	1257
262445	1265
262445	1274
262445	1306
262445	1313
262445	1335
262445	1342
262445	1343
262445	1347
262445	1383
262726	1293
262726	1306
262726	1313
262726	1342
262726	1373
262726	1379
262726	1385
263454	1207
263454	1257
263454	1301
263454	1313
263454	1317
263454	1321
263856	1194
263856	1195
263856	1196
263856	1200
263856	1201
263856	1202
263856	1203
263856	1206
263856	1215
263856	1216
263856	1219
263856	1222
263856	1225
263856	1227
263856	1231
263856	1233
263856	1234
263856	1236
263856	1241
263856	1242
263856	1244
263856	1245
263856	1247
263856	1248
263856	1249
263856	1252
263856	1254
263856	1255
263856	1256
263856	1257
263856	1258
263856	1259
263856	1262
263856	1266
263856	1267
263856	1269
263856	1270
263856	1271
263856	1273
263856	1274
263856	1275
263856	1277
263856	1279
263856	1280
263856	1283
263856	1285
263856	1286
263856	1288
263856	1289
263856	1290
263856	1292
264025	1243
264025	1251
264025	1255
264025	1257
264025	1268
264025	1284
264025	1293
264025	1301
264025	1305
264025	1306
264025	1313
264025	1316
264025	1317
264025	1318
264025	1321
264025	1323
264025	1326
264025	1332
264025	1335
264025	1356
264025	1362
264025	1363
264025	1371
264025	1379
264025	1383
264090	1229
264090	1230
264090	1231
264090	1232
264090	1241
264090	1251
264090	1259
264090	1264
264090	1273
264090	1274
264090	1284
264090	1290
264090	1297
264090	1309
264090	1311
264090	1319
264090	1324
264090	1337
264090	1345
264090	1346
264090	1395
264135	1303
264135	1304
264135	1312
264135	1315
264135	1317
264135	1320
264135	1321
264135	1323
264135	1324
264135	1325
264135	1327
264135	1329
264135	1335
264135	1338
264135	1339
264135	1340
264135	1342
264135	1343
264135	1349
264135	1350
264135	1353
264135	1354
264135	1356
264135	1360
264135	1362
264135	1363
264135	1365
264135	1369
264135	1371
264135	1372
264135	1373
264135	1376
264135	1379
264135	1382
264135	1385
264135	1391
264135	1401
264135	1402
264135	1407
264135	1409
264135	1413
264135	1448
264135	1473
264490	1266
264490	1277
264490	1282
264490	1284
264490	1291
264490	1294
264490	1301
264490	1315
264490	1329
264490	1330
264490	1331
264490	1337
264490	1339
264490	1346
264490	1359
264490	1381
266031	1257
266031	1293
266031	1317
266031	1321
266031	1335
266031	1371
266031	1392
266356	1283
266356	1315
266837	1303
266837	1306
266837	1308
266837	1317
266837	1318
266837	1323
266837	1324
266837	1333
266837	1335
266837	1342
266837	1346
266837	1358
266837	1371
266837	1373
266837	1388
266837	1405
266837	1409
267590	1258
267590	1306
267590	1317
267590	1318
267590	1326
267590	1333
267590	1335
267590	1342
267590	1345
267590	1407
267783	1268
267783	1295
267783	1313
268762	1267
268762	1295
268762	1308
268891	1293
268891	1301
268891	1306
268891	1308
268891	1321
268891	1323
268891	1329
268891	1356
268891	1363
268891	1383
268991	1243
268991	1251
268991	1265
268991	1293
268991	1298
268991	1301
268991	1313
268991	1317
268991	1363
268991	1386
269720	1249
269720	1251
269720	1258
269720	1259
269720	1265
269720	1269
269720	1284
269720	1287
269720	1293
269720	1298
269720	1305
269720	1306
269720	1307
269720	1308
269720	1311
269720	1313
269720	1315
269720	1318
269720	1323
269720	1326
269720	1330
269720	1332
269720	1333
269720	1335
269720	1341
269720	1342
269720	1347
269720	1348
269720	1356
269720	1361
269720	1371
269720	1373
269720	1379
269720	1383
269720	1385
269720	1388
269720	1401
269720	1403
269720	1418
271089	1240
271089	1249
271089	1251
271089	1265
271089	1268
271089	1282
271089	1284
271089	1295
271089	1298
271089	1299
271089	1301
271089	1303
271089	1305
271089	1331
271089	1448
271966	1240
271966	1255
271966	1260
271966	1268
271966	1283
271966	1295
271966	1299
271966	1305
271966	1341
271976	1255
271976	1257
271976	1260
271976	1262
271976	1265
271976	1266
271976	1269
271976	1284
271976	1286
271976	1293
271976	1297
271976	1305
271976	1308
271976	1315
271976	1316
271976	1318
271976	1321
271976	1333
271976	1335
271976	1359
271976	1363
271976	1381
271976	1407
271976	1504
271976	2004
272179	1227
272179	1254
272179	1266
272179	1284
272179	1301
272179	1303
272179	1315
272179	1323
272179	1331
272179	1363
272179	1383
272805	1248
273258	1219
273258	1268
273258	1299
273258	1306
273258	1360
273691	1265
273691	1282
273691	1284
273691	1295
273691	1296
273691	1298
273691	1301
273691	1303
273691	1316
273691	1323
273691	1333
273691	1342
273691	1346
273691	1383
273691	1448
274161	1321
274161	1385
275246	1234
275246	1244
275246	1248
275246	1251
275246	1282
275246	1316
276034	1298
276034	1312
276034	1313
276034	1315
276034	1316
276034	1317
276034	1318
276034	1326
276034	1332
276034	1333
276034	1336
276034	1342
276034	1343
276034	1346
276034	1347
276034	1365
276034	1372
276034	1376
276034	1385
276034	1386
276034	1391
277439	1257
277439	1306
277439	1316
277439	1318
277439	1333
277439	1345
278559	1219
278559	1223
278559	1231
278559	1239
278559	1251
278559	1259
278559	1262
278559	1263
278559	1267
278559	1272
278559	1277
278559	1278
278559	1283
278559	1284
278559	1286
278559	1292
278559	1296
278559	1316
278559	1319
278559	1322
278559	1323
278559	1325
278559	1328
278559	1345
278559	1353
278559	1356
278559	1359
278559	1365
281734	1231
281734	1237
281734	1244
281734	1245
281734	1247
281734	1250
281734	1254
281734	1255
281734	1258
281734	1260
281734	1275
281734	1279
281734	1288
281734	1290
281734	1296
281734	1324
281734	1402
282486	1251
282486	1257
282486	1265
282486	1293
282486	1301
282486	1306
282486	1321
282486	1333
282486	1336
282486	1342
282486	1363
282486	1383
282486	1409
284565	1258
284565	1286
284565	1301
284565	1313
284565	1315
284565	1317
284565	1318
284565	1330
284565	1331
284565	1333
284565	1342
284565	1383
284565	1385
290703	1243
290703	1256
290703	1269
290703	1293
290703	1298
290703	1308
290703	1313
290703	1316
290703	1318
290703	1326
290703	1333
290703	1342
290703	1373
290977	1227
290977	1243
290977	1257
290977	1265
290977	1268
290977	1284
290977	1291
290977	1293
290977	1298
290977	1301
290977	1306
290977	1307
290977	1317
290977	1318
290977	1326
290977	1335
290977	1342
290977	1345
290977	1347
290977	1381
290977	1383
290977	1407
292663	1243
292663	1248
292663	1251
292663	1254
292663	1257
292663	1265
292663	1268
292663	1269
292663	1274
292663	1275
292663	1276
292663	1277
292663	1282
292663	1284
292663	1285
292663	1286
292663	1287
292663	1290
292663	1293
292663	1298
292663	1302
292663	1306
292663	1331
292663	1332
292663	1333
292663	1334
292663	1345
292663	1346
292663	1357
292663	1359
294461	1356
294461	1388
296242	1234
296242	1251
296242	1307
296244	1257
296244	1291
296244	1304
296244	1318
296244	1384
296244	1385
297061	1247
297061	1250
297061	1252
297061	1255
297061	1259
297061	1262
297061	1266
297061	1272
297061	1273
297061	1293
297061	1298
297061	1301
297061	1326
297061	1381
297623	1265
297623	1284
297623	1293
297623	1297
297623	1301
297623	1307
297623	1323
297623	1356
298825	1266
298825	1293
298825	1332
298825	1342
298825	1360
299210	1232
299210	1251
299210	1289
299210	1311
299210	1313
299884	1265
299884	1302
299884	1316
299884	1328
300562	1193
300562	1196
300562	1197
300562	1203
300562	1204
300562	1206
300562	1214
300562	1215
300562	1219
300562	1220
300562	1221
300562	1222
300562	1223
300562	1225
300562	1226
300562	1227
300562	1228
300562	1229
300562	1232
300562	1233
300562	1234
300562	1240
300562	1248
300562	1249
300562	1250
300562	1252
300562	1253
300562	1254
300562	1255
300562	1256
300562	1258
300562	1259
300562	1261
300562	1262
300562	1263
300562	1266
300562	1269
300562	1270
300562	1271
300562	1274
300562	1275
300562	1279
300562	1280
300562	1283
300562	1285
300562	1290
300562	1292
301487	1255
301487	1313
301487	1327
301487	1335
301487	1409
301487	1473
302110	1193
302110	1194
302110	1195
302110	1201
302110	1237
302110	1241
302110	1244
302110	1245
302110	1248
302110	1250
302110	1266
302110	1276
302110	1277
302110	1279
302110	1280
302110	1283
302110	1284
302110	1285
302110	1287
302110	1288
302110	1289
302110	1292
302110	1346
302110	1349
302488	1195
302488	1206
302488	1208
302488	1219
302488	1220
302488	1222
302488	1226
302488	1256
302488	1259
302488	1261
302488	1262
302488	1266
302488	1290
302488	1291
302488	1293
302488	1300
302488	1302
302488	1320
302488	1326
302488	1331
302488	1335
302488	1357
302645	1211
302645	1243
302645	1244
302645	1245
302645	1251
302645	1257
302645	1265
302645	1266
302645	1278
302645	1293
302645	1294
302645	1306
302645	1308
302645	1313
302645	1342
302645	1363
302645	1379
302645	1465
302645	2348
303269	1212
303269	1221
303269	1225
303269	1226
303269	1227
303269	1239
303269	1243
303269	1244
303269	1248
303269	1249
303269	1251
303269	1253
303269	1255
303269	1256
303269	1257
303269	1258
303269	1265
303269	1268
303269	1271
303269	1274
303269	1284
303269	1286
303269	1289
303269	1293
303269	1296
303269	1297
303269	1298
303269	1301
303269	1304
303269	1306
303269	1307
303269	1313
303269	1317
303269	1318
303269	1330
303269	1333
303269	1335
303269	1342
303269	1345
303269	1353
303269	1359
303269	1363
303269	1381
303269	1386
305182	1206
305182	1222
305182	1320
305182	1331
305182	1339
305182	1346
305182	1350
306282	1244
306282	1248
306282	1249
306282	1251
306282	1254
306282	1255
306282	1258
306282	1266
306282	1269
306282	1272
306282	1279
306282	1282
306282	1289
306282	1291
306282	1293
306282	1295
306282	1297
306282	1305
306282	1306
306282	1308
306282	1310
306282	1311
306282	1313
306282	1316
306282	1319
306282	1321
306282	1323
306282	1327
306282	1329
306282	1330
306282	1335
306282	1336
306282	1337
306282	1338
306282	1339
306282	1341
306282	1349
306282	1360
306282	1363
306282	1365
306282	1383
306282	1385
306282	1407
306688	1243
306688	1251
306688	1257
306688	1258
306688	1265
306688	1266
306688	1274
306688	1282
306688	1285
306688	1286
306688	1289
306688	1293
306688	1301
306688	1305
306688	1306
306688	1313
306688	1315
306688	1316
306688	1317
306688	1318
306688	1321
306688	1325
306688	1328
306688	1332
306688	1335
306688	1337
306688	1342
306688	1345
306688	1356
306688	1363
306688	1381
306688	1383
306688	1403
306688	1412
307201	1194
307201	1202
307201	1203
307201	1204
307201	1208
307201	1212
307201	1216
307201	1219
307201	1221
307201	1225
307201	1226
307201	1229
307201	1232
307201	1233
307201	1245
307201	1247
307201	1248
307201	1249
307201	1250
307201	1251
307201	1252
307201	1253
307201	1255
307201	1258
307201	1259
307201	1260
307201	1261
307201	1262
307201	1266
307201	1270
307201	1273
307201	1274
307201	1278
307201	1279
307201	1280
307201	1281
307201	1283
307201	1284
307201	1285
307201	1288
307201	1289
307201	1292
307201	1293
307201	1294
307201	1297
307201	1298
307201	1300
307201	1301
307201	1311
307201	1315
307201	1316
307201	1318
307201	1320
307706	1251
307706	1265
307706	1287
307706	1307
307706	1326
307706	1333
307706	1347
307706	1383
308453	1244
308453	1245
308453	1250
308453	1255
308453	1256
308453	1259
308453	1260
308453	1266
308453	1269
308453	1270
308453	1283
308453	1284
308453	1285
308453	1287
308453	1288
308453	1289
308453	1300
308834	1193
308834	1194
308834	1195
308834	1196
308834	1197
308834	1200
308834	1204
308834	1206
308834	1208
308834	1209
308834	1220
308834	1221
308834	1222
308834	1223
308834	1225
308834	1226
308834	1227
308834	1229
308834	1232
308834	1233
308834	1237
308834	1244
308834	1245
308834	1248
308834	1249
308834	1254
308834	1255
308834	1259
308834	1260
308834	1269
308834	1275
308834	1278
308834	1279
308834	1285
308834	1288
308834	1289
308834	1290
308834	1297
308834	1300
308834	1302
308834	1305
308834	1412
309162	1284
309162	1293
309162	1317
309162	1321
309162	1335
309162	1345
309162	1348
309162	1356
309162	1363
309162	1371
309162	1373
309162	1379
309162	1385
309162	1401
309162	1407
309162	1413
309926	1293
309926	1349
309926	1359
309926	1379
309926	1455
309926	1569
310354	1201
310354	1206
310354	1212
310354	1214
310354	1215
310354	1218
310354	1219
310354	1221
310354	1222
310354	1226
310354	1227
310354	1228
310354	1230
310354	1232
310354	1233
310354	1234
310354	1237
310354	1239
310354	1244
310354	1245
310354	1247
310354	1248
310354	1250
310354	1251
310354	1252
310354	1253
310354	1254
310354	1255
310354	1256
310354	1257
310354	1258
310354	1259
310354	1261
310354	1262
310354	1265
310354	1266
310354	1267
310354	1269
310354	1270
310354	1271
310354	1272
310354	1273
310354	1274
310354	1275
310354	1276
310354	1277
310354	1279
310354	1280
310354	1281
310354	1282
310354	1283
310354	1284
310354	1285
310354	1286
310354	1287
310354	1288
310354	1289
310354	1290
310354	1291
310354	1292
310354	1293
310354	1294
310354	1296
310354	1298
310354	1306
310354	1308
310354	1309
310354	1311
310354	1312
310354	1314
310354	1315
310354	1316
310354	1317
310354	1328
310354	1332
310354	1336
310354	1337
310354	1448
310461	1251
310461	1266
310461	1313
310499	1315
310499	1321
310499	1323
310499	1342
310499	1345
310499	1356
312108	1251
312108	1259
312108	1308
312108	1317
312108	1335
312108	1342
312108	1363
312497	1230
312497	1231
312497	1232
312497	1233
312497	1234
312497	1236
312497	1237
312497	1240
312497	1241
312497	1243
312497	1244
312497	1245
312497	1247
312497	1249
312497	1250
312497	1251
312497	1252
312497	1254
312497	1255
312497	1256
312497	1257
312497	1258
312497	1259
312497	1261
312497	1262
312497	1264
312497	1265
312497	1266
312497	1267
312497	1269
312497	1270
312497	1271
312497	1273
312497	1274
312497	1275
312497	1276
312497	1277
312497	1278
312497	1280
312497	1281
312497	1282
312497	1283
312497	1284
312497	1285
312497	1286
312497	1287
312497	1288
312497	1289
312497	1290
312497	1293
312497	1294
312497	1296
312497	1300
312497	1301
312497	1302
312497	1303
312497	1306
312497	1307
312497	1308
312497	1311
312497	1312
312497	1313
312497	1347
312497	1359
312497	1383
313893	1286
313893	1301
313893	1312
314302	1291
314302	1296
314302	1313
314302	1319
314302	1327
315749	1243
315749	1251
315749	1257
315749	1258
315749	1259
315749	1293
315749	1306
315749	1313
315749	1316
315749	1317
315749	1318
315749	1348
315749	1641
316528	1291
316528	1301
316528	1321
316528	1329
316528	1357
316528	1359
318503	1251
318503	1266
318503	1269
318503	1274
318503	1277
318503	1278
318503	1282
318503	1285
318503	1290
318503	1293
318503	1294
318503	1297
318503	1300
318503	1301
318503	1305
318503	1307
318503	1311
318503	1312
318503	1316
318503	1318
318503	1322
318503	1324
318503	1326
318503	1328
318503	1330
318503	1332
318503	1335
318503	1339
318503	1341
318503	1342
318503	1346
318503	1347
318503	1349
318503	1359
318503	1363
318503	1376
318503	1403
318518	1251
318518	1293
318518	1306
318518	1313
318518	1318
318518	1321
318518	1326
318518	1334
318518	1342
318518	1345
318518	1356
318518	1360
318518	1364
318518	1405
318993	1244
318993	1249
318993	1251
318993	1255
318993	1260
318993	1266
318993	1282
318993	1283
318993	1287
318993	1291
318993	1292
318993	1294
318993	1304
318993	1307
318993	1308
318993	1310
318993	1311
318993	1312
318993	1313
318993	1315
318993	1317
318993	1321
318993	1325
318993	1326
318993	1327
318993	1329
318993	1331
318993	1335
318993	1337
318993	1338
318993	1339
318993	1340
318993	1344
318993	1345
318993	1349
318993	1355
318993	1356
318993	1360
318993	1361
318993	1362
318993	1365
318993	1369
318993	1370
318993	1371
318993	1372
318993	1373
318993	1374
318993	1375
318993	1376
318993	1378
318993	1379
318993	1382
318993	1383
318993	1385
318993	1392
318993	1402
318993	1409
318993	1413
318993	1418
318993	1423
319194	1234
319194	1268
319194	1277
319194	1293
319194	1304
319194	1318
319194	1331
319194	1337
319194	1342
319194	1345
319194	1346
320537	1221
320537	1222
320537	1223
320537	1225
320537	1226
320537	1227
320537	1229
320537	1230
320537	1232
320537	1239
320537	1244
320537	1245
320537	1247
320537	1249
320537	1250
320537	1251
320537	1254
320537	1255
320537	1258
320537	1259
320537	1260
320537	1261
320537	1262
320537	1263
320537	1264
320537	1266
320537	1267
320537	1270
320537	1271
320537	1277
320537	1279
320537	1282
320537	1284
320537	1287
321036	1251
321036	1293
321036	1298
321036	1306
321036	1307
321036	1318
321036	1333
321036	1342
321036	1386
321235	1256
321235	1265
321235	1266
321235	1268
321235	1282
321235	1284
321235	1293
321235	1295
321235	1301
321235	1306
321235	1307
321235	1308
321235	1316
321235	1317
321235	1318
321235	1326
321235	1330
321235	1332
321235	1333
321235	1335
321235	1356
321235	1363
321235	1383
321235	1385
321235	1407
321346	1291
321346	1294
321346	1304
321346	1325
321346	1344
321346	1383
321348	1243
321348	1251
321348	1257
321348	1311
321348	1313
321348	1318
321348	1329
321348	1363
321491	1265
321491	1284
321491	1295
321491	1296
321491	1301
321491	1303
321491	1308
321491	1318
321491	1323
321491	1326
321491	1333
321491	1334
321491	1337
321491	1342
321491	1345
321491	1347
321491	1356
321491	1383
321491	1385
321491	1393
322216	1242
322216	1245
322216	1247
322216	1248
322216	1250
322216	1252
322216	1254
322216	1255
322216	1256
322216	1258
322216	1261
322216	1264
322216	1271
322216	1273
322216	1275
322216	1279
322216	1288
322216	1289
322216	1290
322216	1292
322465	1243
322465	1244
322465	1247
322465	1251
322465	1265
322465	1266
322465	1269
322465	1270
322465	1271
322465	1272
322465	1274
322465	1278
322465	1281
322465	1282
322465	1284
322465	1289
322465	1293
322465	1298
322531	1212
322531	1214
322531	1215
322531	1216
322531	1219
322531	1226
322531	1227
322531	1229
322531	1237
322531	1247
322531	1250
322531	1251
322531	1252
322531	1253
322531	1254
322531	1255
322531	1259
322531	1261
322531	1262
322531	1265
322531	1267
322531	1268
322531	1271
322531	1273
322531	1275
322531	1276
322531	1280
322531	1281
322531	1284
322531	1285
322531	1289
322531	1293
322531	1294
322531	1296
322531	1297
322531	1302
322531	1303
322531	1312
322531	1314
322531	1322
322531	1324
322531	1328
322531	1335
322531	1375
322531	1407
324280	1243
324280	1258
324280	1266
324280	1287
324280	1291
324280	1293
324280	1307
324280	1308
324280	1310
324280	1313
324280	1321
324280	1326
324280	1335
324280	1342
324280	1345
325823	1332
325823	1556
326002	1251
326002	1265
326002	1293
326002	1313
326002	1385
326002	1416
326768	1244
326768	1268
326768	1284
326768	1294
326768	1295
326768	1303
326768	1315
326768	1331
326768	1337
326768	1383
326915	1318
326915	1358
326915	1361
326915	1373
326915	1381
326915	1405
327130	1218
327130	1228
327130	1234
327130	1243
327130	1248
327130	1250
327130	1251
327130	1255
327130	1257
327130	1265
327130	1267
327130	1272
327130	1277
327130	1279
327130	1282
327130	1283
327130	1289
327130	1291
327130	1293
327130	1294
327130	1301
327130	1302
327130	1306
327130	1308
327130	1310
327130	1313
327130	1315
327130	1316
327130	1317
327130	1318
327130	1323
327130	1325
327130	1327
327130	1328
327130	1331
327130	1335
327130	1336
327130	1337
327130	1342
327130	1344
327130	1345
327130	1347
327130	1353
327130	1363
327130	1375
327130	1381
327130	1383
327130	1386
327130	1403
327130	1407
327999	1259
327999	1316
327999	1332
329126	1304
329126	1306
329126	1417
330387	1251
330387	1291
330387	1315
330387	1318
330387	1322
330387	1327
330387	1331
330407	1243
330407	1251
330407	1257
330407	1258
330407	1279
330407	1293
330407	1316
330407	1317
330407	1318
330407	1326
330407	1333
330407	1335
330407	1342
330407	1381
330407	1383
330407	1407
332101	1293
332204	1383
332346	1249
332346	1250
332346	1251
332346	1252
332346	1253
332346	1261
332346	1263
332346	1264
332346	1316
332346	1371
334571	1219
334571	1248
334571	1256
334571	1313
334571	1329
334571	1332
334571	1339
334571	1353
334571	1383
334705	1228
334705	1233
334705	1247
334705	1258
334705	1266
334705	1293
334705	1298
334705	1308
334705	1314
334705	1335
334705	1336
334705	1345
334998	1265
334998	1322
334998	1342
334998	1346
334998	1350
334998	1353
334998	1360
334998	1383
334998	1397
334998	1418
