1750	2313
1750	2338
1750	2348
1750	2358
1750	2362
1750	2363
1750	2377
1750	2410
1750	2418
1750	2525
1750	2574
1750	2674
1791	2348
1791	2458
1791	2468
1791	2501
2068	2327
2068	2374
2068	2377
2068	2378
2068	2379
2068	2412
2068	2413
2068	2425
2068	2439
2068	2450
2068	2463
2068	2601
3306	2363
3306	2417
3306	2425
3306	2450
3306	2461
3306	2463
3306	2469
3306	2574
3306	2635
3651	2313
3651	2325
3651	2337
3651	2348
3651	2349
3651	2356
3651	2359
3651	2405
3651	2410
3651	2412
3651	2490
3651	3077
3892	2343
3892	2357
3892	2362
3892	2367
3892	2377
3892	2378
3892	2388
3892	2416
3892	2417
3892	2448
3892	2456
3892	2463
3892	2476
3892	2490
3892	2513
4805	2327
4805	2328
4805	2374
4805	2380
4805	2389
4805	2390
4805	2391
4805	2412
4805	2416
4805	2439
4805	2461
4966	2378
4966	2424
4966	2510
4966	2523
4966	2635
6237	2513
6237	2523
6648	2343
6648	2348
6648	2357
6648	2360
6648	2362
6648	2368
6648	2376
6648	2377
6648	2386
6648	2398
6648	2417
6648	2442
6648	2444
6648	2494
6648	2635
6690	2313
6690	2324
6690	2325
6690	2338
6690	2343
6690	2350
6690	2356
6690	2357
6690	2363
6690	2371
6690	2379
6690	2381
6690	2409
6690	2436
6690	2442
6690	2456
6690	2646
6935	2333
6935	2416
6935	2447
6935	2570
6935	2643
6935	2674
7146	2378
7146	2459
7146	2466
7490	2343
7490	2361
7490	2384
7490	2398
7490	2422
7490	2440
7490	2444
7784	2314
7784	2320
7784	2323
7784	2328
7784	2331
7784	2332
7784	2335
7784	2340
7784	2346
7784	2349
7784	2358
7784	2360
7784	2402
7784	2403
7784	2404
7784	2408
7808	2462
7808	2463
7808	2560
7808	2574
7808	2601
7808	2635
7886	2348
7886	2365
7886	2367
7886	2376
7886	2378
7886	2383
7886	2392
7886	2417
7886	2433
7886	2444
7886	2451
7886	2458
7886	2459
7886	2469
7886	2472
7886	2490
7886	2505
7886	2523
7886	2570
7886	2604
9386	2305
9386	2307
9386	2308
9386	2312
9386	2319
9386	2323
9386	2328
9386	2335
9386	2336
9386	2337
9386	2338
9386	2340
9386	2342
9386	2344
9386	2346
9386	2348
9386	2349
9386	2350
9386	2351
9386	2352
9386	2353
9386	2354
9386	2358
9386	2359
9386	2360
9386	2361
9386	2362
9386	2364
9386	2365
9386	2369
9386	2370
9386	2371
9386	2374
9386	2375
9386	2381
9386	2384
9386	2385
9386	2386
9386	2387
9386	2391
9386	2392
9386	2398
9386	2400
9919	2341
9919	2378
9919	2388
9919	2463
9919	2635
10031	2362
10031	2363
10031	2377
10031	2505
10223	2304
10223	2310
10223	2315
10223	2323
10223	2338
10223	2342
10223	2344
10223	2346
10223	2347
10223	2348
10223	2349
10223	2350
10223	2351
10223	2352
10223	2353
10223	2355
10223	2356
10223	2360
10223	2361
10223	2365
10223	2367
10223	2373
10223	2374
10223	2383
10223	2389
10223	2393
10223	2394
10223	2396
10223	2397
10223	2398
10223	2400
10223	2403
10223	2408
10223	2411
10223	2412
10223	2414
10223	2439
10223	2441
10223	2443
10223	2445
10223	2446
10223	2447
10252	2430
10252	2456
10252	2458
10252	2464
10252	2469
10252	2472
10252	2505
10252	2513
10252	2523
10252	2574
10252	2604
11945	2327
11945	2382
11945	2494
11945	2635
12604	2327
12604	2378
12604	2394
12604	2398
12604	2403
12604	2417
12604	2425
12604	2497
12604	2505
12604	2590
13361	2313
13361	2328
13361	2348
13361	2363
13361	2408
15947	2378
16033	2523
16339	2299
16339	2307
16339	2308
16339	2314
16339	2318
16339	2321
16339	2327
16339	2328
16339	2333
16339	2334
16339	2336
16339	2341
16339	2349
16339	2351
16339	2357
16339	2360
16339	2361
16339	2368
16339	2369
16339	2371
16339	2376
16339	2378
16339	2379
16339	2384
16339	2385
16339	2386
16339	2398
16339	2412
16339	2416
16339	2431
16339	2439
16339	2440
16339	2442
16339	2450
16339	2452
16339	2463
16339	2496
16339	2505
16339	2523
16339	2541
16339	2570
16339	2574
16339	2635
16385	2313
16385	2343
16385	2357
16385	2360
16385	2368
16385	2372
16385	2392
16385	2442
16385	2445
16385	2448
16385	2452
16385	2490
16385	2513
16385	2574
17064	2328
17064	2353
17064	2362
17064	2371
17064	2379
17064	2382
17064	2389
17064	2398
17064	2404
17064	2417
17064	2442
17064	2444
17064	2458
17064	2461
17064	2463
17064	2467
17064	2477
17064	2601
18825	2337
18825	2348
18825	2378
18825	2410
19141	2313
19141	2368
19141	2378
19141	2419
19141	2476
20447	2310
20447	2314
20447	2319
20447	2347
20447	2350
20447	2362
20447	2367
20447	2368
20447	2372
20447	2376
20447	2378
20447	2383
20447	2391
20447	2392
20447	2393
20447	2405
20447	2406
20447	2425
20447	2436
20447	2442
20447	2444
20447	2451
20447	2459
20447	2463
20447	2472
20447	2475
20447	2490
20447	2503
20447	2505
20447	2513
20447	2515
20447	2523
20447	2570
20447	2574
20447	2646
23192	2425
23192	2450
23192	2457
23192	2476
24134	2313
24134	2314
24134	2363
24134	2368
24134	2423
24134	2429
24134	2442
24134	2448
24134	2463
24217	2325
24217	2327
24217	2383
24217	2412
24217	2425
24371	2341
24371	2347
24371	2353
24371	2359
24371	2362
24371	2368
24371	2369
24371	2376
24371	2377
24371	2378
24371	2380
24371	2383
24371	2386
24371	2392
24371	2393
24371	2395
24371	2402
24371	2409
24371	2412
24371	2413
24371	2419
24371	2424
24371	2425
24371	2435
24371	2437
24371	2442
24371	2446
24371	2454
24371	2461
24371	2463
24371	2467
24371	2474
24371	2476
24371	2498
24371	2601
24371	2646
26712	2308
26712	2335
26712	2337
26712	2340
26712	2341
26712	2342
26712	2362
26712	2367
26712	2370
26712	2371
26712	2376
26712	2377
26712	2378
26712	2392
26712	2393
26712	2398
26712	2400
26712	2403
26712	2405
26712	2406
26712	2413
26712	2414
26712	2435
26712	2440
26712	2444
26712	2483
26712	2560
27321	2412
27321	2436
27321	2456
27321	2494
27501	2378
27501	2383
27501	2425
29255	2304
29255	2308
29255	2313
29255	2314
29255	2319
29255	2323
29255	2331
29255	2332
29255	2333
29255	2335
29255	2340
29255	2342
29255	2344
29255	2346
29255	2349
29255	2352
29255	2355
29255	2379
29255	2386
29778	2362
29778	2378
29778	2444
29778	2448
29778	2457
29778	2463
29778	2523
29778	2538
29778	2574
29778	2635
30733	2450
30733	2523
33540	2314
33540	2333
33540	2337
33540	2348
33540	2357
33540	2494
33540	2541
34154	2449
34154	2455
34154	2486
34154	2505
34154	2587
34611	2367
34611	2378
34611	2383
34611	2406
34611	2412
34611	2424
34611	2438
34611	2447
34611	2461
34611	2513
35478	2322
35478	2323
35478	2324
35478	2328
35478	2331
35478	2335
35478	2338
35478	2339
35478	2342
35478	2344
35478	2345
35478	2347
35478	2348
35478	2349
35478	2352
35478	2353
35478	2354
35478	2356
35478	2358
35478	2360
35478	2361
35478	2365
35478	2367
35478	2368
35478	2370
35478	2371
35478	2375
35478	2377
35478	2378
35478	2379
35478	2381
35478	2383
35478	2384
35478	2387
35478	2388
35478	2391
35478	2392
35478	2393
35478	2394
35478	2395
35478	2396
35478	2397
35478	2399
35478	2400
35478	2405
35478	2406
35478	2408
35478	2411
35478	2414
35478	2415
35478	2419
35478	2420
35478	2421
35478	2423
35478	2430
35478	2433
35478	2436
35478	2437
35478	2439
35478	2441
35478	2442
35478	2443
35478	2446
35478	2447
35713	2310
35713	2363
35966	2362
35966	2368
35966	2376
35966	2403
35966	2405
35966	2425
35966	2444
35966	2452
35966	2457
35966	2461
35966	2463
35966	2523
35966	2635
36790	2463
36790	2505
36790	2574
37043	2337
37043	2361
37043	2363
37043	2376
37043	2378
37043	2382
37043	2383
37043	2384
37043	2386
37043	2412
37043	2574
38013	2331
38013	2340
38013	2347
38013	2355
38013	2356
38013	2357
38013	2358
38013	2361
38013	2368
38013	2370
38013	2378
38013	2379
38013	2381
38013	2383
38013	2394
38013	2396
38013	2398
38013	2400
38013	2403
38013	2405
38013	2418
38013	2420
38013	2421
38013	2422
38013	2423
38013	2424
38013	2427
38013	2439
38013	2442
38479	2313
38479	2323
38479	2327
38479	2328
38479	2333
38479	2337
38479	2345
38479	2347
38479	2348
38479	2353
38479	2354
38479	2356
38479	2357
38479	2361
38479	2362
38479	2365
38479	2367
38479	2368
38479	2369
38479	2371
38479	2374
38479	2375
38479	2376
38479	2377
38479	2378
38479	2379
38479	2380
38479	2381
38479	2382
38479	2383
38479	2384
38479	2387
38479	2391
38479	2392
38479	2393
38479	2395
38479	2397
38479	2400
38479	2401
38479	2402
38479	2404
38479	2406
38479	2409
38479	2410
38479	2411
38479	2413
38479	2415
38479	2418
38479	2419
38479	2422
38479	2423
38479	2425
38479	2427
38479	2431
38479	2433
38479	2435
38479	2438
38479	2439
38479	2440
38479	2442
38479	2444
38479	2450
38479	2451
38479	2453
38479	2454
38479	2457
38479	2460
38479	2461
38479	2462
38479	2463
38479	2466
38479	2467
38479	2471
38479	2473
38479	2475
38479	2476
38479	2477
38479	2480
38479	2483
38479	2486
38479	2490
38479	2494
38479	2500
38479	2501
38479	2505
38479	2506
38479	2509
38479	2523
38479	2534
38479	2540
38479	2570
38479	2574
38479	2587
38479	2592
38479	2601
38479	2635
38479	2646
39142	2313
39142	2355
39142	2363
39142	2379
39142	2410
39142	2428
39142	2449
39142	2505
39275	2325
39275	2337
39275	2348
39275	2365
39275	2397
39275	2400
39275	2412
39275	2472
39275	2474
39275	2635
40242	2303
40242	2308
40242	2321
40242	2328
40242	2354
40242	2366
40242	2375
40242	2376
40242	2388
40242	2393
40242	2462
40556	2360
40556	2368
40556	2376
40556	2393
40556	2403
40556	2412
40556	2422
40556	2442
40556	2444
40556	2448
40556	2503
40556	2515
40556	2523
40556	2635
40556	2646
40963	2357
40963	2365
40963	2368
40963	2369
40963	2392
40963	2425
40963	2445
40963	2448
43096	2458
43096	2574
43096	2626
43096	2641
43362	2297
43362	2303
43362	2305
43362	2307
43362	2309
43362	2310
43362	2311
43362	2312
43362	2314
43362	2315
43362	2319
43362	2320
43362	2321
43362	2323
43362	2324
43362	2330
43362	2331
43362	2332
43362	2335
43362	2336
43362	2337
43362	2339
43362	2340
43362	2341
43362	2342
43362	2344
43362	2345
43362	2346
43362	2348
43362	2349
43362	2350
43362	2352
43362	2353
43362	2354
43362	2355
43362	2357
43362	2360
43362	2361
43362	2362
43362	2364
43362	2365
43362	2367
43362	2368
43362	2369
43362	2374
43362	2378
43362	2383
43362	2385
43362	2386
43362	2387
43362	2391
43362	2392
43362	2393
43362	2395
43362	2396
43362	2399
43362	2400
43362	2406
43362	2407
43362	2409
43362	2410
43362	2413
43362	2415
43362	2419
43362	2420
43362	2424
43362	2429
43362	2435
43362	2436
43362	2490
43362	2494
43362	2506
43362	2526
48570	2398
49279	2325
49279	2333
49279	2348
49279	2350
49279	2353
49279	2358
49279	2363
49279	2368
49279	2372
49279	2382
49279	2398
49279	2402
49279	2411
49279	2412
49279	2418
49279	2424
49279	2425
49279	2442
49279	2463
49279	2494
49279	2574
49508	2325
49508	2353
49508	2356
49508	2358
49508	2378
49508	2402
49508	2461
49508	2494
49508	2635
49763	2635
49939	2294
49939	2297
49939	2299
49939	2300
49939	2302
49939	2304
49939	2307
49939	2308
49939	2312
49939	2315
49939	2320
49939	2370
50354	2315
50354	2323
50354	2324
50354	2335
50354	2337
50354	2340
50354	2342
50354	2344
50354	2346
50354	2347
50354	2348
50354	2349
50354	2352
50354	2353
50354	2354
50354	2359
50354	2360
50354	2361
50354	2362
50354	2364
50354	2365
50354	2368
50354	2372
50354	2374
50354	2375
50354	2377
50354	2379
50354	2381
50354	2385
50354	2387
50354	2388
50354	2391
50354	2392
50354	2393
50354	2394
50354	2396
50354	2397
50354	2398
50354	2401
50354	2402
50354	2403
50354	2404
50354	2408
50354	2410
50354	2411
50354	2414
50354	2415
50354	2417
50354	2420
50354	2421
50354	2423
50354	2424
50354	2433
50354	2436
50354	2438
50714	2385
50714	2410
50714	2413
51394	2376
51394	2391
51394	2417
51394	2425
51394	2444
51394	2451
51394	2457
51394	2458
51394	2459
51394	2463
51394	2469
51394	2472
51394	2490
51394	2505
51394	2509
51394	2513
51394	2523
51394	2535
51394	2570
51394	2574
51394	2604
51394	2635
51394	2649
51408	2378
51408	2386
51408	2444
51408	2472
51566	2313
51566	2337
51566	2343
51566	2357
51566	2360
51566	2362
51566	2367
51566	2370
51566	2371
51566	2397
51566	2400
51566	2404
51566	2405
51566	2406
51566	2416
51566	2443
51566	2458
51566	2463
51581	2325
51581	2338
51581	2343
51581	2348
51581	2350
51581	2352
51581	2358
51581	2363
51581	2368
51581	2374
51581	2376
51581	2377
51581	2378
51581	2383
51581	2386
51581	2409
51581	2412
51581	2417
51581	2420
51581	2425
51581	2429
51581	2433
51581	2436
51581	2442
51581	2443
51581	2444
51581	2453
51581	2456
51581	2458
51581	2461
51581	2467
51581	2469
51581	2472
51581	2483
51581	2490
51581	2513
51581	2515
51581	2523
51581	2525
51581	2562
51581	2570
51581	2574
51581	2587
51581	2628
51581	2635
51581	2649
51581	2712
51581	2730
54970	2348
54970	2357
54970	2359
54970	2361
54970	2365
54970	2367
54970	2368
54970	2371
54970	2374
54970	2376
54970	2378
54970	2384
54970	2388
54970	2392
54970	2398
54970	2403
54970	2409
54970	2412
54970	2417
54970	2433
54970	2439
54970	2440
54970	2467
54970	2515
55063	2319
55063	2322
55063	2327
55063	2328
55063	2331
55063	2333
55063	2347
55063	2353
55063	2359
55063	2361
55063	2362
55063	2365
55063	2368
55063	2369
55063	2375
55063	2377
55063	2379
55063	2383
55063	2384
55063	2392
55063	2398
55063	2401
55063	2405
55063	2406
55063	2409
55063	2413
55063	2414
55063	2415
55063	2422
55063	2424
55063	2425
55063	2427
55063	2431
55063	2435
55063	2439
55063	2440
55063	2442
55063	2450
55063	2452
55063	2462
55063	2463
55063	2474
55063	2498
55063	2512
55063	2513
55063	2560
55063	2601
55063	2635
55401	2310
55401	2343
55401	2360
55401	2371
55401	2382
55401	2400
55401	2416
55401	2417
55401	2418
55401	2440
55401	2448
55401	2494
55634	2343
55634	2444
55634	2463
55634	2523
55634	2574
55828	2310
55828	2359
55828	2368
55828	2473
55828	2574
56783	2463
56783	2466
56783	2635
57311	2292
57311	2297
57311	2299
57311	2300
57311	2301
57311	2302
57311	2304
57311	2307
57311	2308
57311	2309
57311	2310
57311	2311
57311	2313
57311	2324
57311	2328
57311	2333
57311	2335
57311	2336
57311	2339
57311	2340
57311	2341
57311	2342
57311	2344
57311	2345
57311	2346
57311	2347
57311	2348
57311	2349
57311	2350
57311	2351
57311	2356
57311	2360
57311	2367
57311	2369
57311	2370
57311	2371
57311	2372
57311	2374
57311	2375
57311	2376
57311	2377
57311	2378
57311	2379
57311	2386
57311	2388
57311	2391
57311	2393
57311	2398
57311	2403
57311	2404
57311	2405
58236	2337
58236	2388
58236	2398
58236	2523
58236	2570
59154	2348
59154	2376
59154	2378
59154	2425
59154	2490
59154	2523
59154	2574
59266	2348
59266	2376
59266	2386
59266	2458
59266	2459
59266	2463
59266	2505
59266	2574
59323	2383
59323	2463
59733	2343
59733	2369
59733	2373
59733	2376
59733	2379
59733	2382
59733	2405
59733	2410
59733	2444
59733	2448
59733	2463
59733	2635
60244	2505
60597	2362
60597	2403
60597	2405
60597	2409
60597	2450
60597	2451
60597	2463
60597	2475
60597	2574
60986	2333
60986	2360
60986	2373
60986	2378
60986	2382
60986	2410
60986	2760
61760	2415
61760	2425
61892	2334
61892	2336
61892	2337
61892	2350
61892	2351
61892	2362
61892	2372
61892	2378
61892	2381
61892	2383
61892	2391
62161	2333
62161	2353
62161	2368
62161	2374
62161	2379
62161	2397
62161	2402
62161	2412
62161	2424
62161	2440
62161	2443
62161	2646
62341	2327
62341	2328
62341	2348
62341	2367
62341	2370
62341	2375
62341	2378
62341	2381
62341	2382
62341	2393
62341	2408
62341	2413
62341	2417
62341	2435
62341	2441
62341	2444
62341	2453
62341	2458
62341	2460
62341	2495
62341	2515
62341	2521
62341	2604
63772	2374
63772	2376
63772	2425
63772	2461
64080	2376
64080	2378
64080	2409
64080	2435
64080	2515
64829	2373
64829	2375
64829	2383
64829	2477
64829	2512
65398	2299
65398	2300
65398	2301
65398	2302
65398	2303
65398	2304
65398	2306
65398	2307
65398	2308
65398	2314
65398	2320
65398	2323
65398	2331
65398	2333
65398	2335
65398	2336
65398	2340
65398	2341
65398	2354
65398	2356
65398	2362
65398	2365
65398	2367
65398	2368
65398	2370
65398	2371
65398	2372
65398	2373
65398	2375
65398	2377
65398	2386
65398	2392
65398	2393
65398	2400
65398	2401
65398	2405
65398	2408
65398	2409
65398	2431
66068	2313
66068	2363
66068	2403
66068	2463
67353	2333
67353	2362
67353	2370
67353	2371
67353	2382
67353	2461
67353	2463
67353	2513
67461	2328
67461	2343
67461	2347
67461	2359
67461	2362
67461	2365
67461	2368
67461	2369
67461	2375
67461	2376
67461	2377
67461	2378
67461	2379
67461	2380
67461	2383
67461	2386
67461	2393
67461	2398
67461	2403
67461	2404
67461	2412
67461	2416
67461	2417
67461	2419
67461	2422
67461	2425
67461	2433
67461	2440
67461	2443
67461	2444
67461	2445
67461	2447
67461	2450
67461	2453
67461	2457
67461	2458
67461	2460
67461	2461
67461	2463
67461	2466
67461	2469
67461	2474
67461	2477
67461	2490
67461	2505
67461	2506
67461	2509
67461	2515
67461	2523
67461	2525
67461	2574
67461	2587
67461	2601
67461	2604
67461	2635
67461	2646
67976	2362
67976	2383
67976	2412
67976	2461
69326	2380
69326	2387
69326	2388
69326	2505
69326	2515
69326	2523
69367	2323
69367	2333
69367	2422
69367	2425
69367	2442
69367	2456
70527	2383
70527	2400
70527	2409
70527	2417
70527	2437
70527	2463
70527	2472
70527	2474
70527	2505
70527	2523
70725	2333
70725	2343
70725	2348
70725	2359
70725	2360
70725	2361
70725	2368
70725	2371
70725	2379
70725	2383
70725	2384
70725	2394
70725	2405
70725	2408
70725	2416
70725	2417
70725	2422
70725	2423
70725	2433
70725	2436
70725	2444
70725	2445
70725	2456
70725	2458
70725	2463
70725	2477
70725	2486
70725	2513
70725	2523
70725	2601
70725	2635
70725	2646
70725	2660
74146	2327
74146	2375
74146	2398
74146	2409
74146	2461
74146	2466
74489	2332
74489	2348
74489	2354
74489	2377
74489	2381
74489	2416
74489	2427
74489	2456
74489	2569
75277	2343
75277	2359
75277	2361
75277	2368
75277	2370
75277	2375
75277	2378
75277	2379
75277	2384
75277	2387
75277	2392
75277	2395
75277	2398
75277	2409
75277	2412
75277	2424
75277	2435
75277	2439
75277	2440
75277	2444
75277	2454
75277	2463
75277	2467
75277	2477
75277	2498
75277	2523
75729	2315
75729	2324
75729	2327
75729	2345
75729	2348
75729	2353
75729	2354
75729	2357
75729	2360
75729	2361
75729	2367
75729	2370
75729	2371
75729	2375
75729	2378
75729	2379
75729	2380
75729	2382
75729	2383
75729	2384
75729	2386
75729	2387
75729	2388
75729	2394
75729	2395
75729	2396
75729	2398
75729	2399
75729	2402
75729	2403
75729	2405
75729	2408
75729	2412
75729	2413
75729	2416
75729	2417
75729	2421
75729	2426
75729	2431
75729	2433
75729	2435
75729	2437
75729	2440
75729	2441
75729	2443
75729	2445
75729	2448
75729	2452
75729	2460
75729	2461
75729	2467
75729	2511
75729	2521
75729	2529
75729	2541
75729	2568
75729	2580
75729	2628
75729	2649
75729	2671
75729	2681
75729	2685
75729	2700
75729	2730
75729	2827
76710	2309
76710	2314
76710	2315
76710	2328
76710	2331
76710	2354
76710	2356
76710	2373
76710	2379
76710	2380
76710	2391
76710	2392
76710	2394
76710	2396
76710	2397
76710	2414
76710	2416
76770	2347
76770	2362
76770	2377
76770	2391
76770	2406
76770	2419
76770	2422
76770	2454
76770	2476
76770	2490
76770	2574
76903	2298
76903	2304
76903	2305
76903	2308
76903	2309
76903	2310
76903	2311
76903	2319
76903	2325
76903	2342
76903	2350
76903	2358
76903	2363
76903	2367
76903	2368
76903	2376
76903	2378
76903	2383
76903	2388
76903	2392
76903	2395
76903	2396
76903	2397
76903	2403
76903	2410
76903	2417
76903	2426
76903	2460
76903	2635
77722	2315
77722	2320
77722	2323
77722	2324
77722	2328
77722	2330
77722	2332
77722	2338
77722	2341
77722	2345
77722	2353
77722	2354
77722	2358
77722	2361
77722	2362
77722	2365
77722	2367
77722	2369
77722	2371
77722	2374
77722	2379
77722	2384
77722	2388
77722	2389
77722	2392
77722	2393
77722	2394
77722	2396
77722	2397
77722	2399
77735	2464
77735	2472
77735	2552
77735	2568
79123	2376
79123	2377
79123	2378
79123	2383
79123	2387
79123	2388
79123	2410
79123	2459
80640	2337
80640	2353
80640	2357
80640	2360
80640	2362
80640	2367
80640	2369
80640	2371
80640	2373
80640	2375
80640	2380
80640	2389
80640	2397
80640	2399
80640	2400
80640	2401
80640	2408
80640	2409
80640	2411
80640	2417
80640	2418
80640	2419
80640	2421
80640	2422
80640	2425
80640	2428
80640	2445
80640	2446
80640	2453
80640	2457
80640	2459
80640	2461
80640	2466
80640	2471
80640	2472
80640	2490
80640	2494
80640	2495
80640	2525
80640	2536
80640	2540
80640	2646
83962	2313
83962	2324
83962	2360
83962	2374
83962	2383
83962	2410
83962	2452
83962	2463
83962	2476
84151	2348
84151	2500
84151	2505
84151	2523
85202	2313
85202	2326
85202	2375
85202	2378
85202	2395
85202	2433
85202	2477
85202	2601
86243	2313
86243	2363
86243	2410
86809	2328
86809	2361
86809	2376
86809	2377
86809	2425
86809	2433
86809	2442
86809	2503
87923	2313
87923	2325
87923	2327
87923	2337
87923	2338
87923	2347
87923	2348
87923	2356
87923	2358
87923	2359
87923	2362
87923	2363
87923	2368
87923	2378
87923	2383
87923	2395
87923	2400
87923	2410
87923	2414
87923	2425
87923	2429
87923	2435
87923	2444
87923	2457
87923	2463
87923	2466
87923	2477
87923	2481
87923	2490
87923	2505
87923	2523
87923	2574
89465	2378
90015	2297
90015	2301
90015	2304
90015	2310
90015	2313
90015	2315
90015	2322
90015	2327
90015	2332
90015	2333
90015	2335
90015	2344
90015	2346
90015	2348
90015	2349
90015	2353
90015	2354
90015	2355
90015	2356
90015	2358
90015	2359
90015	2368
90015	2373
90015	2375
90015	2378
90015	2379
90015	2383
90015	2384
90015	2386
90015	2391
90015	2392
90015	2393
90015	2394
90015	2396
90015	2398
90015	2399
90015	2400
90015	2407
90015	2415
90015	2416
90015	2418
90015	2419
90015	2420
90015	2429
90015	2431
90015	2432
90015	2433
90015	2439
90015	2441
90015	2446
90015	2447
90015	2466
92675	2371
92675	2409
92675	2419
92675	2425
92675	2457
92675	2574
94173	2348
94173	2349
94173	2352
94173	2357
94173	2359
94173	2360
94173	2365
94173	2392
94173	2399
94173	2408
94173	2417
94173	2433
94173	2445
94173	2448
94173	2458
94173	2468
94173	2469
94173	2472
94173	2513
94173	2523
94173	2604
94173	2635
94173	3286
94528	2314
94528	2350
94528	2358
94528	2359
94528	2367
94528	2368
94528	2372
94528	2376
94528	2378
94528	2380
94528	2383
94528	2386
94528	2409
94528	2412
94528	2433
94528	2444
94528	2451
94528	2453
94528	2460
94528	2461
94528	2462
94528	2463
94528	2466
94528	2476
94528	2481
94528	2490
94528	2498
94528	2505
94528	2506
94528	2514
94528	2515
94528	2525
94528	2574
94528	2592
94528	2601
95924	2353
95924	2378
95924	2412
95924	2443
95924	2538
95947	2313
95947	2362
95947	2376
95947	2377
95947	2391
95947	2410
95947	2461
95947	2463
95947	2489
95947	2491
95947	2492
95947	2496
95947	2505
95947	2507
95947	2511
95947	2515
95947	2523
95947	2528
95947	2549
95947	2570
95947	2574
95947	2635
96523	2297
96523	2299
96523	2300
96523	2308
96523	2309
96523	2310
96523	2311
96523	2313
96523	2314
96523	2332
96523	2337
96523	2361
96523	2367
96523	2378
96523	2387
96523	2406
96523	2413
96523	2429
96523	2432
96523	2473
96523	2481
96523	2543
96523	2629
97254	2313
97254	2388
97254	2459
97254	2574
98300	2378
98300	2383
98300	2388
98300	2405
99994	2326
99994	2408
99994	2409
99994	2411
99994	2414
99994	2415
99994	2426
99994	2427
99994	2428
99994	2436
99994	2439
99994	2441
101035	2297
101035	2307
101035	2310
101035	2311
101035	2314
101035	2331
101035	2346
101035	2350
101035	2375
101035	2378
101035	2381
101035	2386
101035	2387
101035	2393
101035	2401
101035	2402
101035	2403
101035	2404
101035	2405
101035	2406
101035	2411
101035	2414
101035	2415
101035	2419
101035	2420
101035	2421
101035	2426
101035	2431
101035	2435
101035	2436
101035	2437
101035	2441
101035	2442
102218	2379
102218	2455
102218	2491
102218	2506
102431	2295
102431	2298
102431	2299
102431	2309
102431	2317
102431	2324
102431	2325
102431	2327
102431	2329
102431	2336
102431	2338
102431	2341
102431	2351
102431	2353
102431	2356
102431	2358
102431	2371
102431	2373
102431	2374
102431	2379
102431	2380
102431	2383
102431	2384
102431	2392
102431	2394
102431	2395
102431	2398
102431	2400
102431	2402
102431	2409
102431	2410
102431	2411
102431	2432
102431	2441
102431	2576
102431	2597
102431	2635
103576	2324
103576	2337
103576	2363
103576	2408
103576	2415
103576	2475
103576	2483
103576	2523
106844	2347
106844	2359
106844	2362
106844	2369
106844	2379
106844	2405
106844	2418
106844	2425
106844	2452
106844	2458
106844	2461
106844	2462
106844	2466
106844	2475
107086	2337
107086	2410
107086	2668
107086	2692
107155	2400
107155	2403
107155	2463
110238	2327
110238	2350
110238	2380
110238	2425
110238	2450
110510	2328
110510	2331
110510	2332
110510	2333
110510	2335
110510	2336
110510	2345
110510	2352
110510	2359
110510	2364
110510	2365
110510	2367
110510	2369
110510	2381
110510	2383
110510	2393
110510	2395
110510	2408
110510	2441
110510	2456
110510	2467
110510	2477
110545	2360
110545	2376
110545	2444
110545	2500
110545	2523
110545	2635
111058	2367
111058	2415
111058	2448
111290	2312
111290	2314
111290	2315
111290	2320
111290	2323
111290	2328
111290	2331
111290	2333
111290	2336
111290	2340
111290	2344
111290	2346
111290	2348
111290	2349
111290	2350
111290	2351
111290	2353
111290	2356
111290	2360
111290	2361
111290	2365
111290	2367
111290	2372
111290	2373
111290	2375
111290	2378
111290	2379
111290	2380
111290	2386
111290	2388
111290	2392
111290	2393
111290	2394
111290	2396
111290	2397
111290	2398
111290	2399
111290	2400
111290	2402
111290	2403
111290	2404
111290	2405
111290	2406
111290	2408
111290	2416
111290	2417
111290	2418
111290	2419
111290	2421
111290	2430
111290	2431
111290	2436
111290	2437
111290	2439
111290	2440
111290	2441
111290	2443
111290	2445
111290	2446
111290	2449
111290	2451
111290	2453
112430	2348
112430	2376
112430	2378
112430	2425
112430	2444
112430	2458
112430	2459
112430	2463
112430	2505
112430	2523
112430	2574
113007	2348
113007	2363
113007	2370
113007	2379
113007	2417
113007	2458
113007	2635
113173	2324
113173	2348
113173	2391
113173	2437
113173	2462
113173	2574
113217	2378
113217	2393
113217	2394
113217	2395
113217	2401
113217	2402
113217	2406
113217	2415
113217	2417
113217	2437
113217	2444
113217	2446
113217	2450
113217	2454
113217	2456
113217	2467
113217	2474
113217	2476
113217	2481
113217	2498
113217	2512
113217	2513
113217	2515
113217	2574
113217	2601
113217	2646
114161	2313
114161	2343
114161	2348
114161	2367
114161	2378
114161	2391
114161	2442
114161	2448
114161	2463
114908	2378
114908	2448
114908	2458
114908	2460
114908	2483
114908	2505
114908	2506
114908	2523
114908	2574
116322	2313
116322	2348
116322	2368
116322	2374
116322	2387
116322	2389
116322	2406
116322	2435
116322	2444
116322	2448
116322	2454
116322	2462
116322	2574
116322	2635
118125	2359
118125	2398
118125	2412
118320	2383
118320	2412
118476	3082
118522	2341
118522	2347
118522	2348
118522	2354
118522	2362
118522	2365
118522	2367
118522	2368
118522	2369
118522	2372
118522	2374
118522	2375
118522	2376
118522	2378
118522	2380
118522	2383
118522	2386
118522	2387
118522	2388
118522	2391
118522	2392
118522	2393
118522	2395
118522	2399
118522	2404
118522	2406
118522	2412
118522	2417
118522	2423
118522	2425
118522	2437
118522	2442
118522	2444
118522	2445
118522	2447
118522	2450
118522	2460
118522	2461
118522	2465
118522	2477
118522	2481
118522	2513
118522	2515
118522	2574
118522	2635
121103	2359
121103	2376
121103	2377
121103	2386
121103	2392
121103	2421
121103	2463
121103	2574
124345	2408
124345	2409
124345	2417
124345	2425
124345	2448
124345	2450
124345	2461
124345	2466
124345	2538
124345	2635
126485	2362
126485	2372
126485	2391
126485	2436
126485	2451
126485	2457
126485	2461
126485	2462
126485	2463
126485	2490
126485	2498
126485	2505
126485	2515
126485	2574
126606	2337
126606	2338
126606	2360
126606	2378
126606	2393
126606	2396
126606	2400
126606	2406
126606	2444
126606	2635
126623	2369
126623	2377
126623	2402
126623	2409
126623	2412
126623	2425
126623	2450
126623	2635
127739	2313
127739	2400
127739	2423
127739	2444
127771	2345
127771	2347
127771	2349
127771	2353
127771	2355
127771	2360
127771	2368
127771	2369
127771	2379
127771	2386
127771	2393
127771	2394
127771	2395
127771	2399
127771	2408
127771	2411
127771	2414
127771	2419
127771	2420
127771	2421
127771	2445
127771	2454
127771	2460
127771	2462
127771	2467
127771	2474
127771	2477
127771	2481
127771	2515
129511	2312
129511	2314
129511	2320
129511	2324
129511	2326
129511	2328
129511	2330
129511	2341
129511	2342
129511	2344
129511	2348
129511	2349
129511	2352
129511	2353
129511	2355
129511	2360
129511	2361
129511	2362
129511	2365
129511	2375
129511	2379
129511	2386
129511	2392
129511	2402
129511	2403
129511	2408
129511	2411
129511	2414
129511	2415
129511	2421
129511	2423
129511	2430
129511	2448
129511	2463
129511	2570
130091	2437
130091	2475
130091	2487
130091	2513
130091	2535
130091	2544
130099	2363
130099	2378
130099	2574
130316	2323
130316	2337
130316	2341
130316	2343
130316	2354
130316	2356
130316	2360
130316	2368
130316	2369
130316	2371
130316	2384
130316	2411
130316	2416
130316	2427
130316	2437
130316	2439
130316	2440
130316	2445
130316	2454
130316	2460
130316	2467
130316	2570
130316	2571
130838	2335
130838	2342
130838	2349
130838	2350
130838	2355
131285	2348
131285	2376
131285	2388
131285	2398
131285	2408
131285	2422
131285	2435
131285	2441
131285	2444
131285	2454
131285	2463
131285	2469
131285	2515
131285	2523
131285	2604
131532	2368
131532	2381
131532	2480
131532	2574
131594	2360
132423	2292
132423	2293
132423	2294
132423	2295
132423	2297
132423	2298
132423	2299
132423	2300
132423	2301
132423	2302
132423	2303
132423	2306
132423	2307
132423	2308
132423	2310
132423	2311
132423	2314
132423	2315
132423	2320
132423	2324
132423	2326
132423	2331
132423	2332
132423	2335
132423	2337
132423	2338
132423	2388
132423	2389
132423	2392
132423	2393
132423	2394
132423	2398
132423	2399
132423	2719
132740	2415
132740	2419
132740	2456
132740	2463
132740	2512
133195	2324
133195	2328
133195	2341
133195	2343
133195	2345
133195	2358
133195	2360
133195	2368
133195	2369
133195	2371
133195	2378
133195	2384
133195	2388
133195	2390
133195	2392
133195	2408
133195	2410
133195	2417
133195	2437
133195	2443
133195	2456
133195	2463
133378	2297
133378	2299
133378	2300
133378	2302
133378	2303
133378	2305
133378	2307
133378	2308
133378	2309
133378	2310
133378	2311
133378	2320
133378	2321
133378	2324
133378	2332
133378	2335
133378	2337
133378	2338
133378	2342
133378	2353
133378	2355
133378	2358
133378	2361
133378	2362
133378	2364
133378	2366
133378	2367
133378	2369
133378	2370
133378	2374
133378	2375
133378	2376
133378	2377
133378	2378
133378	2383
133378	2384
133378	2391
133378	2393
133378	2394
133378	2395
133378	2397
133378	2399
133378	2401
133378	2404
133378	2406
133378	2407
133378	2409
133378	2410
133378	2418
133512	2446
133512	2457
133512	2461
133512	2463
133512	2472
133512	2523
133512	2570
133512	2635
133746	2306
133746	2307
133746	2312
133746	2314
133746	2326
133746	2328
133746	2331
133746	2333
133746	2334
133746	2342
133746	2343
133746	2346
133746	2398
133746	2442
133746	2447
133788	2313
133788	2337
133788	2363
133788	2368
133788	2410
133788	2463
133788	2483
133788	2505
133788	2574
133788	2601
136252	2401
136252	2442
136252	2560
136953	2321
136953	2334
136953	2335
136953	2337
136953	2340
136953	2342
136953	2352
136953	2355
136953	2358
136953	2361
136953	2362
136953	2366
136953	2367
136953	2370
136953	2372
136953	2376
136953	2381
136953	2383
136953	2384
136953	2391
136953	2401
136953	2404
136953	2408
136953	2412
136953	2413
136953	2417
136953	2419
136953	2427
136953	2430
136953	2431
136953	2439
136953	2441
136953	2443
136953	2446
136953	2549
136953	3315
137467	2328
137467	2348
137467	2365
137467	2408
137467	2635
137504	2369
137504	2411
137504	2416
137504	2451
137504	2463
137504	2466
137504	2505
138950	2343
138950	2348
138950	2360
138950	2368
138950	2374
138950	2376
138950	2377
138950	2378
138950	2383
138950	2402
138950	2409
138950	2411
138950	2425
138950	2450
138950	2461
138950	2463
138950	2466
138950	2505
138950	2560
138950	2574
138950	2635
139033	2462
139033	2463
139033	2474
139033	2574
139650	2376
139650	2383
139650	2408
139650	2457
139650	2466
139650	2505
141168	2314
141168	2442
141168	2451
141168	2459
141168	2460
141168	2463
141168	2465
141168	2505
141168	2555
141168	2557
141168	2570
141168	2574
141168	2596
141168	2639
141168	2774
141168	2812
141168	2895
144296	2307
144296	2308
144296	2309
144296	2310
144296	2313
144296	2314
144296	2322
144296	2323
144296	2324
144296	2331
144296	2332
144296	2335
144296	2344
144296	2346
144296	2348
144296	2349
144296	2354
144296	2356
144296	2357
144296	2358
144296	2360
144296	2368
144296	2369
144296	2370
144296	2373
144296	2376
144296	2377
144296	2378
144296	2379
144296	2381
144296	2384
144296	2387
144296	2388
144296	2389
144296	2390
144296	2392
144296	2393
144296	2398
144296	2399
144296	2402
144296	2403
144296	2415
144296	2419
144296	2420
144296	2421
144296	2424
144296	2427
144296	2428
144296	2431
144296	2433
144296	2437
144296	2439
144296	2441
144296	2445
144296	2451
144296	2454
144296	2456
144296	2640
144459	2313
144459	2323
144459	2353
144459	2376
144459	2378
144459	2382
144459	2392
144459	2427
144913	2327
144913	2348
144913	2417
144913	2525
145460	2343
145460	2400
145460	2403
147848	2305
147848	2319
147848	2335
147848	2337
147848	2352
147848	2359
147848	2376
147848	2386
147848	2393
147848	2395
147848	2406
147848	2454
147848	2462
147848	2580
147848	2623
147939	2463
147939	2483
147939	2488
147939	2498
147939	2529
148237	2392
148237	2395
148237	2439
148237	2451
148237	2463
148237	2476
148293	2393
148293	2415
148293	2425
149516	2523
151016	2382
151016	2457
151016	2461
151016	2535
151685	2290
151685	2291
151685	2293
151685	2295
151685	2297
151685	2299
151685	2305
151685	2307
151685	2308
151685	2311
151685	2314
151685	2318
151685	2327
151685	2328
151685	2331
151685	2333
151685	2335
151685	2336
151685	2337
151685	2341
151685	2342
151685	2343
151685	2345
151685	2347
151685	2348
151685	2350
151685	2351
151685	2352
151685	2353
151685	2354
151685	2355
151685	2357
151685	2359
151685	2360
151685	2361
151685	2362
151685	2364
151685	2365
151685	2367
151685	2368
151685	2370
151685	2371
151685	2372
151685	2373
151685	2374
151685	2375
151685	2377
151685	2380
151685	2381
151685	2382
151685	2383
151685	2384
151685	2386
151685	2387
151685	2388
151685	2389
151685	2391
151685	2392
151685	2393
151685	2395
151685	2397
151685	2398
151685	2399
151685	2401
151685	2403
151685	2405
151685	2406
151685	2408
151685	2410
151685	2411
151685	2412
151685	2413
151685	2414
151685	2418
151685	2419
151685	2422
151685	2425
151685	2427
151685	2428
151685	2431
151685	2434
151685	2436
151685	2444
151685	2445
151685	2449
151685	2452
151685	2466
151685	2477
151685	2490
151685	2494
151685	2505
151685	2506
151685	2515
151685	2541
151685	2601
151685	2635
151685	2646
152331	2307
152331	2313
152331	2314
152331	2329
152331	2330
152331	2331
152331	2339
152331	2346
152331	2347
152331	2348
152331	2349
152331	2350
152331	2351
152331	2352
152331	2353
152331	2354
152331	2355
152331	2356
152331	2360
152331	2361
152331	2362
152331	2364
152331	2365
152331	2367
152331	2368
152331	2372
152331	2373
152331	2381
152331	2383
152331	2385
152331	2386
152331	2387
152331	2401
152331	2402
152331	2403
152331	2404
154558	2304
154558	2306
154558	2307
154558	2310
154558	2312
154558	2314
154558	2315
154558	2318
154558	2320
154558	2324
154558	2333
154558	2335
154558	2337
154558	2341
154558	2342
154558	2347
154558	2349
154558	2354
154558	2355
154558	2356
154558	2360
154558	2371
154558	2373
154558	2375
154558	2377
154558	2379
154558	2380
154558	2386
154558	2391
154558	2394
154558	2395
154558	2397
154558	2399
155063	2367
155063	2374
155063	2380
155063	2388
155063	2394
155063	2412
155063	2432
155063	2444
155063	2747
158890	2570
158890	2574
159912	2313
159912	2367
159912	2368
159912	2388
159912	2460
160024	2336
160024	2355
160024	2368
160024	2383
160024	2392
160024	2393
160024	2394
160024	2396
160024	2397
160024	2401
160024	2402
160024	2404
160024	2405
160024	2417
160024	2418
160024	2421
160024	2422
160024	2424
160024	2431
160024	2447
160024	2449
160024	2474
160024	2477
160024	2483
161106	2320
161106	2328
161106	2332
161106	2333
161106	2335
161106	2343
161106	2344
161106	2345
161106	2346
161106	2348
161106	2349
161106	2353
161106	2355
161106	2356
161106	2360
161106	2361
161106	2362
161106	2367
161106	2368
161106	2378
161106	2382
161106	2383
161106	2386
161106	2388
161106	2391
161106	2393
161106	2394
161106	2396
161106	2397
161106	2398
161106	2399
161106	2401
161106	2403
161106	2406
161106	2407
161106	2409
161106	2414
161106	2417
161106	2421
161106	2430
161106	2432
161106	2436
161106	2438
161106	2439
161106	2440
161106	2441
161106	2442
161106	2443
161106	2445
161106	2446
161333	2290
161333	2292
161333	2294
161333	2297
161333	2301
161333	2302
161333	2304
161333	2307
161333	2313
161333	2320
161333	2322
161333	2323
161333	2324
161333	2330
161333	2332
161333	2333
161333	2335
161333	2336
161333	2340
161333	2341
161333	2342
161333	2344
161333	2346
161333	2348
161333	2349
161333	2352
161333	2353
161333	2354
161333	2355
161333	2360
161333	2362
161333	2365
161333	2367
161333	2372
161333	2373
161333	2374
161333	2375
161333	2376
161333	2379
161333	2383
161333	2388
161333	2392
161333	2393
161333	2395
161333	2397
161333	2398
161333	2399
161333	2401
161333	2402
161333	2410
161541	2373
161541	2376
161541	2377
161541	2409
161541	2415
161541	2417
161541	2424
161541	2444
161541	2448
161541	2456
161541	2462
161541	2463
161541	2513
161541	2523
161541	2574
161541	2601
161541	2635
163175	2313
163175	2328
163175	2361
163175	2362
163175	2363
163175	2365
163175	2370
163175	2400
163175	2403
163175	2415
163175	2420
163175	2445
163175	2505
163175	2513
163175	2574
163175	2635
163727	2425
163727	2459
163727	2463
163727	2505
163727	2570
163727	2574
163727	2635
163727	2719
164644	2312
164644	2337
164644	2368
164644	2405
164644	2442
164644	2463
164644	2635
165054	2361
165054	2378
165054	2383
165054	2384
165054	2393
165054	2439
165054	2444
165054	2463
165054	2523
165054	2574
167435	2365
167435	2434
167435	2501
167649	2292
167649	2297
167649	2310
167649	2313
167649	2319
167649	2320
167649	2322
167649	2324
167649	2328
167649	2332
167649	2335
167649	2342
167649	2346
167649	2349
167649	2352
167649	2353
167649	2354
167649	2355
167649	2360
167649	2367
167649	2368
167649	2370
167649	2373
167649	2374
167649	2378
167649	2386
167649	2387
167649	2388
167649	2389
167649	2397
167649	2398
167649	2403
167649	2407
167649	2408
167649	2409
167649	2411
167649	2421
167649	2424
167649	2428
167649	2431
167649	2432
169665	2297
169665	2302
169665	2304
169665	2307
169665	2310
169665	2311
169665	2315
169665	2319
169665	2323
169665	2330
169665	2332
169665	2333
169665	2335
169665	2337
169665	2338
169665	2341
169665	2342
169665	2343
169665	2346
169665	2349
169665	2352
169665	2355
169665	2356
169665	2357
169665	2360
169665	2361
169665	2364
169665	2365
169665	2367
169665	2381
169665	2383
169665	2390
169665	2394
169665	2396
169665	2397
169665	2398
169665	2400
169665	2403
169665	2408
172863	2319
172863	2321
172863	2322
172863	2323
172863	2324
172863	2327
172863	2328
172863	2331
172863	2332
172863	2333
172863	2336
172863	2341
172863	2343
172863	2354
172863	2359
172863	2361
172863	2362
172863	2368
172863	2370
172863	2372
172863	2375
172863	2376
172863	2378
172863	2379
172863	2383
172863	2384
172863	2387
172863	2388
172863	2389
172863	2391
172863	2392
172863	2393
172863	2394
172863	2398
172863	2400
172863	2401
172863	2404
172863	2406
172863	2409
172863	2412
172863	2416
172863	2423
172863	2424
172863	2427
172863	2439
172863	2440
172863	2441
172863	2442
172863	2447
172863	2450
172863	2460
172863	2461
172863	2474
172863	2477
172863	2503
172863	2513
172863	2515
172863	2516
172863	2563
172863	2586
172863	2635
172863	2667
172863	2679
172863	2719
172863	2799
172863	2825
172863	2874
172863	2981
172863	3031
175937	2305
175937	2343
175937	2348
175937	2368
175937	2378
175937	2379
175937	2382
175937	2398
175937	2403
175937	2461
175937	2494
176333	2314
176333	2348
176333	2362
176333	2365
176333	2374
176333	2376
176333	2377
176333	2378
176333	2403
176333	2405
176333	2408
176333	2412
176333	2417
176333	2422
176333	2433
176333	2450
176333	2460
176333	2462
176333	2463
176333	2476
176333	2498
176333	2513
176333	2515
176333	2574
176333	2635
178196	2347
178196	2348
178196	2376
178196	2417
178196	2442
178196	2459
178196	2463
178196	2490
178196	2505
178196	2574
178196	2635
182008	2412
182008	2466
182883	2349
182883	2350
182883	2351
182883	2354
182883	2356
182883	2358
182883	2360
182883	2365
182883	2366
182883	2367
182883	2369
182883	2372
182883	2373
182883	2374
182883	2376
182883	2379
182883	2384
182883	2386
182883	2390
182883	2392
182883	2393
182883	2394
182883	2396
182883	2397
182883	2398
182883	2399
182883	2402
182883	2403
182883	2404
182883	2406
182883	2407
182883	2413
182883	2415
182883	2418
182883	2420
182883	2423
182883	2428
182883	2431
182883	2432
182883	2433
182883	2434
182883	2435
182883	2436
182883	2438
182883	2439
182883	2441
182883	2442
182883	2443
182883	2445
182883	2446
182883	2451
182883	2458
184695	2313
184695	2360
184695	2363
184695	2403
184695	2463
184695	2490
184695	2574
185072	2313
185072	2348
185072	2383
185072	2412
185072	2417
185072	2442
185072	2444
185072	2459
185072	2463
185072	2476
185072	2490
185072	2505
185072	2528
185072	2574
185072	2635
187049	2328
187049	2333
187049	2347
187049	2348
187049	2354
187049	2359
187049	2360
187049	2362
187049	2368
187049	2369
187049	2371
187049	2372
187049	2377
187049	2379
187049	2382
187049	2383
187049	2384
187049	2386
187049	2392
187049	2393
187049	2397
187049	2403
187049	2405
187049	2408
187049	2411
187049	2416
187049	2431
187049	2439
187049	2445
188222	2325
188222	2360
188222	2367
188222	2373
188222	2376
188222	2396
188222	2417
188222	2427
188222	2432
188222	2456
188222	2463
188222	2601
188222	2635
188718	2325
188718	2350
188718	2393
188718	2425
188718	2462
188718	2547
188718	2635
188724	2377
188724	2412
188724	2418
188724	2457
188724	2458
188724	2459
188724	2494
188948	2374
188948	2399
188948	2460
188948	2474
188948	2635
189288	2367
189288	2404
189288	2444
189288	2472
189288	2513
189288	2574
189978	2313
189978	2315
189978	2320
189978	2322
189978	2323
189978	2324
189978	2330
189978	2332
189978	2341
189978	2350
189978	2351
189978	2354
189978	2355
189978	2356
189978	2360
189978	2361
189978	2362
189978	2365
189978	2369
189978	2373
189978	2375
189978	2380
189978	2382
189978	2383
189978	2387
189978	2388
189978	2396
189978	2399
189978	2401
189978	2416
189978	2418
189978	2421
189978	2477
191503	2378
191503	2401
191503	2425
191503	2450
191503	2463
191503	2483
191902	2353
191902	2362
191902	2376
191902	2378
191902	2379
191902	2408
191902	2427
191902	2444
191902	2490
191902	2574
191902	2641
192992	2319
192992	2323
192992	2331
192992	2333
192992	2335
192992	2339
192992	2340
192992	2341
192992	2342
192992	2343
192992	2346
192992	2349
192992	2350
192992	2351
192992	2352
192992	2355
192992	2356
192992	2357
192992	2358
192992	2360
192992	2361
192992	2370
192992	2377
192992	2379
192992	2381
192992	2383
192992	2384
192992	2386
192992	2387
192992	2389
192992	2391
192992	2392
192992	2396
192992	2399
192992	2400
192992	2403
192992	2404
192992	2405
192992	2421
192992	2424
192992	2477
194952	2327
194952	2337
194952	2363
194952	2371
194952	2376
194952	2419
194952	2425
194952	2463
194952	2466
198256	2360
198256	2381
198256	2416
198256	2417
198256	2456
199007	2328
199007	2337
199007	2370
199007	2378
199007	2384
199007	2386
199007	2388
199007	2389
199007	2392
199007	2393
199007	2398
199007	2403
199007	2405
199007	2408
199007	2414
199007	2415
199007	2418
199007	2421
199007	2422
199007	2430
199007	2431
199007	2445
199007	2446
199007	2447
199007	2477
199007	2512
199007	2534
199069	2337
199069	2343
199069	2357
199069	2360
199069	2376
199069	2400
199069	2404
199069	2417
199069	2433
199069	2448
199069	2513
199069	2541
199339	2327
199339	2328
199339	2338
199339	2356
199339	2368
199339	2371
199339	2372
199339	2377
199339	2378
199339	2380
199339	2382
199339	2388
199339	2442
199339	2443
199339	2574
200126	2313
200126	2337
200126	2338
200126	2361
200126	2363
200126	2368
200126	2372
200126	2393
200126	2403
200126	2405
200126	2406
200126	2422
200126	2425
200126	2452
200126	2462
200126	2463
200126	2476
200126	2574
200665	2378
200665	2412
200665	2966
201865	2353
201865	2365
201865	2378
201865	2394
201865	2406
201865	2437
201865	2472
201865	2490
201865	2574
203295	2313
203295	2363
203295	2377
203295	2378
203295	2437
203295	2448
203295	2459
203506	2333
203506	2383
203506	2451
203506	2463
203506	2491
203506	2535
203506	2570
204895	2327
204895	2348
204895	2382
204895	2384
204895	2461
204895	2483
204895	2515
204895	2562
204895	2886
206404	2323
206404	2324
206404	2328
206404	2341
206404	2345
206404	2348
206404	2354
206404	2362
206404	2368
206404	2369
206404	2375
206404	2376
206404	2378
206404	2383
206404	2386
206404	2391
206404	2393
206404	2399
206404	2405
206404	2408
206404	2417
206404	2419
206404	2421
206404	2423
206404	2431
206404	2434
206404	2437
206404	2439
206404	2445
206404	2448
206404	2454
206404	2462
206404	2463
206404	2498
206404	2515
206404	2560
206404	2574
206404	2635
206557	2333
206557	2348
206557	2362
206557	2412
206557	2444
208070	2367
208070	2376
208070	2388
208070	2417
208070	2425
208070	2461
208070	2574
208598	2454
209308	2354
209308	2376
209308	2378
209308	2383
209308	2425
209308	2442
209308	2444
209308	2451
209308	2457
209308	2458
209308	2461
209308	2463
209308	2466
209308	2472
209308	2480
209308	2490
209308	2496
209308	2503
209308	2505
209308	2509
209308	2523
209308	2535
209308	2574
209308	2635
209375	2367
209375	2368
209375	2377
209375	2380
209375	2387
209375	2391
209375	2444
209375	2463
209375	2574
209375	2635
211747	2348
211747	2374
211825	2307
211825	2311
211825	2327
211825	2337
211825	2340
211825	2364
211825	2371
211825	2373
211825	2376
211825	2378
211825	2398
211825	2400
211825	2417
211825	2418
211825	2421
211825	2423
211825	2433
211825	2437
211825	2441
211825	2442
211825	2494
211825	2523
211825	2612
211825	2635
213035	2362
213035	2376
213035	2377
213035	2378
213035	2382
213035	2398
214461	2348
214461	2376
214461	2378
214461	2411
214461	2425
214461	2442
214461	2523
214461	2601
215493	2322
215493	2323
215493	2324
215493	2330
215493	2331
215493	2333
215493	2340
215493	2342
215493	2343
215493	2345
215493	2347
215493	2352
215493	2354
215493	2355
215493	2365
215493	2368
215493	2375
215493	2379
215493	2383
215493	2386
215493	2387
215493	2392
215493	2393
215493	2395
215493	2399
215493	2405
215493	2424
215493	2439
216738	2334
216738	2463
217248	2313
217248	2328
217248	2348
217248	2356
217248	2360
217248	2362
217248	2376
217248	2392
217248	2398
217248	2400
217248	2410
217248	2411
217248	2439
217248	2440
217248	2442
217248	2463
217248	2494
217248	2574
217248	2635
217248	2688
217248	2796
217814	2361
217814	2367
217814	2378
217814	2428
217814	2439
217814	2447
217814	2477
217814	2505
217814	2515
217814	2523
217814	2570
217814	2574
217814	2587
217814	2604
219202	2325
219202	2328
219202	2356
219202	2361
219202	2382
219202	2412
219202	2413
219202	2435
219202	2450
219202	2452
219202	2511
219369	2505
219516	2292
219516	2294
219516	2295
219516	2297
219516	2298
219516	2299
219516	2300
219516	2301
219516	2302
219516	2304
219516	2305
219516	2307
219516	2308
219516	2312
219516	2313
219516	2314
219516	2320
219516	2322
219516	2323
219516	2324
219516	2328
219516	2330
219516	2331
219516	2332
219516	2335
219516	2336
219516	2340
219516	2341
219516	2342
219516	2344
219516	2346
219516	2348
219516	2349
219516	2352
219516	2353
219516	2354
219516	2355
219516	2356
219516	2358
219516	2360
219516	2362
219516	2365
219516	2367
219516	2370
219516	2371
219516	2372
219516	2373
219516	2374
219516	2375
219516	2379
219516	2383
219516	2384
219516	2387
219516	2388
219516	2391
219516	2392
219516	2393
219516	2397
219516	2398
219516	2399
219516	2446
219516	2451
219516	2478
219516	2489
219719	2378
219719	2406
219719	2409
219719	2419
219719	2448
219719	2450
219719	2451
219719	2463
219719	2472
219719	2574
221564	2310
221564	2313
221564	2333
221564	2346
221564	2403
221564	2444
221564	2446
221564	2574
221564	2911
221746	2343
221746	2359
221746	2377
221746	2378
221746	2379
221746	2386
221746	2392
221746	2398
221746	2405
221746	2416
221746	2442
221746	2444
221746	2456
221746	2472
221746	2574
222886	2327
222886	2347
222886	2362
222886	2374
222886	2377
222886	2378
222886	2382
222886	2401
222886	2403
222886	2409
222886	2413
222886	2414
222886	2419
222886	2425
222886	2450
222886	2456
222886	2460
222886	2461
222886	2463
222886	2476
222886	2477
222886	2512
222886	2560
222886	2635
224073	2348
224073	2377
224073	2383
224073	2574
224661	2311
224661	2328
224661	2332
224661	2344
224661	2346
224661	2347
224661	2348
224661	2357
224661	2360
224661	2365
224661	2367
224661	2371
224661	2376
224661	2378
224661	2383
224661	2408
224661	2411
224661	2424
224661	2425
224661	2456
224661	2461
224661	2570
224661	2574
224661	2635
225204	2348
225204	2378
225204	2408
225204	2417
225204	2430
225204	2448
225204	2456
225204	2574
225204	2635
226264	2313
226264	2322
226264	2332
226264	2362
226264	2376
226264	2378
226264	2383
226264	2386
226264	2393
226264	2394
226264	2396
226264	2398
226264	2403
226264	2406
226264	2408
226264	2409
226264	2411
226264	2412
226264	2415
226264	2416
226264	2417
226264	2419
226264	2422
226264	2425
226264	2430
226264	2436
226264	2442
226264	2443
226264	2444
226264	2447
226264	2460
226264	2461
226264	2463
226264	2466
226264	2476
226264	2477
226264	2515
226264	2574
226264	2635
227249	2341
227249	2353
227249	2369
227249	2378
227249	2386
227249	2393
227249	2398
227249	2405
227249	2408
227249	2413
227249	2441
227249	2446
227249	2448
228053	2319
228053	2328
228053	2335
228053	2341
228053	2342
228053	2343
228053	2355
228053	2363
228053	2369
228053	2383
228053	2386
228053	2403
228053	2405
228053	2410
230291	2314
230291	2356
230291	2363
230291	2367
230291	2378
230291	2383
230291	2427
230291	2444
230291	2459
230291	2515
230291	2523
230291	2570
230291	2635
231583	2341
231583	2378
231583	2383
231583	2392
231583	2398
231583	2411
231583	2432
231583	2437
231583	2448
231583	2476
231583	2477
231583	2490
231583	2505
231583	2515
232511	2313
232511	2337
232511	2343
232511	2360
232511	2362
232511	2368
232511	2378
232511	2410
232511	2463
232511	2574
232511	2635
233252	2352
233252	2362
233252	2365
233252	2377
233252	2394
233252	2417
233252	2422
233252	2427
233252	2445
233252	2448
233252	2635
233739	2359
233739	2384
233739	2419
233739	2425
233739	2456
233739	2457
233739	2476
233739	2480
233739	2570
233739	2601
233739	2646
236270	2313
236270	2338
236270	2363
236270	2410
236270	2420
236270	2442
236270	2448
236270	2461
236270	2463
236270	2476
236493	2357
236493	2371
236493	2376
236493	2378
236493	2398
236493	2442
236493	2444
236493	2452
236493	2453
236493	2456
236493	2459
236493	2490
236493	2574
236493	2635
236493	2646
237810	2328
237810	2337
237810	2343
237810	2344
237810	2348
237810	2353
237810	2357
237810	2360
237810	2362
237810	2365
237810	2368
237810	2369
237810	2370
237810	2377
237810	2386
237810	2391
237810	2392
237810	2393
237810	2403
237810	2408
237810	2411
237810	2415
237810	2416
237810	2417
237810	2422
237810	2427
237810	2433
237810	2439
237810	2440
237810	2442
237810	2445
237810	2447
237810	2448
237810	2456
237810	2463
237810	2476
237810	2490
237810	2512
237810	2513
237810	2515
237810	2635
240042	2362
240042	2377
240042	2399
240042	2417
240042	2419
240042	2422
240042	2445
240042	2448
240042	2458
240042	2464
240042	2469
240042	2490
240042	2513
240229	2348
240229	2354
240229	2359
240229	2365
240229	2368
240229	2375
240229	2378
240229	2380
240229	2383
240229	2384
240229	2386
240229	2387
240229	2388
240229	2392
240229	2393
240229	2395
240229	2399
240229	2412
240229	2413
240229	2415
240229	2417
240229	2423
240229	2424
240229	2432
240229	2442
240229	2444
240229	2445
240229	2446
240229	2448
240229	2454
240229	2456
240229	2467
240229	2468
240229	2472
240229	2473
240229	2513
240229	2514
240229	2555
240229	2560
240229	2635
241441	2345
241441	2362
241441	2377
241441	2408
241441	2413
241441	2458
241441	2635
242159	2299
242159	2300
242159	2303
242159	2308
242159	2364
242159	2366
242159	2370
242159	2374
242159	2375
242159	2376
242159	2377
242159	2393
242159	2401
242159	2413
242159	2415
242159	2420
242159	2431
242159	2435
242159	2442
243236	2343
243236	2371
243236	2398
243236	2409
243236	2410
243236	2416
246132	2297
246132	2299
246132	2302
246132	2303
246132	2304
246132	2307
246132	2308
246132	2310
246132	2323
246132	2324
246132	2328
246132	2332
246132	2335
246132	2338
246132	2353
246132	2354
246132	2358
246132	2365
246132	2369
246132	2374
246132	2379
246132	2384
246132	2389
246132	2392
246132	2393
246132	2408
246132	2409
246132	2410
246132	2415
246632	2378
246632	2417
246632	2436
248665	2354
248665	2363
248665	2383
248665	2391
248665	2505
248755	2347
248755	2348
251084	2347
251084	2348
251084	2362
251084	2365
251084	2367
251084	2368
251084	2369
251084	2372
251084	2374
251084	2376
251084	2377
251084	2378
251084	2380
251084	2388
251084	2391
251084	2393
251084	2394
251084	2395
251084	2399
251084	2402
251084	2406
251084	2408
251084	2412
251084	2414
251084	2415
251084	2417
251084	2423
251084	2427
251084	2433
251084	2435
251084	2437
251084	2441
251084	2445
251084	2448
251084	2450
251084	2454
251084	2460
251084	2462
251084	2463
251084	2467
251084	2481
251084	2498
251084	2512
251084	2513
251084	2515
251084	2574
251407	2313
251407	2325
251407	2362
251407	2363
251407	2403
251407	2410
251407	2418
251407	2463
251407	2574
251407	2646
251940	2337
251940	2341
251940	2358
251940	2360
251940	2384
251940	2410
251940	2439
251940	2466
252984	2308
252984	2337
252984	2348
252984	2350
252984	2362
252984	2368
252984	2370
252984	2379
252984	2389
252984	2393
252984	2400
252984	2406
252984	2418
252984	2424
252984	2454
252984	2459
252984	2474
252984	2494
254673	2313
254673	2314
254673	2319
254673	2327
254673	2333
254673	2337
254673	2341
254673	2343
254673	2347
254673	2350
254673	2359
254673	2360
254673	2363
254673	2365
254673	2368
254673	2369
254673	2376
254673	2382
254673	2384
254673	2386
254673	2392
254673	2397
254673	2398
254673	2403
254673	2405
254673	2408
254673	2410
254673	2411
254673	2416
254673	2439
254673	2442
254673	2463
254673	2474
254673	2500
254673	2505
254673	2525
254673	2574
255195	2333
255195	2362
255195	2369
255195	2376
255195	2377
255195	2388
255195	2389
255195	2391
255195	2393
255195	2395
255195	2401
255195	2403
255195	2404
255195	2405
255195	2408
255195	2421
255195	2433
255195	2435
255195	2436
255195	2439
255195	2448
255195	2451
255195	2454
255195	2462
255195	2463
255195	2474
255195	2475
255195	2477
255195	2481
255195	2490
255195	2495
255195	2498
255195	2505
255195	2509
255195	2513
255195	2515
255195	2521
255195	2523
255195	2534
255195	2540
255195	2560
255195	2587
255377	2363
255377	2494
255377	2500
255693	2346
255693	2351
255693	2358
255693	2359
255693	2367
255693	2376
255693	2385
255693	2386
255693	2395
255693	2398
255693	2403
255693	2406
255693	2410
255693	2413
255693	2437
255693	2438
255693	2442
255693	2443
255693	2444
255693	2475
255693	2476
255693	2536
255961	2466
255961	2574
255961	2635
256126	2343
256126	2458
256126	2523
258734	2377
259847	2414
259847	2422
259847	2427
259847	2458
259847	2505
259847	2523
259847	2635
259952	2313
259952	2328
259952	2337
259952	2348
259952	2357
259952	2359
259952	2360
259952	2361
259952	2365
259952	2368
259952	2374
259952	2376
259952	2378
259952	2380
259952	2382
259952	2384
259952	2389
259952	2394
259952	2398
259952	2409
259952	2410
259952	2412
259952	2414
259952	2424
259952	2427
259952	2440
259952	2442
259952	2450
259952	2456
259952	2461
259952	2463
259952	2494
259952	2560
259952	2635
261982	2378
261982	2425
261982	2442
261982	2457
261982	2458
261982	2459
261982	2461
261982	2472
262445	2371
262445	2405
262445	2462
262445	2574
262445	2596
262445	2635
262726	2444
262726	2463
262726	2503
262726	2574
262726	2586
262726	2635
263454	2425
263454	2461
263454	2574
263856	2349
263856	2360
263856	2375
263856	2379
263856	2392
263856	2394
263856	2396
263856	2398
264025	2313
264025	2314
264025	2347
264025	2348
264025	2363
264025	2368
264025	2376
264025	2378
264025	2383
264025	2398
264025	2444
264025	2459
264025	2463
264025	2465
264025	2471
264025	2506
264025	2516
264025	2522
264025	2523
264025	2528
264025	2570
264025	2633
264090	2337
264090	2347
264090	2356
264090	2361
264090	2369
264090	2372
264090	2376
264090	2402
264090	2416
264090	2426
264090	2439
264135	2345
264135	2348
264135	2353
264135	2362
264135	2365
264135	2367
264135	2374
264135	2375
264135	2376
264135	2377
264135	2378
264135	2380
264135	2387
264135	2388
264135	2389
264135	2391
264135	2393
264135	2394
264135	2395
264135	2399
264135	2401
264135	2402
264135	2404
264135	2406
264135	2408
264135	2409
264135	2412
264135	2413
264135	2414
264135	2415
264135	2417
264135	2419
264135	2422
264135	2423
264135	2424
264135	2425
264135	2427
264135	2428
264135	2430
264135	2432
264135	2433
264135	2434
264135	2435
264135	2436
264135	2437
264135	2438
264135	2441
264135	2442
264135	2443
264135	2444
264135	2446
264135	2447
264135	2448
264135	2450
264135	2451
264135	2453
264135	2454
264135	2455
264135	2456
264135	2457
264135	2458
264135	2459
264135	2460
264135	2461
264135	2462
264135	2463
264135	2466
264135	2467
264135	2469
264135	2471
264135	2472
264135	2474
264135	2475
264135	2476
264135	2481
264135	2483
264135	2486
264135	2490
264135	2495
264135	2498
264135	2500
264135	2505
264135	2506
264135	2509
264135	2512
264135	2513
264135	2514
264135	2515
264135	2521
264135	2523
264135	2525
264135	2534
264135	2536
264135	2538
264135	2540
264135	2550
264135	2555
264135	2560
264135	2574
264135	2587
264135	2592
264135	2601
264135	2604
264135	2635
264135	2646
264490	2313
264490	2337
264490	2343
264490	2345
264490	2348
264490	2360
264490	2379
264490	2400
264490	2410
264490	2413
264490	2421
264490	2439
264490	2440
264490	2456
264490	2463
264490	2513
264490	2604
264490	2635
266031	2362
266031	2442
266031	2463
266031	2528
266356	2360
266356	2390
266356	2408
266356	2417
266356	2433
266356	2635
266837	2405
266837	2451
266837	2505
266837	2523
267590	2363
267590	2367
267590	2376
267590	2378
267590	2410
267590	2463
267590	2476
267590	2505
267783	2327
268762	2401
268762	2449
268891	2362
268891	2376
268891	2377
268891	2378
268891	2425
268891	2522
268891	2523
268891	2635
268991	2376
268991	2377
268991	2378
268991	2458
268991	2466
268991	2574
269720	2313
269720	2325
269720	2327
269720	2333
269720	2347
269720	2363
269720	2370
269720	2377
269720	2378
269720	2379
269720	2403
269720	2405
269720	2412
269720	2414
269720	2422
269720	2439
269720	2442
269720	2451
269720	2459
269720	2463
269720	2465
269720	2483
269720	2490
269720	2505
269720	2506
269720	2574
271089	2348
271089	2360
271089	2377
271089	2402
271089	2408
271089	2412
271089	2442
271966	2313
271966	2325
271966	2357
271966	2370
271966	2374
271966	2376
271966	2377
271966	2381
271966	2382
271966	2399
271966	2400
271966	2402
271966	2411
271966	2413
271966	2427
271966	2429
271966	2442
271966	2445
271966	2461
271966	2462
271966	2494
271966	2513
271966	2560
271976	2353
271976	2354
271976	2367
271976	2368
271976	2370
271976	2376
271976	2378
271976	2392
271976	2405
271976	2406
271976	2417
271976	2435
271976	2439
271976	2463
271976	2474
271976	2475
271976	2490
271976	2515
271976	2556
271976	2574
272179	2313
272179	2343
272179	2347
272179	2348
272179	2354
272179	2357
272179	2360
272179	2367
272179	2378
272179	2381
272179	2382
272179	2408
272179	2417
272179	2460
272179	2467
272179	2515
272805	2378
272805	2437
272805	2570
273258	2327
273258	2412
273258	2450
273258	2461
273691	2313
273691	2327
273691	2343
273691	2359
273691	2362
273691	2363
273691	2365
273691	2373
273691	2374
273691	2384
273691	2411
273691	2412
273691	2448
273691	2450
273691	2461
273691	2462
273691	2463
273691	2513
273691	2541
274161	2370
274161	2377
274161	2392
274161	2395
274161	2401
274161	2424
274161	2445
274161	2474
274161	2477
275246	2343
275246	2352
275246	2360
275246	2408
276034	2313
276034	2377
276034	2381
276034	2395
276034	2410
276034	2436
276034	2462
276034	2463
276034	2472
276034	2490
276034	2523
276034	2574
276034	2635
277439	2362
277439	2378
277439	2463
277439	2635
278559	2291
278559	2303
278559	2304
278559	2308
278559	2350
278559	2370
278559	2393
278559	2395
278559	2400
281734	2292
281734	2304
281734	2312
281734	2314
281734	2319
281734	2324
281734	2328
281734	2330
281734	2331
281734	2333
281734	2335
281734	2336
281734	2340
281734	2341
281734	2342
281734	2344
281734	2345
281734	2352
281734	2353
281734	2355
281734	2362
281734	2368
281734	2369
281734	2371
281734	2372
281734	2375
281734	2377
281734	2379
281734	2382
281734	2383
281734	2386
281734	2387
281734	2392
281734	2394
281734	2395
281734	2401
281734	2402
281734	2404
281734	2408
281734	2411
281734	2415
281734	2417
281734	2419
281734	2421
281734	2426
282486	2325
282486	2458
282486	2505
282486	2523
284565	2406
284565	2424
284565	2444
284565	2463
284565	2574
290703	2313
290703	2314
290703	2334
290703	2347
290703	2362
290703	2372
290703	2376
290703	2377
290703	2383
290703	2410
290703	2418
290703	2481
290703	2498
290703	2505
290977	2313
290977	2359
290977	2367
290977	2378
290977	2388
290977	2405
290977	2412
290977	2425
290977	2444
290977	2462
290977	2466
290977	2476
290977	2523
290977	2525
290977	2560
290977	2574
290977	2635
292663	2310
292663	2313
292663	2314
292663	2328
292663	2331
292663	2332
292663	2333
292663	2335
292663	2337
292663	2338
292663	2347
292663	2348
292663	2349
292663	2350
292663	2352
292663	2353
292663	2355
292663	2357
292663	2358
292663	2359
292663	2362
292663	2363
292663	2367
292663	2368
292663	2369
292663	2372
292663	2374
292663	2375
292663	2380
292663	2381
292663	2382
292663	2383
292663	2384
292663	2386
292663	2387
292663	2388
292663	2391
292663	2396
292663	2400
292663	2405
292663	2407
292663	2410
292663	2413
292663	2416
292663	2418
292663	2423
292663	2433
292663	2437
292663	2439
292663	2445
292663	2452
292663	2494
292663	2574
294461	2472
296242	2362
296242	2380
296242	2388
296242	2391
296242	2404
296242	2423
296242	2425
296242	2461
296242	2513
296242	2574
296242	2635
296244	2313
296244	2343
296244	2360
296244	2368
296244	2422
296244	2601
297061	2347
297061	2354
297061	2362
297061	2366
297061	2376
297061	2414
297061	2417
297061	2420
297061	2439
297061	2474
297061	2500
297061	2505
297061	2570
297623	2444
298825	2348
298825	2448
298825	2463
298825	2515
299210	2325
299210	2363
299210	2433
299210	2444
299210	2452
299884	2400
299884	2410
299884	2646
300562	2292
300562	2297
300562	2298
300562	2299
300562	2301
300562	2302
300562	2303
300562	2305
300562	2307
300562	2308
300562	2309
300562	2310
300562	2311
300562	2315
300562	2320
300562	2321
300562	2323
300562	2335
300562	2339
300562	2344
300562	2354
300562	2355
300562	2356
300562	2358
300562	2361
300562	2366
300562	2367
300562	2369
300562	2374
300562	2378
300562	2383
300562	2384
300562	2390
300562	2391
300562	2393
300562	2394
300562	2396
300562	2399
300562	2401
300562	2405
300562	2406
300562	2407
300562	2409
301487	2313
301487	2469
301487	2513
302110	2319
302110	2320
302110	2322
302110	2323
302110	2324
302110	2328
302110	2331
302110	2333
302110	2335
302110	2339
302110	2340
302110	2342
302110	2344
302110	2347
302110	2352
302110	2353
302110	2354
302110	2355
302110	2356
302110	2357
302110	2361
302110	2362
302110	2365
302110	2367
302110	2368
302110	2371
302110	2372
302110	2373
302110	2374
302110	2375
302110	2378
302110	2379
302110	2383
302110	2387
302110	2392
302110	2394
302110	2396
302110	2397
302110	2401
302110	2402
302110	2404
302110	2405
302110	2407
302110	2408
302110	2411
302110	2413
302110	2433
302110	2523
302488	2291
302488	2294
302488	2299
302488	2303
302488	2308
302488	2384
302488	2388
302488	2392
302488	2393
302488	2398
302488	2401
302488	2409
302488	2414
302488	2415
302488	2420
302488	2421
302488	2427
302488	2430
302488	2441
302488	2443
302488	2444
302488	2445
302488	2446
302488	2456
302488	2506
302645	2398
302645	2403
302645	2410
302645	2417
302645	2440
302645	2541
303269	2304
303269	2305
303269	2309
303269	2313
303269	2341
303269	2345
303269	2347
303269	2352
303269	2355
303269	2360
303269	2363
303269	2367
303269	2368
303269	2376
303269	2377
303269	2378
303269	2383
303269	2392
303269	2395
303269	2397
303269	2403
303269	2406
303269	2410
303269	2463
303269	2574
305182	2333
305182	2335
305182	2336
305182	2370
305182	2375
305182	2378
305182	2380
305182	2405
305182	2414
305182	2421
305182	2534
306282	2348
306282	2353
306282	2365
306282	2367
306282	2368
306282	2372
306282	2376
306282	2378
306282	2383
306282	2384
306282	2388
306282	2398
306282	2399
306282	2408
306282	2409
306282	2415
306282	2416
306282	2417
306282	2425
306282	2432
306282	2439
306282	2442
306282	2443
306282	2445
306282	2448
306282	2450
306282	2453
306282	2454
306282	2456
306282	2458
306282	2460
306282	2461
306282	2462
306282	2463
306282	2466
306282	2475
306282	2486
306282	2490
306282	2498
306282	2509
306282	2515
306282	2523
306282	2601
306282	2635
306282	2646
306688	2362
306688	2369
306688	2375
306688	2377
306688	2384
306688	2398
306688	2399
306688	2403
306688	2405
306688	2444
306688	2445
306688	2458
306688	2463
306688	2490
306688	2505
306688	2523
306688	2574
306688	2635
307201	2328
307201	2332
307201	2348
307201	2352
307201	2353
307201	2354
307201	2358
307201	2361
307201	2362
307201	2365
307201	2367
307201	2369
307201	2371
307201	2374
307201	2375
307201	2376
307201	2384
307201	2391
307201	2393
307201	2394
307201	2395
307201	2396
307201	2397
307201	2398
307201	2399
307201	2425
307706	2378
307706	2386
307706	2444
307706	2525
308453	2320
308453	2321
308453	2323
308453	2324
308453	2328
308453	2332
308453	2335
308453	2336
308453	2338
308453	2340
308453	2342
308453	2345
308453	2352
308453	2353
308453	2367
308453	2387
308453	2404
308834	2292
308834	2297
308834	2298
308834	2299
308834	2301
308834	2304
308834	2307
308834	2308
308834	2309
308834	2310
308834	2312
308834	2313
308834	2314
308834	2315
308834	2319
308834	2320
308834	2322
308834	2323
308834	2324
308834	2328
308834	2330
308834	2331
308834	2335
308834	2336
308834	2341
308834	2342
308834	2347
308834	2349
308834	2350
308834	2352
308834	2356
308834	2358
308834	2360
308834	2361
308834	2369
308834	2371
308834	2372
308834	2373
308834	2379
308834	2381
308834	2382
308834	2383
308834	2384
308834	2385
308834	2386
308834	2390
308834	2392
308834	2396
308834	2410
308834	2477
308834	2541
309162	2367
309162	2374
309162	2376
309162	2378
309162	2391
309162	2393
309162	2425
309162	2444
309162	2451
309162	2463
309162	2490
309162	2509
309162	2514
309162	2515
309162	2525
309162	2574
309926	2376
309926	2378
309926	2388
309926	2394
309926	2395
309926	2417
309926	2424
309926	2444
309926	2458
309926	2459
309926	2505
309926	2523
309926	2574
310354	2290
310354	2307
310354	2308
310354	2309
310354	2310
310354	2311
310354	2313
310354	2314
310354	2319
310354	2320
310354	2323
310354	2324
310354	2328
310354	2330
310354	2331
310354	2332
310354	2333
310354	2335
310354	2336
310354	2337
310354	2338
310354	2339
310354	2340
310354	2341
310354	2342
310354	2344
310354	2346
310354	2347
310354	2349
310354	2350
310354	2351
310354	2352
310354	2354
310354	2355
310354	2356
310354	2357
310354	2358
310354	2360
310354	2361
310354	2368
310354	2369
310354	2370
310354	2371
310354	2372
310354	2373
310354	2382
310354	2383
310354	2385
310354	2386
310354	2392
310354	2396
310354	2397
310354	2398
310354	2400
310354	2403
310354	2405
310354	2407
310354	2410
310354	2411
310354	2418
310354	2420
310354	2421
310354	2429
310354	2431
310354	2439
310354	2445
310354	2477
310354	2494
310354	2541
310461	2360
310461	2378
310461	2383
310461	2410
310461	2442
310461	2523
310461	2635
310499	2404
310499	2412
310499	2425
310499	2450
310499	2459
310499	2463
312108	2313
312108	2343
312108	2347
312108	2363
312108	2383
312108	2386
312108	2393
312108	2410
312108	2424
312108	2442
312108	2444
312108	2460
312108	2477
312108	2505
312108	2523
312108	2574
312108	2594
312108	2799
312497	2290
312497	2292
312497	2294
312497	2295
312497	2297
312497	2298
312497	2299
312497	2300
312497	2302
312497	2307
312497	2308
312497	2309
312497	2310
312497	2313
312497	2314
312497	2319
312497	2320
312497	2322
312497	2323
312497	2324
312497	2327
312497	2328
312497	2331
312497	2335
312497	2346
312497	2347
312497	2349
312497	2350
312497	2351
312497	2352
312497	2354
312497	2355
312497	2356
312497	2357
312497	2358
312497	2360
312497	2361
312497	2363
312497	2365
312497	2368
312497	2369
312497	2373
312497	2379
312497	2383
312497	2384
312497	2392
312497	2394
312497	2396
312497	2397
312497	2398
312497	2400
312497	2403
312497	2406
312497	2417
312497	2419
312497	2420
312497	2421
312497	2432
312497	2437
312497	2439
312497	2481
313893	2345
313893	2353
313893	2378
313893	2394
313893	2437
313893	2453
313893	2463
313893	2475
313893	2496
314302	2378
314302	2474
315749	2313
315749	2363
315749	2390
315749	2417
316528	2377
316528	2378
316528	2404
316528	2425
316528	2436
316528	2448
316528	2456
318503	2341
318503	2345
318503	2359
318503	2367
318503	2372
318503	2374
318503	2375
318503	2376
318503	2377
318503	2378
318503	2380
318503	2387
318503	2388
318503	2389
318503	2391
318503	2393
318503	2395
318503	2398
318503	2412
318503	2413
318503	2415
318503	2423
318503	2425
318503	2432
318503	2433
318503	2436
318503	2437
318503	2444
318503	2448
318503	2449
318503	2453
318503	2455
318503	2456
318503	2457
318503	2458
318503	2460
318503	2461
318503	2471
318503	2477
318503	2481
318503	2483
318503	2486
318503	2487
318503	2490
318503	2495
318503	2506
318503	2512
318503	2514
318503	2515
318503	2521
318503	2534
318503	2538
318503	2560
318503	2574
318503	2592
318503	2601
318503	2604
318503	2646
318518	2465
318518	2491
318518	2510
318518	2523
318518	2535
318518	2549
318993	2330
318993	2342
318993	2343
318993	2347
318993	2348
318993	2362
318993	2365
318993	2367
318993	2369
318993	2370
318993	2372
318993	2374
318993	2375
318993	2377
318993	2386
318993	2387
318993	2388
318993	2393
318993	2399
318993	2405
318993	2406
318993	2408
318993	2417
318993	2422
318993	2430
318993	2433
318993	2434
318993	2440
318993	2445
318993	2447
318993	2448
318993	2449
318993	2456
318993	2458
318993	2460
318993	2461
318993	2463
318993	2469
318993	2471
318993	2474
318993	2477
318993	2490
318993	2505
318993	2506
318993	2509
318993	2515
318993	2523
318993	2604
318993	2635
318993	2640
318993	2655
319194	2381
319194	2448
319194	2463
319194	2544
319194	2635
320537	2304
320537	2308
320537	2311
320537	2312
320537	2313
320537	2314
320537	2320
320537	2323
320537	2328
320537	2330
320537	2333
320537	2341
320537	2351
320537	2353
320537	2354
320537	2356
320537	2361
320537	2366
320537	2367
320537	2373
320537	2375
320537	2380
320537	2381
320537	2382
320537	2383
320537	2385
320537	2386
320537	2388
320537	2389
320537	2391
320537	2392
320537	2395
320537	2401
320537	2403
320537	2406
320537	2407
320537	2408
320537	2409
320537	2415
320537	2420
320537	2421
320537	2423
320537	2477
321036	2313
321036	2377
321036	2403
321036	2410
321036	2421
321036	2439
321036	2463
321036	2505
321036	2574
321235	2314
321235	2343
321235	2348
321235	2359
321235	2368
321235	2369
321235	2372
321235	2375
321235	2377
321235	2383
321235	2384
321235	2391
321235	2392
321235	2412
321235	2444
321235	2463
321235	2466
321235	2505
321235	2574
321235	2635
321346	2408
321348	2398
321348	2403
321348	2635
321491	2320
321491	2325
321491	2327
321491	2412
321491	2425
321491	2450
321491	2463
321491	2466
322216	2343
322216	2345
322216	2347
322216	2355
322216	2370
322216	2375
322216	2386
322216	2394
322216	2399
322216	2405
322216	2411
322216	2421
322216	2445
322216	2447
322216	2455
322465	2635
322531	2299
322531	2301
322531	2302
322531	2306
322531	2308
322531	2309
322531	2313
322531	2314
322531	2315
322531	2317
322531	2320
322531	2322
322531	2323
322531	2325
322531	2333
322531	2337
322531	2341
322531	2350
322531	2352
322531	2354
322531	2356
322531	2357
322531	2358
322531	2363
322531	2364
322531	2368
322531	2371
322531	2372
322531	2374
322531	2377
322531	2378
322531	2389
322531	2392
322531	2393
322531	2398
322531	2400
322531	2410
322531	2425
322531	2429
324280	2343
324280	2403
324280	2436
324280	2457
324280	2635
325823	2343
325823	2376
325823	2442
325823	2490
325823	2635
326002	2459
326002	2465
326002	2523
326002	2574
326768	2348
326768	2374
326768	2412
326768	2417
326768	2425
326768	2450
326768	2461
326915	2359
326915	2383
326915	2471
326915	2538
327130	2310
327130	2313
327130	2314
327130	2323
327130	2328
327130	2337
327130	2338
327130	2343
327130	2348
327130	2352
327130	2354
327130	2355
327130	2357
327130	2360
327130	2362
327130	2363
327130	2365
327130	2367
327130	2368
327130	2370
327130	2375
327130	2376
327130	2377
327130	2378
327130	2380
327130	2381
327130	2387
327130	2389
327130	2391
327130	2392
327130	2393
327130	2395
327130	2396
327130	2398
327130	2399
327130	2400
327130	2401
327130	2403
327130	2405
327130	2410
327130	2415
327130	2416
327130	2417
327130	2423
327130	2424
327130	2429
327130	2433
327130	2435
327130	2439
327130	2441
327130	2442
327130	2445
327130	2448
327130	2452
327130	2454
327130	2460
327130	2462
327130	2463
327130	2498
327130	2512
327130	2513
327130	2541
327130	2574
327130	2601
327130	2635
327999	2378
327999	2383
329126	2354
329126	2496
330387	2393
330387	2444
330387	2467
330387	2476
330387	2513
330387	2635
330407	2348
330407	2367
330407	2369
330407	2376
330407	2377
330407	2378
330407	2379
330407	2386
330407	2391
330407	2392
330407	2399
330407	2403
330407	2405
330407	2416
330407	2417
330407	2424
330407	2430
330407	2439
330407	2440
330407	2442
330407	2443
330407	2445
330407	2451
330407	2454
330407	2458
330407	2459
330407	2471
330407	2475
330407	2490
330407	2500
330407	2505
330407	2509
330407	2513
330407	2540
330407	2555
330407	2574
330407	2604
330407	2646
332101	2463
332204	2367
332204	2391
332204	2399
332204	2408
332204	2444
332204	2490
332204	2523
332346	2319
332346	2320
332346	2323
332346	2324
332346	2326
332346	2328
332346	2330
332346	2331
332346	2332
332346	2333
332346	2335
332346	2336
332346	2339
332346	2340
332346	2341
332346	2345
332346	2350
332346	2353
332346	2359
332346	2361
332346	2375
332346	2379
332346	2386
332346	2394
332346	2395
332346	2405
332346	2409
332346	2421
332346	2439
334571	2327
334571	2343
334571	2359
334571	2362
334571	2368
334571	2376
334571	2377
334571	2378
334571	2412
334571	2425
334571	2444
334571	2448
334571	2450
334571	2456
334571	2461
334571	2464
334571	2466
334571	2503
334571	3411
334705	2313
334705	2327
334705	2337
334705	2410
334705	2569
334998	2361
334998	2384
334998	2386
334998	2444
334998	2503
334998	2523
