1750	2451
1750	2459
1750	2471
1750	2475
1750	2484
1750	2486
1750	2489
1750	2491
1750	2492
1750	2510
1750	2514
1750	2516
1750	2523
1750	2549
1750	2559
1750	2567
1750	2575
1750	2576
1750	2578
1750	2587
1750	2596
1750	2604
1750	2641
1791	2470
1791	2478
1791	2496
1791	2652
2068	2459
2068	2470
2068	2482
2068	2483
2068	2497
2068	2522
2068	2542
2068	2569
2068	2617
2068	2633
3306	2430
3306	2453
3306	2459
3306	2466
3306	2483
3306	2489
3306	2491
3306	2496
3306	2507
3306	2510
3306	2511
3306	2514
3306	2516
3306	2523
3306	2528
3306	2533
3306	2535
3306	2578
3306	2582
3306	2590
3306	2613
3306	2633
3306	2646
3306	2660
3306	2674
3306	2701
3651	2488
3651	2491
3651	2511
3651	2533
3651	2542
3651	2557
3651	2562
3651	2613
3892	2465
3892	2468
3892	2469
3892	2501
3892	2503
3892	2507
3892	2510
3892	2511
3892	2516
3892	2528
3892	2533
3892	2557
3892	2563
3892	2565
3892	2568
3892	2586
3892	2593
3892	2594
3892	2604
3892	2636
3892	2653
4805	2457
4805	2459
4805	2489
4805	2516
4805	2519
4805	2522
4805	2538
4805	2564
4805	2578
4805	2613
4805	2617
4805	2633
4966	2576
4966	2580
4966	2586
4966	2611
4966	2643
6237	2459
6237	2559
6237	2565
6237	2623
6648	2451
6648	2455
6648	2459
6648	2469
6648	2471
6648	2489
6648	2491
6648	2492
6648	2503
6648	2507
6648	2511
6648	2528
6648	2559
6648	2570
6648	2604
6648	2653
6648	2736
6690	2434
6690	2443
6690	2459
6690	2469
6690	2471
6690	2472
6690	2478
6690	2482
6690	2492
6690	2508
6690	2520
6690	2522
6690	2543
6690	2549
6690	2564
6690	2582
6690	2604
6690	2617
6935	2491
6935	2516
6935	2528
6935	2559
6935	2563
6935	2576
6935	2593
6935	2596
6935	2597
6935	2626
6935	2736
7146	2522
7146	2559
7146	2580
7146	2593
7146	2596
7146	2626
7146	2641
7490	2479
7490	2544
7490	2564
7784	2434
7784	2442
7784	2453
7784	2454
7784	2456
7784	2458
7784	2459
7784	2474
7784	2500
7784	2509
7784	2517
7784	2523
7784	2534
7784	2555
7808	2449
7808	2451
7808	2455
7808	2464
7808	2465
7808	2469
7808	2472
7808	2475
7808	2478
7808	2490
7808	2491
7808	2497
7808	2499
7808	2505
7808	2511
7808	2514
7808	2516
7808	2518
7808	2528
7808	2532
7808	2535
7808	2536
7808	2537
7808	2543
7808	2544
7808	2549
7808	2553
7808	2556
7808	2557
7808	2558
7808	2559
7808	2564
7808	2565
7808	2567
7808	2568
7808	2570
7808	2572
7808	2575
7808	2576
7808	2577
7808	2580
7808	2581
7808	2585
7808	2590
7808	2593
7808	2594
7808	2596
7808	2597
7808	2600
7808	2603
7808	2609
7808	2616
7808	2618
7808	2626
7808	2627
7808	2632
7808	2636
7808	2639
7808	2649
7808	2653
7808	2654
7808	2674
7808	2684
7808	2701
7808	2707
7808	2736
7886	2468
7886	2478
7886	2479
7886	2484
7886	2507
7886	2528
7886	2535
7886	2548
7886	2549
7886	2559
7886	2576
7886	2578
7886	2586
7886	2590
7886	2593
7886	2596
7886	2615
7886	2627
9386	2401
9386	2402
9386	2404
9386	2405
9386	2410
9386	2413
9386	2414
9386	2417
9386	2420
9386	2421
9386	2427
9386	2430
9386	2435
9386	2441
9386	2443
9386	2444
9386	2446
9386	2453
9386	2454
9386	2455
9386	2458
9386	2459
9386	2467
9386	2468
9386	2469
9386	2474
9386	2476
9386	2479
9386	2481
9386	2484
9386	2486
9386	2487
9386	2489
9386	2490
9386	2491
9386	2494
9386	2495
9386	2500
9386	2501
9386	2506
9386	2508
9386	2509
9386	2510
9386	2511
9386	2512
9386	2517
9919	2464
9919	2465
9919	2468
9919	2501
9919	2503
9919	2518
9919	2535
9919	2567
9919	2573
9919	2586
10031	2425
10031	2492
10031	2500
10031	2506
10031	2511
10031	2516
10031	2535
10031	2570
10031	2611
10223	2418
10223	2419
10223	2421
10223	2423
10223	2431
10223	2432
10223	2436
10223	2442
10223	2474
10223	2483
10223	2484
10223	2488
10223	2490
10223	2491
10223	2501
10223	2508
10223	2512
10223	2518
10223	2521
10223	2523
10223	2525
10223	2526
10223	2528
10223	2529
10223	2530
10223	2534
10223	2537
10223	2542
10223	2543
10223	2608
10252	2491
10252	2507
10252	2518
10252	2533
10252	2547
10252	2553
10252	2557
10252	2559
10252	2565
10252	2568
10252	2576
10252	2583
10252	2585
10252	2586
10252	2590
10252	2593
10252	2629
10252	2652
10252	2653
11945	2482
11945	2500
11945	2505
11945	2613
12604	2457
12604	2466
12604	2492
12604	2510
12604	2531
12604	2576
12604	2586
12604	2594
12604	2597
12604	2626
12604	2641
13361	2451
13361	2468
13361	2507
13361	2516
13361	2533
13361	2553
13361	2604
15947	2453
15947	2459
15947	2488
15947	2510
15947	2522
15947	2533
15947	2606
15947	2633
16033	2507
16339	2410
16339	2419
16339	2438
16339	2444
16339	2462
16339	2467
16339	2476
16339	2479
16339	2489
16339	2495
16339	2498
16339	2500
16339	2514
16339	2521
16339	2537
16339	2551
16339	2554
16339	2556
16339	2559
16339	2591
16339	2646
16339	2701
16339	2736
16385	2464
16385	2472
16385	2484
16385	2586
16385	2653
17064	2443
17064	2459
17064	2465
17064	2479
17064	2482
17064	2484
17064	2489
17064	2500
17064	2503
17064	2511
17064	2516
17064	2523
17064	2526
17064	2528
17064	2539
17064	2544
17064	2548
17064	2576
17064	2584
17064	2604
18825	2443
18825	2475
18825	2510
18825	2516
18825	2566
18825	2570
18825	2594
19141	2459
19141	2472
19141	2510
19141	2516
19141	2559
19141	2565
19141	2570
19141	2674
19141	2736
20447	2464
20447	2480
20447	2482
20447	2496
20447	2497
20447	2504
20447	2511
20447	2516
20447	2527
20447	2528
20447	2531
20447	2532
20447	2543
20447	2544
20447	2557
20447	2575
20447	2576
20447	2577
20447	2581
20447	2582
20447	2586
20447	2590
20447	2613
20447	2633
23192	2529
23192	2544
24134	2451
24134	2482
24134	2489
24134	2520
24134	2528
24134	2535
24134	2556
24134	2557
24134	2581
24134	2594
24134	2613
24134	2701
24217	2501
24217	2522
24217	2547
24217	2617
24217	2633
24217	2676
24371	2444
24371	2451
24371	2453
24371	2459
24371	2465
24371	2468
24371	2471
24371	2475
24371	2482
24371	2483
24371	2484
24371	2486
24371	2487
24371	2488
24371	2492
24371	2500
24371	2501
24371	2504
24371	2505
24371	2509
24371	2514
24371	2522
24371	2523
24371	2526
24371	2538
24371	2539
24371	2540
24371	2542
24371	2543
24371	2546
24371	2548
24371	2549
24371	2551
24371	2554
24371	2555
24371	2556
24371	2559
24371	2561
24371	2566
24371	2571
24371	2576
24371	2578
24371	2586
24371	2590
24371	2596
24371	2603
24371	2606
24371	2610
24371	2611
24371	2619
24371	2623
24371	2631
24371	2633
24371	2648
24371	2650
24371	2672
24371	2714
24371	2736
26712	2438
26712	2441
26712	2446
26712	2454
26712	2462
26712	2464
26712	2469
26712	2473
26712	2479
26712	2487
26712	2498
26712	2510
26712	2512
26712	2518
26712	2527
26712	2529
26712	2530
26712	2532
26712	2534
26712	2536
26712	2539
26712	2545
26712	2546
26712	2568
26712	2572
26712	2586
26712	2623
26712	2649
26712	2681
26712	2736
27321	2484
27321	2522
27321	2562
27321	2570
27321	2586
27501	2522
27501	2633
29255	2408
29255	2411
29255	2414
29255	2415
29255	2417
29255	2419
29255	2421
29255	2427
29255	2428
29255	2429
29255	2430
29255	2431
29255	2432
29255	2437
29255	2439
29255	2441
29255	2442
29255	2443
29255	2444
29255	2445
29255	2446
29255	2447
29255	2451
29255	2453
29255	2454
29255	2455
29255	2456
29255	2458
29255	2459
29255	2462
29255	2465
29255	2474
29255	2476
29255	2477
29255	2483
29255	2490
29255	2491
29255	2500
29255	2505
29255	2506
29255	2509
29255	2515
29255	2521
29255	2523
29255	2525
29255	2534
29255	2536
29255	2540
29778	2484
29778	2487
29778	2492
29778	2497
29778	2503
29778	2511
29778	2559
29778	2562
29778	2565
29778	2570
29778	2576
29778	2580
29778	2586
29778	2590
29778	2593
29778	2596
29778	2597
29778	2608
29778	2641
30733	2516
30733	2522
30733	2547
30733	2586
30733	2593
33540	2453
33540	2472
33540	2486
33540	2532
33540	2551
34154	2457
34154	2459
34154	2480
34154	2496
34154	2521
34154	2535
34154	2649
34154	2736
34611	2522
34611	2530
34611	2533
34611	2549
34611	2674
35478	2409
35478	2451
35478	2453
35478	2454
35478	2455
35478	2458
35478	2464
35478	2465
35478	2467
35478	2468
35478	2473
35478	2476
35478	2477
35478	2479
35478	2482
35478	2484
35478	2485
35478	2487
35478	2488
35478	2489
35478	2490
35478	2491
35478	2492
35478	2493
35478	2497
35478	2499
35478	2500
35478	2503
35478	2509
35478	2510
35478	2511
35478	2512
35478	2517
35478	2520
35478	2523
35478	2524
35478	2525
35478	2528
35478	2529
35478	2530
35478	2534
35478	2549
35478	2556
35478	2566
35478	2570
35713	2465
35713	2480
35713	2493
35713	2496
35713	2518
35713	2528
35713	2531
35713	2544
35713	2559
35713	2573
35713	2594
35713	2649
35966	2455
35966	2459
35966	2496
35966	2509
35966	2510
35966	2535
35966	2540
35966	2549
35966	2570
35966	2578
35966	2586
35966	2590
35966	2653
36790	2516
36790	2565
36790	2580
36790	2593
37043	2459
37043	2482
37043	2483
37043	2505
37043	2527
37043	2550
38013	2456
38013	2457
38013	2459
38013	2467
38013	2471
38013	2472
38013	2483
38013	2485
38013	2486
38013	2487
38013	2500
38013	2506
38013	2507
38013	2508
38013	2509
38013	2521
38013	2523
38013	2525
38013	2534
38013	2540
38013	2554
38013	2555
38013	2566
38013	2581
38013	2582
38013	2587
38013	2633
38479	2470
38479	2478
38479	2479
38479	2482
38479	2484
38479	2485
38479	2488
38479	2489
38479	2491
38479	2492
38479	2493
38479	2502
38479	2504
38479	2507
38479	2508
38479	2510
38479	2511
38479	2517
38479	2518
38479	2520
38479	2522
38479	2524
38479	2526
38479	2527
38479	2528
38479	2529
38479	2531
38479	2532
38479	2542
38479	2543
38479	2544
38479	2545
38479	2546
38479	2547
38479	2548
38479	2549
38479	2551
38479	2554
38479	2556
38479	2557
38479	2558
38479	2559
38479	2562
38479	2566
38479	2568
38479	2569
38479	2571
38479	2572
38479	2573
38479	2579
38479	2582
38479	2583
38479	2584
38479	2588
38479	2589
38479	2591
38479	2594
38479	2595
38479	2600
38479	2613
38479	2615
38479	2617
38479	2623
38479	2624
38479	2633
38479	2648
38479	2649
38479	2653
38479	2660
38479	2674
38479	2676
38479	2681
38479	2701
38479	2725
38479	2736
39142	2455
39142	2464
39142	2475
39142	2489
39142	2528
39142	2535
39142	2557
39142	2558
39142	2559
39142	2577
39142	2580
39142	2581
39142	2584
39142	2585
39142	2587
39142	2590
39142	2606
39142	2615
39142	2618
39142	2626
39142	2641
39142	2666
39142	2681
39142	2707
39142	2736
39275	2443
39275	2458
39275	2511
39275	2522
39275	2523
40242	2415
40242	2420
40242	2431
40242	2433
40242	2439
40242	2441
40242	2452
40242	2471
40242	2479
40242	2510
40242	2517
40556	2489
40556	2516
40556	2542
40556	2559
40556	2565
40556	2588
40963	2464
40963	2469
40963	2472
40963	2484
40963	2485
40963	2496
40963	2501
40963	2507
40963	2522
40963	2554
40963	2556
40963	2564
40963	2565
40963	2569
40963	2573
40963	2581
40963	2594
40963	2646
40963	2676
43096	2472
43096	2507
43096	2559
43096	2570
43362	2423
43362	2437
43362	2438
43362	2439
43362	2441
43362	2442
43362	2443
43362	2444
43362	2445
43362	2446
43362	2447
43362	2451
43362	2453
43362	2455
43362	2458
43362	2459
43362	2464
43362	2465
43362	2467
43362	2468
43362	2470
43362	2472
43362	2473
43362	2474
43362	2476
43362	2477
43362	2478
43362	2479
43362	2480
43362	2481
43362	2482
43362	2485
43362	2487
43362	2492
43362	2496
43362	2497
43362	2498
43362	2500
43362	2504
43362	2505
43362	2509
43362	2510
43362	2517
43362	2527
43362	2528
43362	2529
43362	2534
43362	2539
43362	2540
43362	2542
43362	2543
43362	2546
43362	2547
43362	2548
43362	2550
43362	2551
43362	2554
43362	2555
43362	2558
43362	2559
43362	2561
43362	2563
43362	2566
43362	2567
43362	2568
43362	2572
43362	2573
43362	2574
43362	2576
43362	2578
43362	2580
43362	2583
43362	2589
43362	2593
43362	2595
43362	2617
43362	2681
48570	2544
49279	2453
49279	2457
49279	2459
49279	2468
49279	2484
49279	2488
49279	2492
49279	2496
49279	2500
49279	2516
49279	2519
49279	2522
49279	2525
49279	2535
49279	2537
49279	2547
49279	2550
49279	2568
49279	2573
49279	2575
49279	2589
49279	2613
49279	2636
49279	2676
49508	2444
49508	2468
49508	2470
49508	2472
49508	2484
49508	2485
49508	2501
49508	2505
49508	2506
49508	2511
49508	2522
49508	2547
49508	2617
49508	2633
49763	2443
49763	2472
49763	2491
49763	2500
49763	2510
49763	2544
49763	2559
49763	2593
49763	2614
49763	2626
49763	2736
49939	2411
49939	2413
49939	2415
49939	2416
49939	2418
49939	2419
49939	2420
49939	2421
49939	2427
49939	2429
49939	2430
49939	2432
49939	2435
49939	2436
49939	2501
49939	2504
49939	2506
49939	2508
49939	2509
49939	2510
49939	2515
49939	2517
49939	2518
49939	2520
49939	2523
49939	2524
49939	2525
49939	2527
49939	2528
49939	2531
49939	2559
50354	2439
50354	2441
50354	2442
50354	2443
50354	2445
50354	2446
50354	2454
50354	2455
50354	2458
50354	2460
50354	2464
50354	2465
50354	2468
50354	2473
50354	2474
50354	2476
50354	2479
50354	2484
50354	2486
50354	2487
50354	2488
50354	2490
50354	2491
50354	2500
50354	2501
50354	2505
50354	2509
50354	2510
50354	2512
50354	2517
50354	2520
50354	2523
50354	2524
50354	2525
50354	2528
50354	2530
50354	2533
50354	2534
50354	2539
50354	2543
50354	2546
50354	2547
50354	2548
50354	2549
50714	2470
50714	2476
50714	2505
50714	2509
50714	2526
50714	2539
50714	2566
50714	2620
51394	2491
51394	2492
51394	2511
51394	2516
51394	2522
51394	2528
51394	2544
51394	2557
51394	2559
51394	2562
51394	2565
51394	2576
51394	2578
51394	2580
51394	2582
51394	2585
51394	2590
51394	2593
51394	2596
51394	2597
51394	2608
51394	2611
51394	2628
51394	2633
51394	2641
51394	2653
51394	2701
51394	2714
51394	2736
51408	2576
51408	2586
51408	2593
51408	2596
51566	2451
51566	2459
51566	2465
51566	2469
51566	2482
51566	2492
51566	2495
51566	2508
51566	2514
51566	2516
51566	2520
51566	2522
51566	2523
51566	2529
51566	2550
51566	2554
51566	2556
51566	2568
51566	2573
51566	2586
51566	2587
51566	2588
51566	2604
51581	2457
51581	2459
51581	2466
51581	2468
51581	2470
51581	2478
51581	2482
51581	2484
51581	2485
51581	2488
51581	2489
51581	2496
51581	2501
51581	2510
51581	2511
51581	2527
51581	2539
51581	2544
51581	2549
51581	2557
51581	2576
51581	2585
51581	2586
51581	2593
51581	2596
51581	2608
51581	2613
51581	2626
51581	2641
54970	2465
54970	2470
54970	2478
54970	2479
54970	2482
54970	2488
54970	2492
54970	2539
54970	2542
54970	2549
54970	2551
54970	2554
54970	2556
54970	2559
54970	2569
54970	2576
54970	2584
54970	2586
54970	2624
54970	2636
55063	2446
55063	2454
55063	2457
55063	2465
55063	2468
55063	2470
55063	2471
55063	2472
55063	2473
55063	2479
55063	2480
55063	2481
55063	2483
55063	2484
55063	2485
55063	2488
55063	2489
55063	2490
55063	2491
55063	2492
55063	2493
55063	2495
55063	2496
55063	2499
55063	2501
55063	2502
55063	2507
55063	2508
55063	2517
55063	2520
55063	2522
55063	2524
55063	2530
55063	2535
55063	2542
55063	2545
55063	2547
55063	2551
55063	2554
55063	2556
55063	2569
55063	2570
55063	2573
55063	2588
55063	2591
55063	2617
55063	2620
55063	2624
55063	2633
55063	2660
55063	2674
55063	2676
55063	2736
55401	2465
55401	2503
55401	2504
55401	2516
55401	2575
55401	2587
55401	2604
55401	2633
55401	2636
55634	2459
55634	2465
55634	2503
55634	2511
55634	2516
55634	2528
55634	2570
55634	2581
55634	2586
55634	2649
55634	2674
55828	2483
55828	2492
55828	2497
55828	2568
55828	2593
56783	2457
56783	2459
56783	2491
56783	2516
56783	2549
56783	2578
56783	2586
56783	2593
57311	2410
57311	2415
57311	2417
57311	2419
57311	2420
57311	2429
57311	2430
57311	2439
57311	2440
57311	2441
57311	2443
57311	2445
57311	2455
57311	2458
57311	2459
57311	2462
57311	2464
57311	2465
57311	2468
57311	2469
57311	2470
57311	2471
57311	2472
57311	2473
57311	2479
57311	2482
57311	2488
57311	2490
57311	2491
57311	2492
57311	2495
57311	2498
57311	2500
57311	2501
57311	2506
57311	2509
57311	2510
57311	2514
57311	2515
57311	2517
57311	2518
57311	2520
57311	2597
57311	2600
57311	2624
58236	2516
58236	2539
58236	2559
58236	2575
59154	2516
59154	2586
59266	2491
59266	2528
59266	2557
59266	2559
59266	2565
59266	2578
59266	2586
59266	2590
59266	2593
59266	2596
59266	2736
59323	2459
59323	2465
59323	2487
59323	2516
59323	2556
59323	2557
59323	2559
59323	2570
59323	2576
59323	2596
59323	2649
59323	2736
59733	2464
59733	2479
59733	2500
59733	2511
59733	2528
59733	2532
59733	2535
59733	2544
59733	2546
59733	2557
59733	2559
59733	2570
59733	2578
59733	2613
59733	2736
60244	2559
60244	2565
60244	2576
60244	2580
60244	2585
60244	2590
60244	2593
60244	2596
60244	2597
60244	2611
60244	2626
60244	2639
60244	2641
60244	2666
60597	2465
60597	2516
60597	2542
60597	2555
60597	2557
60597	2559
60597	2580
60597	2593
60597	2736
60986	2451
60986	2459
60986	2475
60986	2482
60986	2488
60986	2490
60986	2510
60986	2594
61760	2569
61760	2590
61892	2432
61892	2443
61892	2453
61892	2462
61892	2477
61892	2500
61892	2511
61892	2523
61892	2549
61892	2646
62161	2459
62161	2471
62161	2484
62161	2492
62161	2520
62161	2522
62161	2537
62161	2550
62161	2592
62161	2882
62161	3048
62341	2468
62341	2470
62341	2471
62341	2472
62341	2488
62341	2511
62341	2528
62341	2531
62341	2532
62341	2561
62341	2564
62341	2568
62341	2572
62341	2575
62341	2583
62341	2584
62341	2586
62341	2589
62341	2593
62341	2606
62341	2613
62341	2615
62341	2623
62341	2629
62341	2633
62341	2650
62341	2653
62341	2740
63772	2466
64080	2478
64080	2483
64080	2496
64080	2505
64080	2522
64080	2578
64080	2621
64080	2648
64829	2457
64829	2492
64829	2516
64829	2575
65398	2404
65398	2413
65398	2414
65398	2420
65398	2421
65398	2423
65398	2434
65398	2435
65398	2436
65398	2437
65398	2439
65398	2453
65398	2455
65398	2456
65398	2458
65398	2459
65398	2462
65398	2468
65398	2473
65398	2479
65398	2481
65398	2482
65398	2491
65398	2492
65398	2493
65398	2494
65398	2502
65398	2505
65398	2506
65398	2509
65398	2511
65398	2512
65398	2515
65398	2517
65398	2520
65398	2524
65398	2527
65398	2531
65398	2532
65398	2534
65398	2535
65398	2536
65398	2537
66068	2577
66068	2652
67353	2459
67353	2471
67353	2491
67353	2528
67353	2532
67353	2542
67353	2575
67353	2624
67353	2633
67461	2459
67461	2464
67461	2465
67461	2468
67461	2472
67461	2473
67461	2479
67461	2480
67461	2482
67461	2484
67461	2489
67461	2491
67461	2492
67461	2496
67461	2497
67461	2499
67461	2501
67461	2504
67461	2507
67461	2510
67461	2511
67461	2516
67461	2519
67461	2522
67461	2524
67461	2528
67461	2533
67461	2538
67461	2539
67461	2542
67461	2544
67461	2547
67461	2549
67461	2555
67461	2556
67461	2558
67461	2559
67461	2562
67461	2563
67461	2564
67461	2565
67461	2566
67461	2567
67461	2568
67461	2569
67461	2577
67461	2578
67461	2580
67461	2581
67461	2582
67461	2586
67461	2588
67461	2590
67461	2600
67461	2615
67461	2617
67461	2623
67461	2633
67461	2634
67461	2648
67461	2649
67461	2650
67461	2652
67461	2653
67461	2660
67461	2674
67461	2681
67461	2701
67461	2736
67976	2457
67976	2522
67976	2523
67976	2525
67976	2584
69326	2499
69326	2511
69326	2518
69326	2530
69326	2545
69326	2547
69326	2582
69326	2636
69367	2434
69367	2483
69367	2500
69367	2509
69367	2542
69367	2620
70527	2492
70527	2499
70527	2510
70527	2516
70527	2520
70527	2533
70527	2552
70527	2556
70527	2575
70527	2636
70725	2459
70725	2468
70725	2470
70725	2476
70725	2489
70725	2493
70725	2499
70725	2503
70725	2516
70725	2522
70725	2527
70725	2529
70725	2530
70725	2533
70725	2538
70725	2544
70725	2552
70725	2554
70725	2555
70725	2556
70725	2557
70725	2558
70725	2564
70725	2565
70725	2567
70725	2569
70725	2575
70725	2588
70725	2591
70725	2594
70725	2617
70725	2633
70725	2634
70725	2636
70725	2637
74146	2425
74146	2432
74146	2450
74146	2456
74146	2457
74146	2479
74146	2492
74146	2786
74489	2458
74489	2468
74489	2488
74489	2533
74489	2703
75277	2478
75277	2479
75277	2491
75277	2508
75277	2526
75277	2539
75277	2549
75277	2557
75277	2558
75277	2576
75277	2578
75277	2589
75277	2636
75277	2649
75729	2428
75729	2430
75729	2434
75729	2451
75729	2453
75729	2455
75729	2472
75729	2475
75729	2485
75729	2486
75729	2488
75729	2489
75729	2490
75729	2495
75729	2500
75729	2506
75729	2509
75729	2510
75729	2513
75729	2514
75729	2520
75729	2523
75729	2528
75729	2531
75729	2535
75729	2538
75729	2567
75729	2587
75729	2592
75729	2596
75729	2597
75729	2688
76710	2427
76710	2428
76710	2433
76710	2436
76710	2437
76710	2456
76710	2465
76710	2504
76710	2507
76710	2512
76710	2526
76710	2530
76710	2539
76710	2543
76710	2545
76770	2451
76770	2480
76770	2491
76770	2497
76770	2503
76770	2505
76770	2509
76770	2516
76770	2529
76770	2531
76770	2532
76770	2535
76770	2543
76770	2546
76770	2558
76770	2559
76770	2563
76770	2571
76770	2575
76770	2582
76770	2636
76770	2648
76770	2653
76770	2736
76903	2450
76903	2456
76903	2457
76903	2465
76903	2469
76903	2482
76903	2484
76903	2491
76903	2497
76903	2499
76903	2503
76903	2508
76903	2509
76903	2511
76903	2516
76903	2518
76903	2521
76903	2528
76903	2535
76903	2556
76903	2564
76903	2573
76903	2580
76903	2681
77722	2417
77722	2420
77722	2430
77722	2432
77722	2433
77722	2436
77722	2438
77722	2439
77722	2441
77722	2443
77722	2446
77722	2449
77722	2451
77722	2453
77722	2465
77722	2473
77722	2476
77722	2479
77722	2482
77722	2484
77722	2489
77722	2491
77722	2505
77722	2508
77722	2510
77722	2517
77735	2547
77735	2585
77735	2652
77735	2657
79123	2497
79123	2518
79123	2535
79123	2543
79123	2544
79123	2546
79123	2556
79123	2558
79123	2559
79123	2590
79123	2596
79123	2600
79123	2650
79123	2660
79123	2736
80640	2464
80640	2482
80640	2485
80640	2492
80640	2493
80640	2507
80640	2518
80640	2549
80640	2554
80640	2556
80640	2557
80640	2564
80640	2565
80640	2568
80640	2576
80640	2589
80640	2611
80640	2617
80640	2618
80640	2619
80640	2627
80640	2633
80640	2660
80640	2672
80640	2676
80640	2681
83962	2486
83962	2487
83962	2499
83962	2505
83962	2511
83962	2533
83962	2546
83962	2558
83962	2559
83962	2565
83962	2581
83962	2586
83962	2649
83962	2701
84151	2490
84151	2559
84151	2565
84151	2617
85202	2406
85202	2443
85202	2471
85202	2475
85202	2531
85202	2562
85202	2573
85202	2594
86243	2451
86243	2471
86243	2475
86243	2505
86243	2559
86243	2563
86809	2533
86809	2537
86809	2549
87923	2465
87923	2508
87923	2516
87923	2526
87923	2549
87923	2559
87923	2576
87923	2578
87923	2582
87923	2584
87923	2586
87923	2588
87923	2590
87923	2593
87923	2594
87923	2613
87923	2676
89465	2489
89465	2633
90015	2409
90015	2414
90015	2421
90015	2428
90015	2430
90015	2434
90015	2436
90015	2443
90015	2445
90015	2451
90015	2458
90015	2468
90015	2478
90015	2483
90015	2488
90015	2489
90015	2490
90015	2491
90015	2500
90015	2501
90015	2503
90015	2505
90015	2506
90015	2507
90015	2508
90015	2509
90015	2510
90015	2512
90015	2520
90015	2523
90015	2524
90015	2534
90015	2541
90015	2542
90015	2543
90015	2546
90015	2554
90015	2568
90015	2572
90015	2589
90015	2613
90015	2617
90015	2620
90015	2623
90015	2629
90015	2674
90015	2761
92675	2466
92675	2492
92675	2533
92675	2543
92675	2576
92675	2586
94173	2464
94173	2501
94173	2507
94173	2581
94528	2465
94528	2491
94528	2492
94528	2497
94528	2522
94528	2532
94528	2535
94528	2538
94528	2548
94528	2555
94528	2558
94528	2559
94528	2575
94528	2576
94528	2577
94528	2578
94528	2586
94528	2590
94528	2593
94528	2596
94528	2613
94528	2628
94528	2633
94528	2648
94528	2676
94528	2736
95924	2501
95924	2522
95924	2562
95924	2633
95947	2559
95947	2565
95947	2576
95947	2585
95947	2586
95947	2590
95947	2593
95947	2596
95947	2611
95947	2618
95947	2701
96523	2434
96523	2435
96523	2436
96523	2437
96523	2438
96523	2439
96523	2441
96523	2442
96523	2443
96523	2445
96523	2446
96523	2447
96523	2449
96523	2451
96523	2452
96523	2453
96523	2454
96523	2455
96523	2456
96523	2458
96523	2459
96523	2460
96523	2471
96523	2474
96523	2475
96523	2476
96523	2478
96523	2482
96523	2483
96523	2486
96523	2489
96523	2490
96523	2494
96523	2500
96523	2505
96523	2509
96523	2512
96523	2515
96523	2521
96523	2523
96523	2525
96523	2534
96523	2542
96523	2556
96523	2563
96523	2602
96523	2673
96523	2712
96523	2993
97254	2491
97254	2511
97254	2528
97254	2531
97254	2557
97254	2558
97254	2559
97254	2565
97254	2649
98300	2487
98300	2516
98300	2535
98300	2559
98300	2586
99994	2465
99994	2482
99994	2497
99994	2499
99994	2504
99994	2507
99994	2521
99994	2524
99994	2525
99994	2526
99994	2528
99994	2530
99994	2534
99994	2551
99994	2559
99994	2567
99994	2569
99994	2570
99994	2584
99994	2587
99994	2589
99994	2603
99994	2609
99994	2612
101035	2443
101035	2445
101035	2446
101035	2447
101035	2449
101035	2450
101035	2451
101035	2452
101035	2454
101035	2455
101035	2456
101035	2458
101035	2459
101035	2462
101035	2463
101035	2464
101035	2465
101035	2467
101035	2468
101035	2470
101035	2471
101035	2472
101035	2474
101035	2475
101035	2476
101035	2477
101035	2479
101035	2481
101035	2482
101035	2483
101035	2484
101035	2485
101035	2493
101035	2495
101035	2496
101035	2497
101035	2503
101035	2504
101035	2505
101035	2506
101035	2509
101035	2511
101035	2512
101035	2514
101035	2515
101035	2517
101035	2518
101035	2519
101035	2520
101035	2521
101035	2524
101035	2525
101035	2526
101035	2530
101035	2532
101035	2535
101035	2537
101035	2542
101035	2546
101035	2555
101035	2556
101035	2566
101035	2591
101035	2613
101035	2623
101035	2629
101035	2633
101035	2676
102218	2484
102218	2535
102218	2576
102218	2591
102218	2665
102431	2413
102431	2425
102431	2428
102431	2429
102431	2437
102431	2443
102431	2450
102431	2451
102431	2453
102431	2457
102431	2461
102431	2462
102431	2466
102431	2475
102431	2481
102431	2492
102431	2495
102431	2496
102431	2498
102431	2499
102431	2508
102431	2514
102431	2521
102431	2522
102431	2537
102431	2538
102431	2543
102431	2551
102431	2566
102431	2585
102431	2617
102431	2649
102431	2736
103576	2507
103576	2556
103576	2559
106844	2468
106844	2471
106844	2472
106844	2489
106844	2491
106844	2511
106844	2516
106844	2519
106844	2528
106844	2548
106844	2549
106844	2557
106844	2570
106844	2613
107086	2489
107086	2510
107086	2520
107155	2451
107155	2535
107155	2570
107155	2588
110238	2466
110238	2489
110238	2492
110238	2522
110238	2617
110238	2663
110510	2405
110510	2419
110510	2481
110510	2487
110510	2488
110510	2490
110510	2493
110510	2494
110510	2495
110510	2502
110510	2511
110510	2512
110510	2520
110510	2526
110510	2529
110510	2531
110510	2534
110510	2536
110510	2539
110510	2559
110510	2579
110545	2533
110545	2565
110545	2586
110545	2611
110545	2615
110545	2636
111058	2451
111058	2464
111058	2472
111058	2503
111058	2516
111058	2518
111058	2535
111058	2559
111058	2565
111058	2576
111058	2739
111290	2456
111290	2459
111290	2465
111290	2468
111290	2478
111290	2481
111290	2484
111290	2485
111290	2488
111290	2490
111290	2491
111290	2501
111290	2502
111290	2504
111290	2506
111290	2510
111290	2515
111290	2517
111290	2518
111290	2520
111290	2521
111290	2523
111290	2524
111290	2526
111290	2529
111290	2534
111290	2542
111290	2543
111290	2545
111290	2555
111290	2556
111290	2564
111290	2567
111290	2569
111290	2572
111290	2573
111290	2574
111290	2578
111290	2581
111290	2585
111290	2673
111290	2785
112430	2489
112430	2492
112430	2500
112430	2556
112430	2559
112430	2565
112430	2566
112430	2571
112430	2575
112430	2576
112430	2585
112430	2611
112430	2633
113007	2523
113007	2529
113007	2559
113007	2565
113007	2580
113007	2736
113173	2516
113173	2528
113173	2559
113173	2581
113173	2653
113217	2465
113217	2484
113217	2497
113217	2573
113217	2676
114161	2451
114161	2516
114161	2523
114161	2524
114161	2552
114161	2557
114161	2586
114161	2636
114908	2451
114908	2459
114908	2465
114908	2472
114908	2491
114908	2501
114908	2514
114908	2515
114908	2518
114908	2535
114908	2559
114908	2570
114908	2576
114908	2590
114908	2593
114908	2653
116322	2528
116322	2559
116322	2565
116322	2593
116322	2613
118125	2468
118125	2479
118125	2503
118125	2522
118125	2538
118320	2507
118320	2522
118320	2565
118320	2576
118320	2578
118320	2590
118320	2653
118320	2764
118476	2465
118476	2516
118476	2586
118476	2590
118522	2453
118522	2455
118522	2457
118522	2459
118522	2471
118522	2492
118522	2495
118522	2496
118522	2499
118522	2503
118522	2508
118522	2511
118522	2522
118522	2523
118522	2538
118522	2542
118522	2543
118522	2545
118522	2549
118522	2554
118522	2555
118522	2556
118522	2559
118522	2562
118522	2565
118522	2566
118522	2570
118522	2575
118522	2576
118522	2578
118522	2580
118522	2582
118522	2585
118522	2586
118522	2587
118522	2588
118522	2590
118522	2592
118522	2593
118522	2596
118522	2618
118522	2633
118522	2653
118522	2736
121103	2459
121103	2465
121103	2492
121103	2528
121103	2544
121103	2555
121103	2573
124345	2581
124345	2584
124345	2611
124345	2651
124345	2665
126485	2489
126485	2516
126485	2528
126485	2531
126485	2532
126485	2558
126485	2559
126485	2568
126485	2576
126485	2577
126485	2582
126485	2590
126485	2593
126485	2596
126485	2597
126485	2606
126485	2614
126485	2626
126485	2650
126485	2701
126606	2480
126606	2543
126606	2559
126606	2582
126606	2629
126623	2501
126623	2502
126623	2520
126623	2522
126623	2528
126623	2534
126623	2544
126623	2546
126623	2562
126623	2578
126623	2617
127739	2465
127739	2490
127739	2496
127739	2503
127739	2539
127739	2570
127739	2586
127771	2442
127771	2447
127771	2459
127771	2469
127771	2496
127771	2500
127771	2505
127771	2508
127771	2511
127771	2520
127771	2528
127771	2530
127771	2531
127771	2533
127771	2534
127771	2538
127771	2544
127771	2557
127771	2564
127771	2567
127771	2569
127771	2570
127771	2574
127771	2576
127771	2581
127771	2592
127771	2613
127771	2617
127771	2701
129511	2442
129511	2444
129511	2445
129511	2446
129511	2447
129511	2451
129511	2453
129511	2458
129511	2459
129511	2465
129511	2467
129511	2468
129511	2474
129511	2476
129511	2478
129511	2482
129511	2483
129511	2506
129511	2515
129511	2523
129511	2546
129511	2547
130091	2516
130091	2523
130091	2531
130091	2557
130091	2559
130091	2568
130091	2577
130091	2580
130091	2590
130091	2594
130091	2649
130091	2650
130099	2459
130099	2551
130099	2570
130316	2428
130316	2430
130316	2464
130316	2465
130316	2470
130316	2471
130316	2478
130316	2480
130316	2484
130316	2493
130316	2503
130316	2505
130316	2513
130316	2516
130316	2533
130316	2552
130316	2567
130316	2573
130316	2580
130316	2650
130316	2653
130316	2665
130316	2727
130838	2423
130838	2472
130838	2649
131285	2502
131285	2503
131285	2533
131285	2539
131285	2542
131285	2552
131285	2559
131285	2565
131285	2580
131285	2582
131285	2586
131285	2588
131285	2590
131285	2593
131285	2596
131285	2610
131285	2615
131285	2629
131285	2637
131285	2653
131532	2505
131532	2506
131532	2587
131532	2588
131594	2455
131594	2516
131594	2523
131594	2559
131594	2623
132423	2401
132423	2403
132423	2406
132423	2407
132423	2409
132423	2414
132423	2418
132423	2419
132423	2420
132423	2421
132423	2422
132423	2423
132423	2424
132423	2427
132423	2429
132423	2430
132423	2431
132423	2432
132423	2445
132423	2446
132423	2447
132423	2449
132423	2451
132423	2453
132423	2455
132423	2456
132423	2459
132423	2464
132423	2468
132423	2473
132423	2478
132423	2479
132423	2482
132423	2483
132423	2485
132423	2486
132423	2517
132423	2518
132423	2520
132423	2521
132423	2531
132740	2451
132740	2455
132740	2465
132740	2473
132740	2482
132740	2484
132740	2489
132740	2503
132740	2510
132740	2511
132740	2525
132740	2544
132740	2555
132740	2567
132740	2570
132740	2573
132740	2581
132740	2594
132740	2600
132740	2620
132740	2627
132740	2634
132740	2649
132740	2676
132740	2681
133195	2458
133195	2464
133195	2573
133195	2604
133378	2413
133378	2415
133378	2417
133378	2420
133378	2421
133378	2423
133378	2424
133378	2428
133378	2431
133378	2432
133378	2434
133378	2435
133378	2438
133378	2439
133378	2441
133378	2442
133378	2443
133378	2447
133378	2449
133378	2451
133378	2452
133378	2458
133378	2462
133378	2464
133378	2470
133378	2471
133378	2473
133378	2475
133378	2478
133378	2479
133378	2480
133378	2482
133378	2483
133378	2487
133378	2489
133378	2493
133378	2495
133378	2498
133378	2499
133378	2500
133378	2504
133378	2505
133378	2507
133378	2509
133378	2514
133378	2521
133378	2534
133378	2539
133378	2556
133512	2522
133512	2576
133512	2578
133512	2596
133512	2626
133746	2414
133746	2422
133746	2423
133746	2426
133746	2432
133746	2468
133746	2476
133746	2480
133746	2499
133746	2512
133746	2513
133746	2520
133746	2563
133746	2617
133788	2459
133788	2533
133788	2535
133788	2559
136252	2488
136252	2501
136252	2533
136252	2559
136252	2585
136252	2590
136252	2597
136252	2626
136953	2447
136953	2451
136953	2454
136953	2458
136953	2459
136953	2471
136953	2476
136953	2479
136953	2480
136953	2483
136953	2487
136953	2489
136953	2493
136953	2499
136953	2500
136953	2505
136953	2506
136953	2509
136953	2511
136953	2512
136953	2515
136953	2526
136953	2529
136953	2533
136953	2543
136953	2555
136953	2559
136953	2665
137467	2458
137467	2468
137467	2469
137467	2501
137467	2510
137467	2523
137467	2529
137467	2533
137467	2547
137467	2552
137467	2568
137467	2569
137467	2604
137467	2681
137467	2714
137504	2491
137504	2497
137504	2511
137504	2516
137504	2518
137504	2528
137504	2531
137504	2532
137504	2535
137504	2557
137504	2559
137504	2570
137504	2576
137504	2580
137504	2586
137504	2596
138950	2457
138950	2459
138950	2490
138950	2492
138950	2516
138950	2527
138950	2528
138950	2559
138950	2564
138950	2568
138950	2576
138950	2580
138950	2586
138950	2594
138950	2617
138950	2618
138950	2633
138950	2665
138950	2674
138950	2681
139033	2491
139033	2511
139033	2528
139033	2570
139033	2576
139033	2580
139033	2610
139033	2648
139033	2736
139650	2559
141168	2469
141168	2472
141168	2516
144296	2458
144296	2462
144296	2464
144296	2468
144296	2472
144296	2475
144296	2479
144296	2484
144296	2486
144296	2511
144296	2528
144459	2426
144459	2459
144459	2479
144459	2482
144459	2492
144459	2500
144459	2511
144459	2548
144459	2588
144459	2594
144913	2468
144913	2488
144913	2501
144913	2533
144913	2615
145460	2472
145460	2559
145460	2562
145460	2576
145460	2633
145460	2653
147848	2443
147848	2470
147848	2479
147848	2483
147848	2489
147848	2503
147848	2504
147848	2510
147848	2528
147848	2570
147848	2584
147848	2594
147848	2620
147939	2559
147939	2576
147939	2639
147939	2652
148237	2471
148237	2492
148237	2557
148237	2617
148293	2479
148293	2480
148293	2513
148293	2571
148293	2736
149516	2544
149516	2548
151016	2450
151016	2492
151685	2415
151685	2416
151685	2420
151685	2421
151685	2424
151685	2430
151685	2433
151685	2435
151685	2437
151685	2438
151685	2439
151685	2440
151685	2441
151685	2443
151685	2447
151685	2451
151685	2453
151685	2454
151685	2455
151685	2456
151685	2457
151685	2458
151685	2459
151685	2465
151685	2468
151685	2469
151685	2471
151685	2472
151685	2473
151685	2474
151685	2475
151685	2476
151685	2479
151685	2480
151685	2481
151685	2482
151685	2483
151685	2484
151685	2486
151685	2487
151685	2488
151685	2489
151685	2491
151685	2492
151685	2495
151685	2499
151685	2500
151685	2508
151685	2509
151685	2510
151685	2511
151685	2512
151685	2514
151685	2516
151685	2517
151685	2518
151685	2519
151685	2522
151685	2523
151685	2526
151685	2532
151685	2533
151685	2536
151685	2538
151685	2542
151685	2543
151685	2550
151685	2551
151685	2554
151685	2556
151685	2557
151685	2563
151685	2564
151685	2566
151685	2568
151685	2571
151685	2575
151685	2584
151685	2587
151685	2588
151685	2592
151685	2594
151685	2604
151685	2617
151685	2623
151685	2624
151685	2629
151685	2630
151685	2633
151685	2674
151685	2701
151685	2736
152331	2437
152331	2438
152331	2445
152331	2447
152331	2454
152331	2471
154558	2403
154558	2405
154558	2406
154558	2407
154558	2408
154558	2409
154558	2411
154558	2414
154558	2415
154558	2419
154558	2424
154558	2429
154558	2443
154558	2444
154558	2445
154558	2446
154558	2447
154558	2449
154558	2453
155063	2507
155063	2508
155063	2522
155063	2559
155063	2575
155063	2576
155063	2586
155063	2593
158890	2559
158890	2576
158890	2586
158890	2590
158890	2593
158890	2597
158890	2600
158890	2613
158890	2626
158890	2641
159912	2451
159912	2453
159912	2496
159912	2559
159912	2576
159912	2585
159912	2586
159912	2596
159912	2627
160024	2456
160024	2480
160024	2481
160024	2512
160024	2513
160024	2515
160024	2517
160024	2518
160024	2520
160024	2539
160024	2544
160024	2546
160024	2555
160024	2577
160024	2581
160024	2583
160024	2586
160024	2593
160024	2603
160024	2610
160024	2612
160024	2613
160024	2617
161106	2423
161106	2447
161106	2448
161106	2449
161106	2451
161106	2453
161106	2458
161106	2459
161106	2468
161106	2473
161106	2478
161106	2482
161106	2483
161106	2485
161106	2488
161106	2490
161106	2491
161106	2493
161106	2495
161106	2500
161106	2501
161106	2505
161106	2506
161106	2509
161106	2510
161106	2512
161106	2515
161106	2517
161106	2531
161333	2403
161333	2404
161333	2405
161333	2406
161333	2408
161333	2409
161333	2411
161333	2414
161333	2416
161333	2417
161333	2421
161333	2424
161333	2429
161333	2430
161333	2433
161333	2438
161333	2443
161333	2445
161333	2447
161333	2449
161333	2451
161333	2453
161333	2455
161333	2458
161333	2459
161333	2462
161333	2464
161333	2468
161333	2473
161333	2474
161333	2478
161333	2480
161333	2481
161333	2482
161333	2483
161333	2484
161333	2488
161333	2490
161333	2491
161333	2498
161333	2499
161333	2500
161333	2501
161333	2503
161333	2504
161333	2505
161333	2509
161333	2510
161333	2512
161333	2520
161333	2523
161333	2524
161333	2525
161333	2526
161333	2576
161333	2586
161333	2590
161541	2453
161541	2458
161541	2464
161541	2465
161541	2475
161541	2482
161541	2505
161541	2511
161541	2528
161541	2540
161541	2544
161541	2557
161541	2581
161541	2594
161541	2646
163175	2451
163175	2453
163175	2464
163175	2465
163175	2468
163175	2469
163175	2470
163175	2471
163175	2473
163175	2482
163175	2487
163175	2497
163175	2499
163175	2501
163175	2522
163175	2526
163175	2530
163175	2535
163175	2538
163175	2543
163175	2548
163175	2549
163175	2555
163175	2565
163175	2569
163175	2575
163175	2576
163175	2578
163175	2590
163175	2592
163175	2593
163175	2604
163175	2617
163175	2633
163175	2636
163175	2649
163175	2681
163727	2491
163727	2559
163727	2576
163727	2578
163727	2585
163727	2590
163727	2593
163727	2596
163727	2597
163727	2626
163727	2639
163727	2641
163727	2650
163727	2684
164644	2421
164644	2423
164644	2424
164644	2439
164644	2451
164644	2465
164644	2471
164644	2482
164644	2514
164644	2519
164644	2523
164644	2586
164644	2701
165054	2465
165054	2478
165054	2484
165054	2489
165054	2492
165054	2507
165054	2510
165054	2516
165054	2526
165054	2539
165054	2542
165054	2565
165054	2567
165054	2571
165054	2576
165054	2578
165054	2579
165054	2588
165054	2596
165054	2620
165054	2736
167435	2459
167435	2500
167435	2593
167435	2604
167649	2430
167649	2433
167649	2445
167649	2446
167649	2449
167649	2451
167649	2453
167649	2458
167649	2459
167649	2473
167649	2474
167649	2478
167649	2482
167649	2485
167649	2490
167649	2491
167649	2492
167649	2493
167649	2500
167649	2501
167649	2503
167649	2505
167649	2507
167649	2508
167649	2509
167649	2510
167649	2511
167649	2517
167649	2520
167649	2523
167649	2524
167649	2525
167649	2526
167649	2528
167649	2533
167649	2534
167649	2543
167649	2547
167649	2548
167649	2549
167649	2552
167649	2556
167649	2567
167649	2568
167649	2571
167649	2572
167649	2573
167649	2585
167649	2586
167649	2602
167649	2606
167649	2615
167649	2618
167649	2625
167649	2626
167649	2627
167649	2628
167649	2630
167649	2634
167649	2638
167649	2639
167649	2646
167649	2801
167649	3529
169665	2411
169665	2415
169665	2423
169665	2427
169665	2430
169665	2433
169665	2434
169665	2436
169665	2438
169665	2439
169665	2441
169665	2442
169665	2443
169665	2445
169665	2446
169665	2447
169665	2454
169665	2458
169665	2459
169665	2460
169665	2465
169665	2472
169665	2474
169665	2476
169665	2478
169665	2483
169665	2487
169665	2490
169665	2492
169665	2493
169665	2500
169665	2501
169665	2504
169665	2505
169665	2509
169665	2511
169665	2548
169665	2549
169665	2654
169665	2655
172863	2479
172863	2481
172863	2482
172863	2493
172863	2507
172863	2581
172863	2636
175937	2444
175937	2448
175937	2451
175937	2470
175937	2478
175937	2489
175937	2490
175937	2492
175937	2500
175937	2501
175937	2509
175937	2523
175937	2571
175937	2887
176333	2458
176333	2459
176333	2465
176333	2468
176333	2472
176333	2479
176333	2488
176333	2496
176333	2501
176333	2504
176333	2505
176333	2507
176333	2511
176333	2523
176333	2529
176333	2533
176333	2535
176333	2538
176333	2543
176333	2545
176333	2552
176333	2555
176333	2567
176333	2569
176333	2588
176333	2604
176333	2653
176333	2660
176333	2674
178196	2476
178196	2516
178196	2565
178196	2570
178196	2633
182008	2457
182008	2501
182008	2522
182008	2538
182008	2547
182008	2550
182008	2611
182883	2473
182883	2479
182883	2482
182883	2484
182883	2489
182883	2490
182883	2500
182883	2501
182883	2505
182883	2507
182883	2509
182883	2518
182883	2521
182883	2523
182883	2527
182883	2533
182883	2539
182883	2542
182883	2543
182883	2546
182883	2548
182883	2549
182883	2550
182883	2558
182883	2559
182883	2561
182883	2563
182883	2568
182883	2575
182883	2583
182883	2586
182883	2589
182883	2595
182883	2596
182883	2597
182883	2602
182883	2609
182883	2610
182883	2615
182883	2617
182883	2626
184695	2459
184695	2465
184695	2504
184695	2516
184695	2544
184695	2559
184695	2570
184695	2586
184695	2593
184695	2594
184695	2701
185072	2511
185072	2522
185072	2544
185072	2549
185072	2559
185072	2565
185072	2570
185072	2577
185072	2586
185072	2613
185072	2633
185072	2634
185072	2649
185072	2675
185072	2696
185072	2707
185072	2730
185072	2736
187049	2430
187049	2434
187049	2451
187049	2459
187049	2464
187049	2465
187049	2466
187049	2468
187049	2472
187049	2473
187049	2478
187049	2480
187049	2483
187049	2489
187049	2490
187049	2491
187049	2492
187049	2497
187049	2501
187049	2505
187049	2509
187049	2510
187049	2511
187049	2514
187049	2516
187049	2518
187049	2526
187049	2528
187049	2533
187049	2534
187049	2535
187049	2546
187049	2549
187049	2555
187049	2556
187049	2557
187049	2559
187049	2562
187049	2564
187049	2565
187049	2569
187049	2570
187049	2571
187049	2582
187049	2586
187049	2594
187049	2604
187049	2623
187049	2629
187049	2649
187049	2674
187049	2736
188222	2428
188222	2443
188222	2453
188222	2455
188222	2458
188222	2464
188222	2465
188222	2491
188222	2492
188222	2505
188222	2506
188222	2510
188222	2517
188222	2522
188222	2540
188222	2546
188222	2548
188222	2549
188222	2551
188222	2556
188222	2566
188222	2570
188222	2575
188222	2586
188222	2629
188222	2660
188718	2434
188724	2522
188724	2559
188724	2565
188948	2571
188948	2701
189288	2488
189288	2533
189288	2544
189288	2549
189288	2562
189288	2565
189288	2575
189288	2589
189288	2590
189288	2593
189288	2596
189288	2653
189288	2674
189288	2763
189978	2430
189978	2431
189978	2433
189978	2436
189978	2438
189978	2439
189978	2441
189978	2443
189978	2446
189978	2447
189978	2448
189978	2449
189978	2473
189978	2479
189978	2482
189978	2483
189978	2484
189978	2486
189978	2502
189978	2503
189978	2510
189978	2520
189978	2521
189978	2524
189978	2534
189978	2540
189978	2545
191503	2464
191503	2465
191503	2492
191503	2559
191503	2565
191503	2736
191902	2484
191902	2487
191902	2497
191902	2511
191902	2538
191902	2555
191902	2559
191902	2570
192992	2478
192992	2480
192992	2484
192992	2486
192992	2492
192992	2493
192992	2495
192992	2497
192992	2506
192992	2512
192992	2513
192992	2515
192992	2517
192992	2520
192992	2521
192992	2523
192992	2524
192992	2525
192992	2526
192992	2528
192992	2531
192992	2534
192992	2537
192992	2539
192992	2540
192992	2543
192992	2544
192992	2546
192992	2547
192992	2550
192992	2555
192992	2613
194952	2457
194952	2459
194952	2489
194952	2492
194952	2502
198256	2473
198256	2482
198256	2535
198256	2604
199007	2404
199007	2459
199007	2465
199007	2471
199007	2474
199007	2478
199007	2483
199007	2484
199007	2489
199007	2490
199007	2496
199007	2501
199007	2506
199007	2514
199007	2518
199007	2573
199069	2561
199069	2565
199069	2572
199069	2575
199069	2583
199069	2586
199069	2588
199069	2660
199069	2674
199069	2736
199339	2482
199339	2511
199339	2522
199339	2584
199339	2617
200126	2457
200126	2489
200126	2492
200126	2505
200126	2518
200126	2532
200126	2534
200126	2538
200126	2543
200126	2549
200126	2557
200126	2559
200126	2565
200126	2571
200126	2578
200126	2586
200126	2596
200665	2437
200665	2457
200665	2511
200665	2522
200665	2562
200665	2570
200665	2586
201865	2465
201865	2484
201865	2493
201865	2499
201865	2510
201865	2525
201865	2543
201865	2556
201865	2565
201865	2576
201865	2577
201865	2580
201865	2581
201865	2584
201865	2593
201865	2600
201865	2618
201865	2649
203295	2465
203295	2488
203295	2496
203295	2501
203295	2510
203295	2535
203295	2575
203295	2576
203295	2580
203295	2596
203506	2586
203506	2590
203506	2597
203506	2622
203506	2626
204895	2492
204895	2527
204895	2567
204895	2586
204895	2636
206404	2430
206404	2451
206404	2458
206404	2469
206404	2473
206404	2475
206404	2480
206404	2482
206404	2484
206404	2490
206404	2491
206404	2505
206404	2511
206404	2523
206404	2529
206404	2532
206404	2533
206404	2534
206404	2546
206404	2549
206404	2552
206404	2556
206404	2557
206404	2558
206404	2567
206404	2568
206404	2569
206404	2570
206404	2581
206404	2582
206404	2613
206404	2649
206404	2681
206557	2522
206557	2633
206557	2643
208070	2457
208070	2472
208070	2544
208070	2594
208598	2503
208598	2544
208598	2559
208598	2674
209308	2459
209308	2465
209308	2491
209308	2492
209308	2511
209308	2516
209308	2522
209308	2528
209308	2544
209308	2557
209308	2559
209308	2562
209308	2565
209308	2570
209308	2576
209308	2578
209308	2580
209308	2585
209308	2586
209308	2590
209308	2593
209308	2596
209308	2611
209308	2614
209308	2616
209308	2618
209308	2633
209308	2634
209308	2641
209308	2653
209308	2664
209308	2665
209308	2675
209308	2679
209308	2684
209308	2736
209375	2436
209375	2459
209375	2500
209375	2535
211747	2464
211747	2472
211747	2488
211747	2489
211747	2565
211747	2586
211747	2613
211825	2457
211825	2469
211825	2489
211825	2548
211825	2549
211825	2554
211825	2559
211825	2564
211825	2589
211825	2613
213035	2459
213035	2473
213035	2478
213035	2482
213035	2491
213035	2492
213035	2496
213035	2507
213035	2510
213035	2523
213035	2532
213035	2533
213035	2538
213035	2552
213035	2558
213035	2564
213035	2569
213035	2573
213035	2576
213035	2581
213035	2589
213035	2596
213035	2597
213035	2613
213035	2633
213035	2644
213035	2736
214461	2457
214461	2459
214461	2488
214461	2516
214461	2556
214461	2586
214461	2613
214461	2633
215493	2442
215493	2443
215493	2444
215493	2445
215493	2446
215493	2447
215493	2448
215493	2454
215493	2458
215493	2459
215493	2462
215493	2465
215493	2469
215493	2471
215493	2474
215493	2477
215493	2480
215493	2481
215493	2484
215493	2485
215493	2490
215493	2491
215493	2492
215493	2493
215493	2495
215493	2496
215493	2497
215493	2500
215493	2501
215493	2502
215493	2504
215493	2505
215493	2507
215493	2508
215493	2509
215493	2511
215493	2512
215493	2514
215493	2520
215493	2523
215493	2525
215493	2530
215493	2531
215493	2532
215493	2534
215493	2535
215493	2559
215493	2567
215493	2570
215493	2573
215493	2574
215493	2587
215493	2613
215493	2617
215493	2660
215493	2681
215493	2950
216738	2492
216738	2517
216738	2546
216738	2557
216738	2566
216738	2572
216738	2586
216738	2588
216738	2627
216738	2701
217248	2453
217248	2468
217248	2496
217248	2501
217248	2510
217248	2516
217248	2523
217248	2525
217248	2538
217248	2551
217248	2553
217248	2559
217248	2565
217248	2576
217248	2587
217248	2596
217248	2604
217248	2627
217248	2643
217248	2660
217248	2803
217248	2824
217248	2983
217814	2484
217814	2586
217814	2593
219202	2522
219202	2562
219202	2617
219202	2666
219202	2769
219202	2823
219369	2516
219369	2555
219369	2559
219369	2570
219516	2401
219516	2402
219516	2403
219516	2404
219516	2405
219516	2406
219516	2408
219516	2411
219516	2413
219516	2414
219516	2415
219516	2416
219516	2417
219516	2418
219516	2419
219516	2420
219516	2421
219516	2430
219516	2431
219516	2432
219516	2433
219516	2435
219516	2437
219516	2439
219516	2441
219516	2443
219516	2445
219516	2447
219516	2449
219516	2452
219516	2453
219516	2455
219516	2456
219516	2458
219516	2459
219516	2460
219516	2464
219516	2465
219516	2468
219516	2471
219516	2473
219516	2474
219516	2476
219516	2477
219516	2479
219516	2481
219516	2482
219516	2483
219516	2484
219516	2488
219516	2490
219516	2491
219516	2492
219516	2497
219516	2498
219516	2500
219516	2501
219516	2503
219516	2504
219516	2505
219516	2506
219516	2509
219516	2510
219516	2511
219516	2512
219516	2515
219516	2517
219516	2568
219516	2647
219719	2504
219719	2559
219719	2565
219719	2576
219719	2586
219719	2596
221564	2459
221564	2490
221564	2500
221564	2544
221564	2589
221564	2604
221564	2613
221564	2653
221564	2681
221564	2783
221564	2886
221746	2464
221746	2480
221746	2502
221746	2511
221746	2517
221746	2520
221746	2557
221746	2575
221746	2580
221746	2584
221746	2589
221746	2593
221746	2613
221746	2649
221746	2681
222886	2464
222886	2465
222886	2470
222886	2472
222886	2479
222886	2482
222886	2487
222886	2497
222886	2502
222886	2510
222886	2519
222886	2524
222886	2528
222886	2531
222886	2535
222886	2539
222886	2552
222886	2570
222886	2573
222886	2594
222886	2649
224073	2511
224073	2516
224073	2528
224073	2565
224073	2586
224073	2736
224661	2430
224661	2434
224661	2443
224661	2445
224661	2458
224661	2469
224661	2472
224661	2492
224661	2495
224661	2496
224661	2499
224661	2501
224661	2507
224661	2510
224661	2520
224661	2523
224661	2547
224661	2548
224661	2554
224661	2557
224661	2559
224661	2564
224661	2576
224661	2583
224661	2584
224661	2589
224661	2596
224661	2613
224661	2617
224661	2629
224661	2639
224661	2660
225204	2491
225204	2510
225204	2511
226264	2503
226264	2516
226264	2563
226264	2567
226264	2573
226264	2575
227249	2470
227249	2492
227249	2514
227249	2523
227249	2541
227249	2604
228053	2430
228053	2451
228053	2490
228053	2505
228053	2509
228053	2510
228053	2528
228053	2555
228053	2606
228053	2740
230291	2443
230291	2469
230291	2472
230291	2475
230291	2489
230291	2499
230291	2510
230291	2522
230291	2539
230291	2544
230291	2551
230291	2575
230291	2586
230291	2593
231583	2503
231583	2511
231583	2518
231583	2558
231583	2565
231583	2572
231583	2576
231583	2578
231583	2580
231583	2586
231583	2593
232511	2455
232511	2491
232511	2511
232511	2522
232511	2533
232511	2535
232511	2559
232511	2565
232511	2570
232511	2586
232511	2593
232511	2633
233252	2434
233252	2464
233252	2478
233252	2482
233252	2485
233252	2488
233252	2490
233252	2496
233252	2499
233252	2501
233252	2503
233252	2516
233252	2520
233252	2523
233252	2533
233252	2535
233252	2564
233252	2569
233252	2570
233252	2585
233252	2594
233252	2613
233252	2615
233252	2629
233252	2636
233252	2653
233252	2681
233739	2492
233739	2503
233739	2548
233739	2565
233739	2569
233739	2613
236270	2430
236270	2451
236270	2488
236270	2490
236270	2491
236270	2492
236270	2509
236270	2516
236270	2548
236270	2557
236270	2583
236270	2586
236270	2600
236270	2660
236493	2469
236493	2472
236493	2492
236493	2516
236493	2523
236493	2544
236493	2549
236493	2556
236493	2557
236493	2559
236493	2565
236493	2576
236493	2578
236493	2580
236493	2593
236493	2604
236493	2613
236493	2641
237810	2464
237810	2468
237810	2469
237810	2472
237810	2478
237810	2485
237810	2486
237810	2488
237810	2491
237810	2501
237810	2504
237810	2507
237810	2518
237810	2520
237810	2523
237810	2524
237810	2538
237810	2547
237810	2556
237810	2557
237810	2567
237810	2568
237810	2569
237810	2575
237810	2581
237810	2591
237810	2594
237810	2604
240042	2524
240042	2533
240042	2552
240042	2564
240042	2565
240042	2580
240042	2585
240042	2594
240042	2599
240042	2618
240042	2629
240042	2634
240042	2637
240042	2641
240042	2652
240042	2653
240042	2681
240042	2714
240042	2739
240229	2464
240229	2480
240229	2484
240229	2485
240229	2488
240229	2492
240229	2502
240229	2507
240229	2511
240229	2520
240229	2522
240229	2528
240229	2530
240229	2531
240229	2532
240229	2537
240229	2539
240229	2543
240229	2546
240229	2547
240229	2548
240229	2549
240229	2554
240229	2556
240229	2557
240229	2564
240229	2566
240229	2568
240229	2580
240229	2581
240229	2584
240229	2588
240229	2589
240229	2590
240229	2591
240229	2593
240229	2594
240229	2596
240229	2600
240229	2611
240229	2613
240229	2615
240229	2619
240229	2621
240229	2628
240229	2648
240229	2649
240229	2676
240229	2681
240229	2739
241441	2464
241441	2465
241441	2516
241441	2559
241441	2569
241441	2586
242159	2439
242159	2441
242159	2443
242159	2445
242159	2446
242159	2449
242159	2451
242159	2452
242159	2453
242159	2454
242159	2456
242159	2458
242159	2462
242159	2464
242159	2467
242159	2468
242159	2471
242159	2474
242159	2478
242159	2479
242159	2482
242159	2484
242159	2485
242159	2487
242159	2488
242159	2489
242159	2490
242159	2491
242159	2493
242159	2494
242159	2497
242159	2499
242159	2500
242159	2501
242159	2504
242159	2505
242159	2507
242159	2509
242159	2510
242159	2517
242159	2520
242159	2523
242159	2524
242159	2525
242159	2526
242159	2527
242159	2528
242159	2543
242159	2545
242159	2551
242159	2572
242159	2590
242159	2599
242159	2602
242159	2629
242159	2646
242159	2725
242159	3024
242159	3048
242159	3157
242159	3163
243236	2444
243236	2451
243236	2472
243236	2491
243236	2505
243236	2506
243236	2528
243236	2555
243236	2701
246132	2420
246132	2427
246132	2432
246132	2433
246132	2438
246132	2439
246132	2441
246132	2446
246132	2451
246132	2453
246132	2455
246132	2458
246132	2465
246132	2473
246132	2478
246132	2479
246132	2482
246132	2484
246132	2489
246132	2491
246132	2492
246132	2500
246132	2508
246132	2509
246132	2617
246132	2643
246132	2689
246632	2465
246632	2472
246632	2478
246632	2491
246632	2500
246632	2510
246632	2511
246632	2518
246632	2531
246632	2538
246632	2549
246632	2565
246632	2568
246632	2580
246632	2587
246632	2590
246632	2681
248665	2428
248665	2478
248665	2490
248665	2523
248665	2528
248665	2532
248665	2577
248755	2457
248755	2480
248755	2482
248755	2492
248755	2496
248755	2510
248755	2582
248755	2593
251084	2470
251084	2478
251084	2479
251084	2484
251084	2489
251084	2491
251084	2502
251084	2504
251084	2508
251084	2510
251084	2511
251084	2518
251084	2519
251084	2520
251084	2524
251084	2526
251084	2527
251084	2528
251084	2533
251084	2539
251084	2544
251084	2545
251084	2552
251084	2557
251084	2558
251084	2564
251084	2567
251084	2573
251084	2581
251084	2582
251084	2584
251084	2589
251084	2594
251084	2636
251084	2649
251084	2681
251407	2434
251407	2451
251407	2458
251407	2459
251407	2468
251407	2469
251407	2472
251407	2473
251407	2490
251407	2491
251407	2499
251407	2505
251407	2532
251407	2538
251407	2543
251407	2555
251407	2556
251407	2557
251407	2570
251407	2578
251407	2580
251407	2586
251407	2590
251407	2620
251407	2671
251940	2527
251940	2581
251940	2633
252984	2416
252984	2435
252984	2443
252984	2480
252984	2485
252984	2490
252984	2502
252984	2505
252984	2506
252984	2511
252984	2518
252984	2522
252984	2526
252984	2528
252984	2533
252984	2534
252984	2539
252984	2542
252984	2552
252984	2567
252984	2617
252984	2633
252984	2649
254673	2428
254673	2430
254673	2444
254673	2457
254673	2459
254673	2464
254673	2470
254673	2478
254673	2480
254673	2484
254673	2485
254673	2493
254673	2496
254673	2497
254673	2501
254673	2504
254673	2535
254673	2544
254673	2558
254673	2559
254673	2562
254673	2573
254673	2674
254673	2736
255195	2465
255195	2479
255195	2480
255195	2493
255195	2497
255195	2503
255195	2511
255195	2516
255195	2519
255195	2528
255195	2532
255195	2535
255195	2543
255195	2544
255195	2546
255195	2551
255195	2557
255195	2559
255195	2566
255195	2568
255195	2570
255195	2573
255195	2575
255195	2581
255195	2582
255195	2586
255195	2648
255195	2653
255195	2701
255195	2725
255195	2736
255377	2506
255377	2525
255377	2528
255377	2546
255693	2454
255693	2462
255693	2485
255693	2487
255693	2510
255693	2523
255693	2527
255693	2550
255693	2554
255693	2556
255693	2557
255693	2558
255693	2561
255693	2606
255693	2622
255693	2624
255693	2629
255961	2510
255961	2522
255961	2559
255961	2596
256126	2493
256126	2522
256126	2546
256126	2551
256126	2568
256126	2570
256126	2633
258734	2480
258734	2492
258734	2528
258734	2586
258734	2590
259847	2451
259847	2464
259847	2522
259847	2526
259847	2543
259847	2584
259952	2430
259952	2453
259952	2457
259952	2458
259952	2459
259952	2465
259952	2468
259952	2469
259952	2473
259952	2478
259952	2479
259952	2486
259952	2488
259952	2489
259952	2490
259952	2491
259952	2492
259952	2502
259952	2503
259952	2504
259952	2507
259952	2510
259952	2511
259952	2514
259952	2517
259952	2522
259952	2523
259952	2525
259952	2526
259952	2533
259952	2537
259952	2538
259952	2539
259952	2547
259952	2548
259952	2549
259952	2550
259952	2551
259952	2552
259952	2554
259952	2555
259952	2557
259952	2558
259952	2561
259952	2583
259952	2584
259952	2593
259952	2604
259952	2613
259952	2617
259952	2624
259952	2627
259952	2633
259952	2639
259952	2649
259952	2656
259952	2660
259952	2672
259952	2725
259952	2736
261982	2559
261982	2565
261982	2576
261982	2585
262445	2504
262445	2510
262445	2511
262445	2523
262445	2528
262445	2533
262445	2578
262445	2584
262445	2593
262445	2604
262726	2615
262726	2633
263454	2457
263454	2492
263856	2468
263856	2473
263856	2474
263856	2476
263856	2477
263856	2478
263856	2479
263856	2481
263856	2484
263856	2486
263856	2490
263856	2493
263856	2501
263856	2504
263856	2505
263856	2512
263856	2520
263856	2523
263856	2524
263856	2525
263856	2526
263856	2528
263856	2530
263856	2533
263856	2534
263856	2536
263856	2544
263856	2546
263856	2551
263856	2553
263856	2555
263856	2557
263856	2559
263856	2563
263856	2567
263856	2568
263856	2572
263856	2573
263856	2574
263856	2578
263856	2581
263856	2583
263856	2585
263856	2586
263856	2588
263856	2589
263856	2591
263856	2594
263856	2597
263856	2616
263856	2624
263856	2625
263856	2660
263856	2664
264025	2626
264025	2639
264025	2665
264090	2478
264090	2480
264090	2495
264090	2496
264090	2507
264090	2526
264090	2613
264135	2482
264135	2488
264135	2489
264135	2491
264135	2492
264135	2499
264135	2502
264135	2507
264135	2508
264135	2510
264135	2511
264135	2516
264135	2517
264135	2518
264135	2519
264135	2520
264135	2522
264135	2526
264135	2527
264135	2528
264135	2530
264135	2531
264135	2532
264135	2533
264135	2537
264135	2542
264135	2543
264135	2545
264135	2546
264135	2547
264135	2548
264135	2549
264135	2551
264135	2553
264135	2554
264135	2556
264135	2557
264135	2558
264135	2559
264135	2561
264135	2562
264135	2563
264135	2564
264135	2565
264135	2566
264135	2568
264135	2571
264135	2572
264135	2575
264135	2576
264135	2578
264135	2579
264135	2580
264135	2581
264135	2582
264135	2583
264135	2584
264135	2585
264135	2586
264135	2588
264135	2589
264135	2590
264135	2591
264135	2593
264135	2594
264135	2595
264135	2596
264135	2597
264135	2598
264135	2599
264135	2600
264135	2602
264135	2603
264135	2606
264135	2607
264135	2608
264135	2609
264135	2610
264135	2611
264135	2613
264135	2615
264135	2616
264135	2617
264135	2618
264135	2619
264135	2621
264135	2623
264135	2624
264135	2627
264135	2628
264135	2629
264135	2630
264135	2631
264135	2633
264135	2634
264135	2636
264135	2637
264135	2641
264135	2648
264135	2649
264135	2650
264135	2652
264135	2653
264135	2656
264135	2660
264135	2671
264135	2672
264135	2674
264135	2681
264135	2701
264135	2725
264135	2730
264135	2736
264135	2739
264135	2740
264490	2451
264490	2465
264490	2469
264490	2472
264490	2484
264490	2488
264490	2493
264490	2501
264490	2507
264490	2511
264490	2520
264490	2535
264490	2538
264490	2544
264490	2547
264490	2555
264490	2564
264490	2568
264490	2573
264490	2676
266031	2515
266031	2522
266031	2562
266031	2586
266031	2633
266356	2464
266356	2468
266356	2488
266356	2501
266356	2507
266356	2533
266356	2541
266356	2564
266356	2629
266837	2480
266837	2543
266837	2556
266837	2557
266837	2576
266837	2589
266837	2593
266837	2596
266837	2674
267590	2465
267590	2475
267590	2484
267590	2490
267590	2491
267590	2511
267590	2543
267590	2557
267590	2572
267590	2588
267590	2736
267783	2457
267783	2633
268762	2459
268762	2507
268762	2509
268762	2570
268891	2459
268891	2482
268891	2491
268891	2492
268891	2510
268891	2516
268891	2518
268891	2544
268891	2576
268891	2580
268891	2586
268891	2593
268891	2636
268891	2641
268991	2514
268991	2528
268991	2590
268991	2593
269720	2491
269720	2511
269720	2516
269720	2522
269720	2557
269720	2565
269720	2586
269720	2643
269720	2649
269720	2675
269720	2736
271089	2469
271089	2473
271089	2482
271089	2488
271089	2501
271089	2510
271089	2522
271089	2537
271089	2562
271089	2633
271966	2436
271966	2443
271966	2444
271966	2455
271966	2457
271966	2470
271966	2473
271966	2479
271966	2490
271966	2495
271966	2502
271966	2506
271966	2522
271966	2523
271966	2542
271966	2543
271966	2544
271966	2547
271966	2549
271966	2550
271966	2569
271966	2584
271966	2586
271966	2588
271966	2613
271966	2624
271966	2633
271976	2471
271976	2478
271976	2479
271976	2480
271976	2482
271976	2484
271976	2492
271976	2510
271976	2511
271976	2528
271976	2535
271976	2538
271976	2548
271976	2549
271976	2566
271976	2582
271976	2613
271976	2633
271976	2701
272179	2453
272179	2468
272179	2488
272179	2489
272179	2492
272179	2496
272179	2501
272179	2503
272179	2510
272179	2526
272179	2542
272179	2547
272179	2554
272179	2564
272179	2575
272805	2444
272805	2476
272805	2491
272805	2523
272805	2586
273258	2457
273258	2489
273258	2519
273258	2522
273258	2538
273258	2542
273258	2547
273258	2554
273258	2586
273258	2633
273258	2660
273691	2457
273691	2483
273691	2490
273691	2496
273691	2501
273691	2516
273691	2552
273691	2559
273691	2565
273691	2570
273691	2576
273691	2586
273691	2635
273691	2676
274161	2475
274161	2511
274161	2544
274161	2646
275246	2448
275246	2458
275246	2469
275246	2523
275246	2541
275246	2604
276034	2449
276034	2451
276034	2459
276034	2469
276034	2492
276034	2505
276034	2557
276034	2571
276034	2576
276034	2580
276034	2585
276034	2593
276034	2611
276034	2617
276034	2634
276034	2736
277439	2504
277439	2557
277439	2559
278559	2420
278559	2431
278559	2441
278559	2446
278559	2455
278559	2459
278559	2465
278559	2468
278559	2479
278559	2487
278559	2493
278559	2501
278559	2503
278559	2504
278559	2511
278559	2517
278559	2524
278559	2552
278559	2564
278559	2581
278559	2618
281734	2424
281734	2430
281734	2435
281734	2437
281734	2443
281734	2444
281734	2447
281734	2458
281734	2459
281734	2468
281734	2472
281734	2474
281734	2476
281734	2483
281734	2488
281734	2491
281734	2497
281734	2500
281734	2506
281734	2509
281734	2512
281734	2515
281734	2520
281734	2521
281734	2523
281734	2524
281734	2525
281734	2526
281734	2527
281734	2528
281734	2529
281734	2531
281734	2532
281734	2534
281734	2536
281734	2539
281734	2546
281734	2555
281734	2559
281734	2564
282486	2491
282486	2559
282486	2565
282486	2576
282486	2586
282486	2593
282486	2736
284565	2451
284565	2468
284565	2469
284565	2471
284565	2482
284565	2487
284565	2488
284565	2489
284565	2510
284565	2516
284565	2533
284565	2555
284565	2557
284565	2559
284565	2576
284565	2586
284565	2590
284565	2596
284565	2649
290703	2472
290703	2490
290703	2492
290703	2516
290703	2519
290703	2522
290703	2528
290703	2532
290703	2580
290703	2581
290703	2633
290977	2465
290977	2480
290977	2484
290977	2489
290977	2491
290977	2492
290977	2505
290977	2507
290977	2509
290977	2510
290977	2514
290977	2522
290977	2528
290977	2531
290977	2540
290977	2557
290977	2558
290977	2559
290977	2571
290977	2593
290977	2611
290977	2613
290977	2633
290977	2649
290977	2736
292663	2442
292663	2443
292663	2444
292663	2447
292663	2451
292663	2453
292663	2458
292663	2459
292663	2465
292663	2468
292663	2469
292663	2471
292663	2473
292663	2475
292663	2478
292663	2479
292663	2480
292663	2481
292663	2483
292663	2484
292663	2486
292663	2488
292663	2490
292663	2491
292663	2495
292663	2498
292663	2500
292663	2504
292663	2505
292663	2506
292663	2508
292663	2510
292663	2511
292663	2512
292663	2514
292663	2515
292663	2521
292663	2523
292663	2524
292663	2527
292663	2528
292663	2531
292663	2534
292663	2539
292663	2540
292663	2543
292663	2544
292663	2555
292663	2557
292663	2564
292663	2567
292663	2573
292663	2588
292663	2589
292663	2613
294461	2492
294461	2522
294461	2586
294461	2590
294461	2597
294461	2608
294461	2626
294461	2634
294461	2641
294461	2679
296242	2509
296242	2546
296242	2567
296242	2759
296242	2890
296244	2430
296244	2436
296244	2444
296244	2459
296244	2472
296244	2484
296244	2489
296244	2491
296244	2492
296244	2510
296244	2518
296244	2531
296244	2581
296244	2584
296244	2586
296244	2613
296244	2618
297061	2458
297061	2459
297061	2471
297061	2479
297061	2489
297061	2491
297061	2512
297061	2520
297061	2521
297061	2564
297061	2569
297061	2575
297061	2587
297061	2595
297623	2483
298825	2472
298825	2570
298825	2586
298825	2641
299210	2480
299210	2492
299210	2505
299210	2507
299210	2516
299210	2523
299210	2524
299210	2582
299210	2587
299210	2649
299884	2451
299884	2457
299884	2471
299884	2482
299884	2556
299884	2559
299884	2634
299884	2701
300562	2414
300562	2415
300562	2416
300562	2419
300562	2420
300562	2421
300562	2423
300562	2424
300562	2427
300562	2428
300562	2429
300562	2430
300562	2431
300562	2432
300562	2434
300562	2436
300562	2438
300562	2439
300562	2441
300562	2442
300562	2445
300562	2447
300562	2449
300562	2451
300562	2452
300562	2455
300562	2458
300562	2460
300562	2464
300562	2467
300562	2478
300562	2479
300562	2481
300562	2483
300562	2484
300562	2485
300562	2486
300562	2489
300562	2494
300562	2500
300562	2502
300562	2503
300562	2505
300562	2507
300562	2509
300562	2512
300562	2517
300562	2547
300562	2564
300562	2629
301487	2459
301487	2465
301487	2496
301487	2516
301487	2522
301487	2523
301487	2563
301487	2570
301487	2580
301487	2613
301487	2633
302110	2406
302110	2441
302110	2442
302110	2443
302110	2444
302110	2446
302110	2447
302110	2449
302110	2451
302110	2453
302110	2454
302110	2456
302110	2458
302110	2459
302110	2464
302110	2465
302110	2467
302110	2468
302110	2472
302110	2473
302110	2474
302110	2475
302110	2476
302110	2477
302110	2481
302110	2482
302110	2484
302110	2487
302110	2488
302110	2491
302110	2497
302110	2499
302110	2500
302110	2503
302110	2507
302110	2509
302110	2512
302110	2517
302110	2520
302110	2524
302110	2526
302110	2527
302110	2533
302110	2535
302110	2540
302110	2545
302110	2546
302110	2548
302110	2554
302110	2557
302488	2467
302488	2476
302488	2479
302488	2489
302488	2490
302488	2514
302488	2517
302488	2518
302488	2520
302488	2521
302645	2523
302645	2563
302645	2565
302645	2567
302645	2582
302645	2586
302645	2594
302645	2604
302645	2648
302645	2653
303269	2443
303269	2445
303269	2451
303269	2453
303269	2459
303269	2465
303269	2469
303269	2471
303269	2472
303269	2475
303269	2478
303269	2482
303269	2484
303269	2490
303269	2493
303269	2497
303269	2504
303269	2505
303269	2509
303269	2514
303269	2522
303269	2525
303269	2531
303269	2534
303269	2535
303269	2540
303269	2543
303269	2544
303269	2549
303269	2551
303269	2556
303269	2558
303269	2564
303269	2568
303269	2570
303269	2583
303269	2587
303269	2588
303269	2674
303269	2681
303269	2701
305182	2455
305182	2465
305182	2475
305182	2493
305182	2511
305182	2512
305182	2517
305182	2521
305182	2530
305182	2564
305182	2569
306282	2451
306282	2457
306282	2459
306282	2465
306282	2468
306282	2469
306282	2472
306282	2478
306282	2482
306282	2489
306282	2491
306282	2496
306282	2501
306282	2507
306282	2510
306282	2516
306282	2520
306282	2522
306282	2533
306282	2544
306282	2549
306282	2551
306282	2559
306282	2563
306282	2564
306282	2565
306282	2575
306282	2576
306282	2577
306282	2580
306282	2586
306282	2589
306282	2590
306282	2593
306282	2594
306282	2595
306282	2600
306282	2604
306282	2606
306282	2613
306282	2615
306282	2628
306282	2629
306282	2634
306282	2637
306282	2649
306282	2653
306282	2660
306282	2701
306688	2473
306688	2487
306688	2491
306688	2492
306688	2522
306688	2528
306688	2557
306688	2559
306688	2586
306688	2613
306688	2649
306688	2736
307201	2401
307201	2403
307201	2405
307201	2406
307201	2408
307201	2411
307201	2415
307201	2423
307201	2427
307201	2430
307201	2431
307201	2433
307201	2436
307201	2437
307201	2438
307201	2442
307201	2443
307201	2445
307201	2446
307201	2447
307201	2449
307201	2451
307201	2453
307201	2456
307201	2471
307201	2473
307201	2476
307201	2478
307201	2481
307201	2482
307201	2484
307201	2486
307201	2488
307201	2489
307201	2491
307201	2495
307201	2497
307201	2499
307201	2500
307201	2503
307201	2509
307201	2517
307201	2518
307201	2520
307201	2523
307201	2524
307201	2525
307201	2526
307201	2528
307706	2492
307706	2528
307706	2544
307706	2559
307706	2570
308453	2406
308453	2407
308453	2408
308453	2409
308453	2411
308453	2413
308453	2414
308453	2415
308453	2419
308453	2429
308453	2434
308453	2443
308453	2446
308453	2447
308453	2449
308453	2452
308453	2453
308453	2455
308453	2458
308453	2464
308453	2465
308453	2474
308834	2415
308834	2417
308834	2418
308834	2419
308834	2423
308834	2428
308834	2430
308834	2431
308834	2432
308834	2433
308834	2434
308834	2436
308834	2437
308834	2438
308834	2439
308834	2442
308834	2443
308834	2444
308834	2445
308834	2446
308834	2447
308834	2449
308834	2451
308834	2453
308834	2454
308834	2455
308834	2456
308834	2458
308834	2459
308834	2468
308834	2473
308834	2474
308834	2476
308834	2485
308834	2487
308834	2488
308834	2489
308834	2490
308834	2491
308834	2494
308834	2497
308834	2499
308834	2500
308834	2501
308834	2503
308834	2505
308834	2507
308834	2508
308834	2509
308834	2510
308834	2512
308834	2515
308834	2517
308834	2518
308834	2521
308834	2523
308834	2524
308834	2526
308834	2528
308834	2529
308834	2534
308834	2536
308834	2540
308834	2543
308834	2545
308834	2548
308834	2549
308834	2552
308834	2553
308834	2555
308834	2559
308834	2561
308834	2570
308834	2600
308834	2620
308834	2649
308834	2656
309162	2491
309162	2528
309162	2532
309162	2544
309162	2557
309162	2562
309162	2576
309162	2577
309162	2578
309162	2582
309162	2586
309162	2590
309162	2593
309162	2596
309162	2597
309162	2610
309162	2614
309162	2626
309162	2639
309162	2641
309162	2643
309162	2644
309162	2653
309162	2675
309926	2482
309926	2492
309926	2527
309926	2544
309926	2559
309926	2565
309926	2585
309926	2593
310354	2464
310354	2465
310354	2470
310354	2473
310354	2474
310354	2476
310354	2478
310354	2479
310354	2482
310354	2484
310354	2485
310354	2490
310354	2491
310354	2493
310354	2497
310354	2499
310354	2500
310354	2501
310354	2502
310354	2503
310354	2504
310354	2507
310354	2508
310354	2509
310354	2517
310354	2518
310354	2520
310354	2523
310354	2524
310354	2525
310354	2528
310354	2529
310354	2530
310354	2532
310354	2533
310354	2534
310354	2535
310354	2537
310354	2539
310354	2542
310354	2543
310354	2544
310354	2545
310354	2546
310354	2550
310354	2552
310354	2554
310354	2555
310354	2556
310354	2557
310354	2564
310354	2567
310354	2568
310354	2569
310354	2571
310354	2573
310354	2574
310354	2589
310354	2591
310354	2601
310354	2623
310354	2624
310354	2629
310354	2676
310461	2437
310461	2444
310461	2459
310461	2496
310461	2524
310461	2559
310461	2576
310499	2472
310499	2516
310499	2522
310499	2542
312108	2459
312108	2473
312108	2491
312108	2516
312108	2559
312108	2565
312108	2570
312108	2575
312108	2576
312108	2593
312108	2633
312497	2413
312497	2414
312497	2415
312497	2416
312497	2428
312497	2430
312497	2436
312497	2441
312497	2442
312497	2443
312497	2444
312497	2445
312497	2446
312497	2447
312497	2449
312497	2450
312497	2451
312497	2452
312497	2454
312497	2455
312497	2456
312497	2458
312497	2460
312497	2464
312497	2465
312497	2469
312497	2471
312497	2472
312497	2473
312497	2477
312497	2479
312497	2483
312497	2486
312497	2489
312497	2490
312497	2492
312497	2497
312497	2500
312497	2501
312497	2504
312497	2505
312497	2509
312497	2512
312497	2513
312497	2520
312497	2521
312497	2523
312497	2524
312497	2525
312497	2529
312497	2534
312497	2535
312497	2539
312497	2540
312497	2544
312497	2555
312497	2557
312497	2558
312497	2564
312497	2567
312497	2569
312497	2570
312497	2573
312497	2574
312497	2620
312497	2633
313893	2479
313893	2502
313893	2508
313893	2511
313893	2539
313893	2548
313893	2613
313893	2701
314302	2472
315749	2496
315749	2507
315749	2511
315749	2531
315749	2556
315749	2557
315749	2559
315749	2701
316528	2472
316528	2566
318503	2465
318503	2473
318503	2478
318503	2479
318503	2480
318503	2482
318503	2485
318503	2488
318503	2489
318503	2492
318503	2493
318503	2499
318503	2502
318503	2511
318503	2518
318503	2520
318503	2522
318503	2526
318503	2527
318503	2528
318503	2531
318503	2533
318503	2539
318503	2543
318503	2544
318503	2545
318503	2546
318503	2547
318503	2548
318503	2554
318503	2559
318503	2561
318503	2563
318503	2566
318503	2573
318503	2584
318503	2586
318503	2588
318503	2589
318503	2594
318503	2595
318503	2613
318503	2615
318503	2617
318503	2620
318503	2681
318518	2559
318518	2562
318518	2576
318518	2593
318518	2608
318518	2634
318518	2643
318518	2665
318518	2684
318518	2720
318993	2419
318993	2453
318993	2464
318993	2465
318993	2468
318993	2472
318993	2473
318993	2478
318993	2480
318993	2488
318993	2497
318993	2501
318993	2503
318993	2504
318993	2507
318993	2516
318993	2524
318993	2528
318993	2529
318993	2533
318993	2535
318993	2538
318993	2545
318993	2547
318993	2552
318993	2553
318993	2555
318993	2558
318993	2559
318993	2563
318993	2564
318993	2565
318993	2567
318993	2568
318993	2570
318993	2572
318993	2573
318993	2575
318993	2580
318993	2581
318993	2582
318993	2583
318993	2586
318993	2588
318993	2589
318993	2590
318993	2591
318993	2593
318993	2594
318993	2599
318993	2600
318993	2606
318993	2627
318993	2629
318993	2634
318993	2636
318993	2637
318993	2642
318993	2649
318993	2652
318993	2653
318993	2660
318993	2672
318993	2681
318993	2694
318993	2701
318993	2725
318993	2736
318993	2739
318993	2740
319194	2466
319194	2483
319194	2510
319194	2511
319194	2557
319194	2736
320537	2454
320537	2455
320537	2456
320537	2458
320537	2459
320537	2462
320537	2464
320537	2465
320537	2467
320537	2468
320537	2473
320537	2476
320537	2479
320537	2482
320537	2483
320537	2484
320537	2485
320537	2487
320537	2488
320537	2490
320537	2491
320537	2493
320537	2494
320537	2497
320537	2499
320537	2503
320537	2505
320537	2506
320537	2508
320537	2510
320537	2511
320537	2515
320537	2517
320537	2520
320537	2523
320537	2524
320537	2526
320537	2534
320537	2539
320537	2542
320537	2543
320537	2548
320537	2549
320537	2555
320537	2556
320537	2561
320537	2563
320537	2567
320537	2573
320537	2617
321036	2451
321036	2497
321036	2516
321036	2519
321036	2522
321036	2535
321036	2559
321036	2586
321235	2478
321235	2480
321235	2492
321235	2496
321235	2518
321235	2522
321235	2544
321235	2549
321235	2559
321235	2575
321235	2576
321235	2582
321346	2430
321346	2434
321346	2464
321346	2581
321346	2583
321348	2459
321348	2472
321348	2485
321348	2491
321348	2554
321348	2556
321348	2561
321348	2565
321348	2572
321348	2576
321348	2577
321348	2578
321348	2580
321348	2585
321348	2593
321348	2596
321348	2633
321348	2674
321491	2457
321491	2525
321491	2576
321491	2639
321491	2643
322216	2414
322216	2428
322216	2474
322216	2475
322216	2476
322216	2477
322216	2481
322216	2493
322216	2505
322216	2511
322216	2512
322216	2513
322216	2514
322216	2517
322216	2520
322216	2521
322216	2523
322216	2525
322216	2555
322465	2451
322465	2453
322465	2455
322465	2456
322465	2458
322465	2459
322465	2467
322465	2469
322465	2471
322465	2480
322465	2485
322465	2570
322465	2586
322465	2719
322531	2432
322531	2435
322531	2436
322531	2437
322531	2440
322531	2441
322531	2444
322531	2453
322531	2461
322531	2466
322531	2471
322531	2472
322531	2479
322531	2481
322531	2499
322531	2503
322531	2504
322531	2507
322531	2510
322531	2511
322531	2515
322531	2516
322531	2517
322531	2518
322531	2520
322531	2522
322531	2527
322531	2536
322531	2537
322531	2554
322531	2556
322531	2566
322531	2567
322531	2581
322531	2588
322531	2609
322531	2629
322531	2633
324280	2480
324280	2593
324280	2736
325823	2459
325823	2523
325823	2533
325823	2565
325823	2614
326002	2496
326002	2533
326002	2559
326002	2570
326002	2576
326002	2585
326768	2453
326768	2488
326768	2492
326768	2501
326768	2533
326768	2549
326768	2566
326768	2594
326768	2611
326768	2617
326768	2665
326768	2670
326768	2676
326915	2617
326915	2633
326915	2796
327130	2419
327130	2436
327130	2451
327130	2453
327130	2455
327130	2458
327130	2459
327130	2464
327130	2465
327130	2469
327130	2471
327130	2472
327130	2473
327130	2475
327130	2476
327130	2478
327130	2480
327130	2483
327130	2484
327130	2486
327130	2487
327130	2490
327130	2492
327130	2496
327130	2497
327130	2504
327130	2507
327130	2508
327130	2509
327130	2510
327130	2511
327130	2514
327130	2518
327130	2519
327130	2520
327130	2523
327130	2527
327130	2529
327130	2532
327130	2533
327130	2535
327130	2540
327130	2544
327130	2545
327130	2549
327130	2552
327130	2555
327130	2556
327130	2557
327130	2558
327130	2564
327130	2566
327130	2567
327130	2569
327130	2581
327130	2584
327130	2586
327130	2588
327130	2591
327130	2594
327130	2604
327130	2613
327130	2629
327130	2646
327130	2649
327130	2681
327130	2701
327130	2736
327999	2487
327999	2518
327999	2544
327999	2588
329126	2532
330387	2468
330387	2479
330387	2488
330387	2489
330387	2516
330387	2559
330387	2586
330407	2465
330407	2478
330407	2484
330407	2491
330407	2492
330407	2493
330407	2496
330407	2497
330407	2504
330407	2508
330407	2518
330407	2533
330407	2543
330407	2544
330407	2546
330407	2547
330407	2549
330407	2553
330407	2559
330407	2565
330407	2566
330407	2567
330407	2568
330407	2570
330407	2582
330407	2586
330407	2588
330407	2593
330407	2600
330407	2615
330407	2653
330407	2660
330407	2736
332101	2510
332101	2530
332101	2576
332101	2586
332101	2593
332101	2596
332101	2633
332204	2542
332204	2565
332204	2590
332204	2619
332204	2637
332204	2652
332204	2739
332346	2442
332346	2443
332346	2444
332346	2445
332346	2446
332346	2447
332346	2449
332346	2451
332346	2453
332346	2454
332346	2456
332346	2458
332346	2459
332346	2460
332346	2464
332346	2465
332346	2467
332346	2469
332346	2472
332346	2473
332346	2478
332346	2481
332346	2484
332346	2496
332346	2499
332346	2526
332346	2534
332346	2567
332346	2617
332346	2641
334571	2457
334571	2489
334571	2492
334571	2514
334571	2516
334571	2519
334571	2522
334571	2523
334571	2542
334571	2587
334705	2475
334705	2480
334705	2500
334705	2535
334998	2599
334998	2634
