1750	367
1750	395
1750	396
1750	397
1750	416
1750	438
1750	440
1750	460
1750	469
1791	325
1791	382
1791	390
1791	406
1791	411
1791	414
2068	319
2068	359
2068	377
2068	396
2068	410
2068	442
2068	480
3306	284
3306	330
3306	336
3306	367
3306	391
3306	396
3306	405
3306	408
3306	416
3306	419
3306	436
3306	450
3651	282
3651	318
3651	401
3651	448
3892	284
3892	309
3892	313
3892	332
3892	344
3892	363
3892	383
3892	407
3892	410
3892	413
3892	425
3892	460
3892	505
4805	331
4805	340
4805	348
4805	376
4805	402
4966	284
4966	325
4966	396
4966	406
4966	407
4966	416
4966	436
4966	468
4966	469
4966	486
4966	495
4966	505
4966	525
6237	423
6648	282
6648	284
6648	299
6648	313
6648	318
6648	336
6648	341
6648	346
6648	349
6648	362
6648	363
6648	367
6648	370
6648	376
6648	391
6648	395
6648	407
6648	408
6648	410
6648	416
6648	419
6648	423
6648	425
6648	436
6690	324
6690	376
6690	379
6690	395
6690	396
6690	405
6690	407
6690	410
6690	425
6690	429
6690	440
6690	493
6690	505
6935	273
6935	313
6935	381
6935	383
6935	391
6935	396
6935	417
7146	396
7146	419
7146	436
7490	330
7490	342
7490	350
7490	374
7490	375
7490	376
7490	378
7490	396
7490	458
7784	275
7784	276
7784	359
7784	467
7784	595
7808	284
7808	289
7808	299
7808	302
7808	307
7808	315
7808	324
7808	332
7808	336
7808	338
7808	341
7808	344
7808	346
7808	349
7808	352
7808	353
7808	355
7808	356
7808	360
7808	362
7808	367
7808	394
7808	395
7808	396
7808	397
7808	399
7808	404
7808	405
7808	407
7808	408
7808	409
7808	416
7808	419
7808	425
7808	429
7808	436
7808	438
7808	448
7808	449
7808	474
7808	505
7886	725
7886	1105
7886	1352
7886	2333
7886	324
7886	329
7886	348
7886	351
7886	367
7886	378
7886	396
7886	404
7886	416
7886	418
7886	436
7886	438
7886	439
7886	451
7886	455
7886	460
7886	480
7886	505
9386	267
9386	269
9386	271
9386	273
9386	278
9386	280
9386	283
9386	288
9386	291
9386	292
9386	295
9386	299
9386	300
9386	301
9386	302
9386	304
9386	309
9386	310
9386	311
9386	312
9386	313
9386	315
9386	319
9386	322
9386	325
9386	326
9386	327
9386	328
9386	329
9386	330
9386	331
9386	333
9386	338
9386	339
9386	341
9386	342
9386	345
9386	347
9386	348
9386	349
9386	350
9386	352
9386	354
9386	361
9386	363
9386	364
9386	365
9386	367
9386	371
9386	372
9386	374
9386	375
9386	380
9386	382
9919	313
9919	370
9919	374
9919	388
9919	410
10031	309
10031	346
10031	362
10031	377
10031	396
10031	410
10031	419
10031	425
10031	457
10223	291
10223	300
10223	302
10223	304
10223	305
10223	307
10223	312
10223	313
10223	322
10223	323
10223	325
10223	327
10223	331
10223	335
10223	337
10223	340
10223	342
10223	349
10223	352
10223	354
10223	355
10223	359
10223	361
10223	363
10223	364
10223	367
10223	369
10223	375
10223	378
10223	382
10223	390
10223	391
10223	393
10223	397
10223	398
10223	401
10223	402
10223	404
10223	416
10252	367
10252	376
10252	381
10252	385
10252	388
10252	395
10252	396
10252	410
10252	413
10252	416
10252	418
10252	423
10252	430
10252	436
10252	438
10252	440
10252	446
10252	449
10252	454
10252	460
10252	466
10252	476
10252	480
10252	510
11945	330
11945	373
11945	393
11945	407
11945	420
12604	1640
12604	376
12604	386
12604	408
12604	419
13361	282
13361	313
13361	396
13361	410
13361	414
13361	419
13361	436
13361	454
13361	466
13361	497
15947	273
15947	282
15947	284
15947	309
15947	350
15947	363
15947	370
15947	420
15947	455
15947	460
15947	505
15947	507
16033	313
16033	363
16033	416
16033	436
16339	264
16339	267
16339	275
16339	282
16339	284
16339	287
16339	289
16339	302
16339	309
16339	313
16339	315
16339	317
16339	318
16339	321
16339	325
16339	328
16339	337
16339	338
16339	339
16339	341
16339	342
16339	346
16339	349
16339	352
16339	370
16339	383
16339	398
16339	403
16339	406
16339	425
16339	428
16339	440
16339	442
16339	445
16339	509
16385	376
16385	410
16385	423
16385	457
17064	273
17064	282
17064	289
17064	318
17064	324
17064	328
17064	330
17064	341
17064	346
17064	352
17064	368
17064	369
17064	402
17064	419
17064	423
17064	428
17064	509
18825	284
18825	376
18825	408
18825	425
19141	282
19141	307
19141	352
19141	367
19141	370
19141	376
19141	410
19141	419
19141	436
20447	327
20447	332
20447	336
20447	352
20447	353
20447	356
20447	359
20447	362
20447	363
20447	365
20447	367
20447	375
20447	381
20447	384
20447	386
20447	391
20447	395
20447	396
20447	404
20447	405
20447	407
20447	408
20447	409
20447	410
20447	416
20447	417
20447	419
20447	423
20447	425
20447	429
20447	434
20447	436
20447	451
20447	455
20447	460
23192	307
23192	343
24134	324
24134	330
24134	336
24134	350
24134	360
24134	367
24134	399
24134	416
24134	419
24134	425
24134	448
24134	458
24217	376
24217	411
24217	452
24217	521
24217	537
24371	284
24371	289
24371	304
24371	309
24371	314
24371	316
24371	324
24371	325
24371	328
24371	329
24371	330
24371	336
24371	337
24371	339
24371	340
24371	341
24371	343
24371	346
24371	348
24371	351
24371	352
24371	361
24371	363
24371	368
24371	370
24371	373
24371	375
24371	376
24371	377
24371	380
24371	384
24371	392
24371	393
24371	394
24371	395
24371	396
24371	402
24371	403
24371	404
24371	408
24371	409
24371	410
24371	416
24371	419
24371	422
24371	431
24371	434
24371	437
24371	438
24371	439
24371	443
24371	448
24371	450
24371	458
24371	459
24371	497
24371	505
24371	509
24371	524
26712	280
26712	289
26712	291
26712	309
26712	313
26712	316
26712	325
26712	329
26712	334
26712	335
26712	337
26712	342
26712	343
26712	344
26712	377
26712	379
26712	380
26712	385
26712	436
26712	450
27321	339
27321	348
27321	363
27321	385
27321	388
27321	407
27321	416
27321	423
27321	438
27501	284
27501	396
27501	405
29255	234
29255	235
29255	240
29255	249
29255	250
29255	252
29255	256
29255	271
29255	273
29255	274
29255	276
29255	277
29255	279
29255	285
29255	286
29255	287
29255	288
29255	289
29255	290
29255	291
29255	294
29255	296
29255	299
29255	300
29255	301
29255	302
29255	304
29255	305
29255	307
29255	308
29255	309
29255	311
29255	312
29255	313
29255	315
29255	316
29255	324
29255	325
29255	326
29255	327
29255	329
29255	330
29255	331
29255	334
29255	335
29255	337
29255	338
29255	343
29255	345
29255	346
29255	349
29255	350
29255	351
29255	352
29255	353
29255	355
29255	356
29255	358
29255	359
29255	361
29255	362
29255	363
29255	367
29255	368
29255	369
29255	370
29255	372
29255	374
29255	375
29255	378
29255	405
29255	407
29255	409
29778	346
29778	363
29778	376
29778	395
29778	396
29778	405
29778	410
29778	416
29778	423
29778	436
29778	455
29778	460
29778	537
30733	376
30733	448
30733	454
30733	521
30733	537
33540	284
33540	287
33540	289
33540	302
33540	341
33540	356
33540	370
33540	410
33540	445
34154	284
34154	336
34154	341
34154	362
34154	367
34154	394
34154	407
34154	409
34154	410
34154	416
34154	419
34154	425
34154	436
34611	323
34611	442
35478	269
35478	271
35478	273
35478	274
35478	289
35478	325
35478	328
35478	333
35478	335
35478	338
35478	339
35478	340
35478	342
35478	345
35478	347
35478	350
35478	353
35478	355
35478	356
35478	358
35478	363
35478	367
35478	368
35478	374
35478	375
35478	378
35478	379
35478	385
35478	404
35478	405
35478	407
35478	412
35478	413
35478	417
35478	418
35478	420
35478	424
35478	425
35478	427
35478	430
35478	431
35478	434
35478	435
35478	442
35478	464
35713	310
35713	336
35713	382
35713	396
35713	425
35966	355
35966	367
35966	396
35966	405
35966	407
35966	419
35966	468
36790	336
36790	416
36790	419
36790	423
36790	436
37043	789
37043	317
37043	354
37043	362
37043	372
37043	392
37043	398
37043	402
37043	407
37043	442
37043	458
38013	341
38013	346
38013	361
38013	367
38013	370
38013	373
38013	375
38013	378
38013	379
38013	385
38013	389
38013	394
38013	397
38013	401
38013	403
38013	409
38013	413
38013	414
38013	421
38013	429
38013	433
38013	448
38013	458
38479	284
38479	299
38479	302
38479	309
38479	313
38479	314
38479	318
38479	324
38479	325
38479	330
38479	336
38479	337
38479	338
38479	339
38479	340
38479	341
38479	343
38479	346
38479	347
38479	348
38479	351
38479	354
38479	359
38479	360
38479	361
38479	362
38479	363
38479	365
38479	367
38479	368
38479	369
38479	370
38479	374
38479	375
38479	376
38479	377
38479	378
38479	379
38479	380
38479	384
38479	385
38479	386
38479	390
38479	391
38479	392
38479	395
38479	396
38479	398
38479	399
38479	405
38479	407
38479	409
38479	410
38479	411
38479	412
38479	414
38479	416
38479	417
38479	419
38479	420
38479	425
38479	428
38479	429
38479	431
38479	434
38479	437
38479	438
38479	442
38479	443
38479	445
38479	448
38479	450
38479	458
38479	459
38479	472
38479	493
38479	505
38479	509
39142	338
39142	358
39142	362
39142	363
39142	367
39142	381
39142	396
39142	416
39142	419
39142	427
39142	436
39142	455
39142	460
39142	493
39275	284
39275	304
39275	318
39275	363
39275	381
39275	396
39275	442
40242	291
40242	306
40242	313
40242	315
40242	317
40242	318
40242	322
40242	323
40242	325
40242	335
40242	341
40242	437
40556	307
40556	416
40556	419
40556	423
40556	436
40556	443
40963	284
40963	289
40963	302
40963	307
40963	324
40963	344
40963	368
40963	376
40963	410
40963	420
40963	448
40963	454
43096	410
43096	413
43096	460
43362	309
43362	311
43362	312
43362	313
43362	314
43362	315
43362	316
43362	317
43362	320
43362	322
43362	323
43362	324
43362	325
43362	326
43362	327
43362	328
43362	329
43362	330
43362	333
43362	335
43362	337
43362	339
43362	341
43362	342
43362	343
43362	346
43362	347
43362	348
43362	350
43362	351
43362	353
43362	354
43362	355
43362	356
43362	358
43362	361
43362	362
43362	363
43362	365
43362	367
43362	368
43362	370
43362	373
43362	374
43362	375
43362	377
43362	378
43362	379
43362	384
43362	385
43362	387
43362	388
43362	390
43362	395
43362	397
43362	398
43362	399
43362	402
43362	403
43362	404
43362	407
43362	408
43362	412
43362	413
43362	414
43362	415
43362	417
43362	421
43362	428
43362	430
43362	431
43362	433
43362	443
43362	448
43362	449
43362	460
48570	408
49279	273
49279	284
49279	302
49279	310
49279	318
49279	324
49279	341
49279	343
49279	344
49279	349
49279	362
49279	363
49279	367
49279	377
49279	382
49279	383
49279	386
49279	392
49279	398
49279	407
49279	411
49279	420
49279	425
49279	442
49508	363
49508	370
49508	411
49508	426
49508	431
49508	449
49763	341
49763	362
49763	367
49763	369
49763	408
49763	416
49763	445
49763	509
49939	250
49939	252
49939	253
49939	257
49939	258
49939	263
49939	265
49939	267
49939	268
49939	271
49939	273
49939	274
49939	277
49939	283
49939	285
49939	288
49939	289
49939	290
49939	292
49939	300
49939	301
49939	302
49939	304
49939	309
49939	322
49939	324
49939	330
49939	331
49939	335
49939	341
49939	345
49939	355
49939	357
49939	361
49939	362
49939	364
49939	366
49939	367
49939	371
49939	372
49939	374
49939	375
49939	382
49939	385
49939	386
49939	388
50354	299
50354	300
50354	301
50354	302
50354	304
50354	305
50354	307
50354	309
50354	311
50354	312
50354	313
50354	322
50354	323
50354	325
50354	326
50354	327
50354	329
50354	331
50354	335
50354	337
50354	338
50354	339
50354	340
50354	341
50354	342
50354	345
50354	346
50354	347
50354	349
50354	350
50354	352
50354	354
50354	355
50354	358
50354	362
50354	367
50354	368
50354	369
50354	370
50354	374
50354	375
50354	379
50354	380
50354	382
50354	383
50354	385
50354	391
50354	393
50354	398
50354	401
50354	403
50354	404
50354	405
50354	407
50354	412
50354	413
50354	417
50714	284
50714	416
51394	363
51394	367
51394	395
51394	396
51394	405
51394	408
51394	416
51394	420
51394	436
51394	444
51394	455
51394	460
51394	464
51394	468
51394	470
51394	482
51394	498
51394	510
51394	515
51394	537
51408	336
51408	395
51408	396
51408	419
51408	436
51408	460
51566	360
51566	375
51566	410
51566	423
51566	455
51566	456
51566	460
51581	336
51581	339
51581	363
51581	370
51581	376
51581	395
51581	402
51581	404
51581	405
51581	416
51581	418
51581	420
51581	422
51581	439
51581	442
51581	444
51581	449
51581	452
51581	454
51581	455
51581	457
51581	460
51581	462
51581	468
51581	470
51581	471
51581	480
51581	505
51581	521
51581	537
51581	541
51581	542
54970	282
54970	284
54970	302
54970	307
54970	310
54970	318
54970	341
54970	342
54970	349
54970	350
54970	352
54970	363
54970	367
54970	370
54970	381
54970	383
54970	386
54970	388
54970	390
54970	396
54970	407
54970	410
54970	411
54970	416
54970	419
54970	428
54970	429
54970	435
54970	436
54970	443
54970	454
54970	480
54970	505
55063	313
55063	324
55063	325
55063	330
55063	339
55063	340
55063	342
55063	360
55063	362
55063	368
55063	374
55063	375
55063	376
55063	379
55063	384
55063	387
55063	388
55063	393
55063	402
55063	405
55063	409
55063	417
55063	419
55063	429
55063	442
55063	448
55063	454
55063	459
55401	344
55634	273
55634	280
55634	284
55634	336
55634	338
55634	341
55634	356
55634	367
55634	376
55634	395
55634	396
55634	405
55634	410
55634	416
55634	419
55634	423
55634	425
55634	436
55634	460
55828	289
55828	307
55828	363
55828	410
55828	419
55828	425
55828	460
55828	517
56783	336
56783	370
56783	381
56783	405
56783	419
56783	436
57311	249
57311	252
57311	257
57311	262
57311	263
57311	264
57311	268
57311	269
57311	271
57311	274
57311	285
57311	287
57311	290
57311	296
57311	299
57311	300
57311	307
57311	309
57311	310
57311	311
57311	312
57311	313
57311	315
57311	316
57311	317
57311	319
57311	322
57311	323
57311	324
57311	325
57311	327
57311	328
57311	329
57311	330
57311	331
57311	335
57311	336
57311	337
57311	338
57311	339
57311	340
57311	341
57311	342
57311	343
57311	344
57311	345
57311	346
57311	347
57311	349
57311	358
57311	361
57311	362
57311	364
57311	366
57311	367
57311	368
57311	369
57311	370
57311	371
57311	372
57311	375
58236	324
58236	370
58236	381
58236	396
58236	408
58236	410
59154	631
59154	1103
59154	273
59154	282
59154	284
59154	336
59154	348
59154	362
59154	376
59154	396
59154	407
59154	416
59154	419
59154	423
59154	471
59154	501
59154	537
59154	566
59154	567
59154	591
59266	284
59266	318
59266	336
59266	341
59266	362
59266	370
59266	405
59266	416
59266	419
59266	425
59266	480
59323	284
59323	336
59323	346
59323	362
59323	396
59323	419
59323	425
59733	309
59733	318
59733	336
59733	341
59733	344
59733	358
59733	359
59733	360
59733	362
59733	367
59733	380
59733	384
59733	407
59733	409
59733	413
59733	419
59733	423
59733	428
59733	438
59733	460
60244	799
60244	336
60244	370
60244	395
60244	396
60244	410
60244	416
60244	417
60244	419
60244	423
60244	436
60244	455
60244	460
60597	336
60597	362
60597	370
60597	396
60597	404
60597	414
60597	416
60597	419
60597	455
60597	456
60986	436
61760	325
61760	362
61760	407
61760	419
61760	425
61892	324
61892	342
61892	408
61892	442
62161	348
62161	363
62161	365
62161	369
62161	392
62161	431
62161	434
62161	443
62161	448
62341	284
62341	299
62341	307
62341	309
62341	311
62341	315
62341	316
62341	318
62341	329
62341	330
62341	332
62341	338
62341	341
62341	343
62341	346
62341	356
62341	358
62341	361
62341	363
62341	365
62341	367
62341	368
62341	370
62341	375
62341	376
62341	377
62341	379
62341	380
62341	382
62341	384
62341	387
62341	388
62341	393
62341	394
62341	395
62341	396
62341	404
62341	408
62341	409
62341	410
62341	411
62341	412
62341	413
62341	417
62341	418
62341	420
62341	423
62341	427
62341	429
62341	430
62341	435
62341	436
62341	443
62341	448
62341	449
62341	450
62341	454
62341	458
62341	459
62341	472
62341	480
63772	284
63772	329
63772	376
63772	412
63772	442
64080	376
64080	404
64080	410
64080	426
64080	448
64080	458
64080	497
64829	325
65398	242
65398	250
65398	253
65398	256
65398	260
65398	265
65398	267
65398	268
65398	269
65398	271
65398	273
65398	274
65398	279
65398	280
65398	281
65398	283
65398	285
65398	289
65398	305
65398	309
65398	311
65398	313
65398	317
65398	322
65398	323
65398	324
65398	325
65398	326
65398	328
65398	329
65398	330
65398	334
65398	335
65398	336
65398	339
65398	340
65398	341
65398	342
65398	343
65398	345
65398	347
65398	349
65398	352
65398	354
65398	355
65398	357
65398	361
65398	362
65398	365
65398	367
65398	371
65398	372
65398	375
65398	378
65398	399
65398	431
65398	434
65398	442
65398	448
65398	459
65398	474
66068	396
66068	426
66068	459
67353	309
67353	318
67353	359
67353	367
67353	370
67353	416
67353	428
67461	313
67461	314
67461	325
67461	336
67461	339
67461	342
67461	345
67461	346
67461	348
67461	358
67461	361
67461	363
67461	367
67461	373
67461	375
67461	376
67461	378
67461	381
67461	390
67461	392
67461	393
67461	396
67461	402
67461	404
67461	406
67461	407
67461	408
67461	409
67461	410
67461	411
67461	412
67461	416
67461	417
67461	419
67461	429
67461	431
67461	436
67461	442
67461	505
67976	363
67976	367
67976	388
67976	406
69326	342
69326	343
69326	436
69367	282
69367	307
69367	376
69367	393
70527	284
70527	348
70527	365
70527	380
70527	406
70527	419
70527	436
70527	460
70725	313
70725	370
70725	396
70725	399
70725	402
70725	410
70725	419
70725	425
74146	420
74489	297
74489	304
74489	318
74489	328
74489	363
74489	382
74489	411
74489	412
74489	414
74489	418
74489	419
74489	442
75277	324
75277	336
75277	339
75277	340
75277	346
75277	361
75277	362
75277	370
75277	373
75277	378
75277	379
75277	390
75277	394
75277	407
75277	408
75277	410
75277	411
75277	417
75277	419
75277	429
75277	436
75277	438
75277	443
75277	460
75729	1363
75729	3280
75729	313
75729	314
75729	315
75729	325
75729	335
75729	336
75729	340
75729	342
75729	345
75729	351
75729	358
75729	381
75729	399
75729	402
75729	412
75729	419
75729	431
76710	299
76710	311
76710	315
76710	323
76710	342
76710	352
76710	386
76710	388
76710	395
76770	336
76770	346
76770	358
76770	362
76770	363
76770	367
76770	380
76770	394
76770	395
76770	396
76770	404
76770	405
76770	416
76770	417
76770	419
76770	423
76770	436
76770	438
76903	260
76903	262
76903	263
76903	266
76903	274
76903	276
76903	279
76903	283
76903	286
76903	295
76903	308
76903	336
76903	343
76903	344
76903	346
76903	349
76903	353
76903	356
76903	363
76903	371
76903	374
76903	375
76903	376
76903	388
76903	391
76903	392
76903	410
76903	434
76903	455
76903	458
76903	461
76903	476
76903	483
76903	521
76903	557
77722	272
77722	274
77722	275
77722	276
77722	277
77722	285
77722	287
77722	289
77722	290
77722	291
77722	294
77722	299
77722	302
77722	304
77722	305
77722	313
77722	314
77722	315
77722	316
77722	317
77722	322
77722	324
77722	325
77722	327
77722	328
77722	329
77722	335
77722	340
77722	341
77722	343
77722	348
77722	349
77722	351
77722	353
77722	361
77722	362
77722	364
77722	365
77722	366
77722	367
77722	368
77735	315
77735	466
77735	530
79123	1404
79123	282
79123	367
79123	408
79123	425
79123	434
79123	460
80640	284
80640	287
80640	302
80640	313
80640	316
80640	320
80640	324
80640	325
80640	328
80640	336
80640	346
80640	356
80640	359
80640	360
80640	376
80640	384
80640	385
80640	386
80640	391
80640	392
80640	402
80640	403
80640	404
80640	407
80640	409
80640	418
80640	424
80640	428
80640	429
80640	430
80640	431
80640	435
80640	436
80640	439
80640	440
80640	448
80640	450
80640	459
80640	462
80640	467
80640	472
80640	476
80640	479
80640	481
80640	483
80640	489
80640	497
80640	505
80640	516
80640	537
83962	282
83962	284
83962	291
83962	329
83962	396
83962	416
83962	434
83962	436
83962	455
84151	395
84151	410
84151	416
84151	423
84151	480
85202	256
85202	346
86243	299
86243	332
86243	341
86243	460
86809	381
86809	396
86809	442
86809	455
86809	537
87923	266
87923	282
87923	284
87923	289
87923	290
87923	302
87923	307
87923	310
87923	318
87923	336
87923	341
87923	352
87923	355
87923	356
87923	362
87923	376
87923	381
87923	382
87923	395
87923	396
87923	404
87923	407
87923	412
87923	413
87923	416
87923	420
87923	423
87923	425
87923	436
87923	440
87923	442
87923	450
87923	455
87923	456
87923	457
87923	460
87923	468
89465	336
89465	362
89465	416
89465	419
89465	455
89465	456
90015	643
90015	710
90015	257
90015	258
90015	263
90015	273
90015	287
90015	289
90015	291
90015	300
90015	301
90015	302
90015	305
90015	307
90015	309
90015	311
90015	313
90015	316
90015	321
90015	327
90015	331
90015	339
90015	343
90015	345
90015	349
90015	352
90015	353
90015	362
90015	363
90015	366
90015	367
90015	368
90015	372
90015	375
90015	377
90015	382
90015	397
90015	404
90015	405
90015	407
90015	412
90015	413
90015	415
90015	416
90015	417
90015	418
90015	420
90015	423
90015	425
90015	427
90015	434
90015	440
90015	442
90015	446
90015	450
90015	458
90015	462
90015	494
92675	256
92675	289
92675	349
92675	375
92675	406
94173	297
94173	315
94173	406
94173	411
94173	413
94173	425
94173	431
94528	336
94528	343
94528	345
94528	346
94528	361
94528	362
94528	363
94528	367
94528	376
94528	378
94528	386
94528	388
94528	394
94528	395
94528	396
94528	404
94528	405
94528	406
94528	407
94528	408
94528	410
94528	411
94528	416
94528	419
94528	436
94528	438
94528	442
94528	448
94528	450
94528	468
94528	469
94528	482
94528	484
94528	492
94528	495
94528	496
94528	498
94528	501
94528	502
94528	505
94528	506
94528	510
94528	517
94528	518
94528	523
94528	525
94528	528
94528	531
94528	535
94528	542
95924	431
95947	367
95947	405
95947	408
95947	416
95947	419
95947	423
95947	436
95947	455
95947	460
95947	461
95947	476
95947	498
96523	678
96523	289
96523	294
96523	305
96523	312
96523	322
96523	338
96523	342
96523	352
96523	353
96523	359
96523	361
96523	363
96523	364
96523	402
96523	413
96523	415
96523	418
96523	420
96523	421
96523	422
96523	425
96523	428
96523	434
96523	444
96523	473
96523	476
96523	485
96523	487
96523	491
96523	493
96523	505
96523	539
96523	543
96523	545
96523	561
96523	601
96523	602
96523	606
97254	284
97254	360
97254	362
97254	397
97254	407
97254	419
97254	436
98300	273
98300	282
98300	284
98300	289
98300	324
98300	341
98300	346
98300	353
98300	376
98300	391
98300	396
98300	405
98300	410
98300	416
98300	419
98300	423
98300	460
99994	291
99994	294
99994	326
99994	356
99994	358
99994	368
99994	374
99994	376
99994	379
99994	380
99994	384
99994	392
99994	412
99994	413
99994	444
99994	499
99994	525
99994	537
101035	244
101035	269
101035	296
101035	299
101035	301
101035	302
101035	305
101035	306
101035	309
101035	310
101035	312
101035	313
101035	314
101035	316
101035	317
101035	322
101035	323
101035	325
101035	327
101035	330
101035	339
101035	342
101035	346
101035	347
101035	349
101035	351
101035	352
101035	360
101035	365
101035	372
101035	373
101035	377
101035	395
101035	397
101035	399
101035	410
101035	412
101035	425
101035	429
101035	448
102218	419
102218	455
102218	517
102431	251
102431	266
102431	267
102431	272
102431	273
102431	275
102431	290
102431	291
102431	304
102431	308
102431	310
102431	322
102431	324
102431	329
102431	339
102431	345
102431	346
102431	349
102431	351
102431	365
102431	372
102431	376
102431	403
102431	420
103576	416
103576	468
106844	318
106844	334
106844	396
106844	407
106844	436
106844	443
107086	1198
107086	1205
107086	1677
107086	300
107086	318
107086	340
107086	342
107086	347
107086	358
107086	368
107086	388
107086	411
107086	480
107086	490
107155	405
107155	436
110238	376
110510	236
110510	240
110510	241
110510	244
110510	256
110510	267
110510	269
110510	291
110510	310
110510	324
110510	325
110510	329
110510	330
110510	333
110510	334
110510	335
110510	338
110510	345
110510	347
110510	348
110510	350
110510	351
110510	352
110510	355
110510	371
110510	379
110510	403
110510	413
110510	417
110510	450
110510	505
110545	372
110545	378
110545	383
110545	418
110545	456
110545	537
111058	282
111058	284
111058	315
111058	342
111058	358
111058	363
111058	367
111058	407
111058	419
111058	423
111058	436
111290	300
111290	302
111290	305
111290	313
111290	315
111290	316
111290	323
111290	324
111290	325
111290	326
111290	329
111290	330
111290	331
111290	335
111290	340
111290	341
111290	343
111290	345
111290	349
111290	354
111290	355
111290	366
111290	367
111290	368
111290	369
111290	371
111290	372
111290	373
111290	374
111290	375
111290	380
111290	381
111290	382
111290	385
111290	386
111290	387
111290	393
111290	395
111290	396
111290	398
111290	399
111290	401
111290	402
111290	404
111290	405
111290	407
111290	413
111290	414
111290	417
111290	418
111290	423
111290	425
111290	427
111290	429
111290	433
111290	434
111290	435
111290	440
111290	446
111290	447
111290	448
111290	450
111290	452
112430	282
112430	284
112430	336
112430	353
112430	362
112430	383
112430	391
112430	407
112430	410
112430	419
112430	423
112430	425
112430	438
112430	448
113007	318
113007	367
113007	416
113007	436
113173	416
113173	435
113173	455
113217	285
113217	287
113217	288
113217	289
113217	290
113217	291
113217	292
113217	293
113217	294
113217	295
113217	296
113217	299
113217	300
113217	301
113217	302
113217	304
113217	305
113217	309
113217	311
113217	312
113217	313
113217	314
113217	315
113217	317
113217	318
113217	319
113217	321
113217	322
113217	323
113217	324
113217	325
113217	329
113217	330
113217	332
113217	335
113217	337
113217	338
113217	339
113217	342
113217	344
113217	345
113217	346
113217	347
113217	348
113217	349
113217	351
113217	353
113217	354
113217	355
113217	356
113217	361
113217	362
113217	364
113217	368
113217	369
113217	373
113217	374
113217	377
113217	379
113217	380
113217	382
113217	385
113217	386
113217	387
113217	391
113217	393
113217	395
113217	402
113217	405
113217	407
113217	409
113217	412
113217	414
113217	417
113217	418
113217	422
113217	423
113217	425
113217	426
113217	427
113217	428
113217	429
113217	430
113217	431
113217	435
113217	439
113217	442
113217	446
113217	449
113217	454
113217	489
113217	493
113217	497
114161	284
114161	344
114161	367
114161	408
114161	413
114161	419
114161	436
114908	372
114908	405
114908	423
114908	456
114908	460
114908	480
114908	524
116322	390
116322	396
116322	423
118125	303
118125	390
118125	411
118125	436
118125	471
118320	282
118320	284
118320	343
118320	363
118320	370
118320	411
118320	416
118320	442
118476	1181
118476	2081
118476	336
118476	367
118476	395
118476	396
118476	416
118522	320
118522	324
118522	325
118522	330
118522	340
118522	342
118522	345
118522	351
118522	354
118522	365
118522	375
118522	376
118522	381
118522	384
118522	386
118522	387
118522	391
118522	392
118522	395
118522	402
118522	410
118522	412
118522	416
118522	419
118522	423
118522	426
118522	427
118522	429
118522	431
118522	434
118522	435
118522	436
118522	437
118522	455
118522	456
118522	458
118522	460
118522	472
118522	474
118522	480
118522	489
118522	498
121103	336
121103	358
121103	365
121103	396
121103	408
121103	410
121103	416
121103	419
121103	454
121103	460
124345	396
124345	404
124345	406
124345	427
124345	467
124345	480
126485	336
126485	346
126485	360
126485	367
126485	380
126485	384
126485	394
126485	395
126485	396
126485	397
126485	405
126485	416
126485	423
126485	426
126485	436
126485	438
126485	450
126485	460
126606	299
126606	315
126606	332
126606	356
126606	374
126606	410
126606	413
126606	418
126606	449
126606	454
126606	457
126606	486
126606	496
126606	506
126623	324
126623	330
126623	391
126623	408
127739	273
127739	318
127739	336
127739	352
127739	356
127739	370
127739	375
127739	378
127739	405
127739	416
127739	417
127739	419
127739	436
127739	450
127739	460
127739	509
127771	2226
127771	240
127771	330
127771	334
127771	343
127771	346
127771	358
127771	360
127771	373
127771	374
127771	376
127771	379
127771	384
127771	395
127771	402
127771	404
127771	412
127771	413
127771	440
127771	442
127771	460
127771	461
129511	284
129511	312
129511	344
129511	361
129511	372
129511	375
129511	379
129511	385
129511	410
129511	479
130091	435
130099	273
130099	284
130099	407
130099	410
130316	763
130316	321
130316	332
130316	339
130316	381
130316	388
130316	406
130316	407
130316	414
130316	419
130316	424
130316	453
130316	493
130316	545
130838	305
130838	312
130838	322
130838	331
130838	349
130838	350
130838	352
130838	353
130838	355
130838	382
130838	401
131285	336
131285	339
131285	362
131285	367
131285	381
131285	386
131285	388
131285	394
131285	396
131285	405
131285	406
131285	407
131285	410
131285	416
131285	423
131285	436
131285	438
131285	439
131285	448
131285	480
131532	325
131532	336
131532	358
131532	362
131532	367
131532	407
131532	412
131532	416
131532	419
131532	420
131532	423
131532	448
131594	304
131594	315
131594	327
131594	336
131594	337
131594	348
131594	353
131594	365
131594	369
131594	370
131594	390
131594	393
131594	396
131594	406
131594	407
131594	409
131594	410
131594	438
131594	456
131594	480
132423	242
132423	257
132423	258
132423	263
132423	269
132423	270
132423	271
132423	272
132423	273
132423	275
132423	276
132423	277
132423	279
132423	286
132423	287
132423	288
132423	289
132423	291
132423	292
132423	294
132423	295
132423	296
132423	299
132423	300
132423	301
132423	302
132423	304
132423	305
132423	307
132423	309
132423	310
132423	312
132423	313
132423	316
132423	320
132423	323
132423	324
132423	325
132423	327
132423	330
132423	331
132423	332
132423	335
132423	337
132423	339
132423	340
132423	341
132423	342
132423	343
132423	345
132423	348
132423	349
132423	352
132423	353
132423	354
132423	355
132423	361
132423	363
132423	364
132423	365
132423	366
132423	367
132423	368
132423	369
132423	374
132740	302
132740	313
132740	314
132740	330
132740	332
132740	342
132740	346
132740	356
132740	361
132740	376
132740	379
132740	386
132740	391
132740	395
132740	405
132740	407
132740	410
132740	418
132740	419
132740	427
132740	429
132740	460
132740	479
132740	497
132740	557
133195	284
133195	299
133195	302
133195	309
133195	318
133195	332
133195	341
133195	370
133195	374
133195	383
133195	386
133195	404
133195	443
133378	252
133378	271
133378	272
133378	274
133378	275
133378	276
133378	277
133378	280
133378	281
133378	283
133378	286
133378	287
133378	291
133378	294
133378	302
133378	304
133378	305
133378	307
133378	309
133378	310
133378	311
133378	313
133378	315
133378	316
133378	317
133378	318
133378	319
133378	320
133378	322
133378	323
133378	324
133378	325
133378	327
133378	328
133378	334
133378	335
133378	336
133378	340
133378	341
133378	343
133378	348
133378	349
133378	353
133378	361
133378	363
133378	364
133378	365
133378	367
133378	368
133378	369
133378	375
133378	384
133378	385
133378	387
133378	388
133378	390
133378	425
133378	434
133378	485
133512	313
133512	324
133512	376
133512	396
133512	410
133512	419
133512	431
133512	537
133746	269
133746	270
133746	273
133746	281
133746	285
133746	320
133746	331
133746	332
133746	333
133746	342
133746	352
133746	436
133746	493
133788	314
133788	315
133788	346
133788	362
133788	376
133788	393
133788	396
133788	405
133788	416
133788	429
133788	431
133788	436
133788	437
133788	460
136252	754
136252	2383
136252	324
136252	354
136252	381
136953	299
136953	300
136953	301
136953	302
136953	305
136953	306
136953	309
136953	312
136953	313
136953	317
136953	318
136953	322
136953	323
136953	324
136953	325
136953	328
136953	331
136953	335
136953	336
136953	348
136953	349
136953	353
136953	355
136953	361
136953	362
136953	364
136953	365
136953	369
136953	374
136953	379
136953	382
136953	384
136953	388
136953	390
136953	394
136953	397
136953	400
136953	402
136953	403
136953	413
136953	417
136953	418
136953	421
136953	425
136953	428
136953	429
136953	434
136953	435
136953	438
136953	439
136953	440
136953	441
136953	442
136953	446
136953	447
136953	479
137467	282
137467	284
137467	396
137467	405
137467	406
137467	412
137467	416
137467	423
137467	449
137504	338
137504	346
137504	396
137504	407
137504	429
137504	456
137504	460
138950	282
138950	307
138950	336
138950	341
138950	367
138950	376
138950	383
138950	395
138950	396
138950	398
138950	404
138950	407
138950	408
138950	410
138950	419
138950	423
138950	425
138950	450
138950	455
138950	460
138950	505
138950	537
139033	336
139033	346
139033	395
139033	396
139033	407
139033	410
139033	416
139033	419
139033	423
139033	455
139033	557
139033	563
139650	3347
139650	370
139650	381
139650	537
141168	264
141168	309
141168	310
141168	341
141168	396
141168	400
141168	427
141168	470
144296	268
144296	271
144296	273
144296	274
144296	275
144296	276
144296	277
144296	280
144296	285
144296	286
144296	289
144296	290
144296	291
144296	293
144296	294
144296	299
144296	300
144296	309
144296	313
144296	320
144296	322
144296	323
144296	325
144296	331
144296	335
144296	338
144296	340
144296	341
144296	347
144296	350
144296	353
144296	360
144296	361
144296	362
144296	364
144296	369
144296	370
144296	374
144296	377
144296	378
144296	379
144296	382
144296	384
144296	385
144296	386
144296	388
144296	391
144296	395
144296	402
144296	403
144296	404
144296	405
144296	407
144296	412
144296	420
144296	421
144459	318
144459	329
144459	370
144459	376
144459	384
144459	392
144459	398
144459	402
144459	410
144913	358
144913	363
144913	370
144913	406
144913	408
144913	411
144913	412
144913	454
144913	537
145460	407
145460	419
145460	460
147848	685
147848	1554
147848	1625
147848	459
147939	284
147939	341
147939	346
147939	396
147939	410
148237	362
148237	395
148237	524
148293	367
148293	380
148293	423
148293	448
148293	460
149516	282
149516	325
149516	361
149516	370
149516	376
149516	380
149516	392
149516	402
149516	410
149516	413
151016	362
151016	423
151685	267
151685	269
151685	271
151685	280
151685	283
151685	288
151685	291
151685	299
151685	301
151685	304
151685	305
151685	308
151685	309
151685	311
151685	313
151685	318
151685	322
151685	325
151685	327
151685	328
151685	332
151685	335
151685	337
151685	338
151685	342
151685	347
151685	350
151685	352
151685	354
151685	356
151685	357
151685	361
151685	364
151685	367
151685	371
151685	374
151685	395
151685	397
151685	398
151685	401
151685	403
151685	414
151685	428
151685	493
152331	256
152331	261
152331	265
152331	273
152331	274
152331	285
152331	286
152331	287
152331	288
152331	290
152331	291
152331	292
152331	293
152331	294
152331	321
152331	322
152331	330
152331	331
152331	333
152331	334
152331	335
152331	338
152331	340
152331	354
152331	355
154558	234
154558	239
154558	240
154558	245
154558	246
154558	248
154558	249
154558	287
154558	289
154558	295
154558	334
154558	338
154558	339
154558	340
154558	344
154558	346
154558	347
154558	348
154558	352
154558	355
154558	356
154558	358
154558	362
154558	363
154558	365
154558	367
154558	371
154558	385
155063	2318
155063	396
155063	410
155063	416
155063	422
155063	455
155063	484
155063	502
155063	537
158890	395
158890	396
158890	408
158890	410
158890	419
158890	423
158890	436
158890	455
158890	460
159912	282
159912	284
159912	302
159912	307
159912	310
159912	330
159912	332
159912	336
159912	344
159912	346
159912	352
159912	356
159912	362
159912	383
159912	391
159912	398
159912	407
159912	410
159912	414
159912	417
159912	419
159912	429
159912	436
159912	437
159912	460
159912	493
160024	329
160024	334
160024	365
160024	369
160024	371
160024	386
160024	387
160024	388
160024	391
160024	393
160024	395
160024	398
160024	417
160024	421
160024	425
160024	428
160024	429
160024	434
160024	435
160024	441
160024	451
160024	454
160024	456
160024	457
160024	459
161106	300
161106	301
161106	302
161106	305
161106	309
161106	310
161106	311
161106	313
161106	314
161106	315
161106	319
161106	320
161106	324
161106	325
161106	327
161106	329
161106	330
161106	331
161106	335
161106	338
161106	341
161106	342
161106	352
161106	353
161106	357
161106	359
161106	367
161106	368
161106	372
161106	374
161106	375
161333	236
161333	240
161333	250
161333	252
161333	255
161333	257
161333	258
161333	260
161333	263
161333	265
161333	267
161333	268
161333	269
161333	271
161333	272
161333	273
161333	274
161333	275
161333	276
161333	277
161333	285
161333	286
161333	287
161333	288
161333	289
161333	290
161333	294
161333	295
161333	296
161333	299
161333	300
161333	301
161333	307
161333	309
161333	314
161333	324
161333	326
161333	329
161333	330
161333	331
161333	334
161333	335
161333	339
161333	340
161333	341
161333	342
161333	345
161333	349
161333	351
161333	352
161333	353
161333	355
161333	362
161333	366
161333	367
161333	368
161333	369
161333	370
161333	371
161333	373
161541	1496
161541	282
161541	284
161541	325
161541	332
161541	336
161541	341
161541	349
161541	365
161541	367
161541	369
161541	392
161541	406
161541	416
161541	428
161541	434
161541	436
163175	830
163175	314
163175	330
163175	339
163175	340
163175	342
163175	345
163175	362
163175	363
163175	395
163175	408
163175	410
163175	416
163175	417
163175	419
163175	449
163175	454
163175	460
163727	381
163727	395
163727	396
163727	416
163727	456
164644	283
164644	288
164644	340
164644	416
164644	460
165054	342
165054	363
165054	376
165054	378
165054	396
165054	405
165054	410
165054	416
165054	423
165054	429
165054	436
165054	438
165054	440
165054	460
165054	480
165054	524
167435	284
167435	396
167435	416
167435	471
167649	239
167649	240
167649	242
167649	245
167649	246
167649	247
167649	249
167649	250
167649	252
167649	253
167649	257
167649	258
167649	263
167649	268
167649	273
167649	274
167649	275
167649	276
167649	279
167649	285
167649	287
167649	289
167649	290
167649	291
167649	293
167649	294
167649	296
167649	298
167649	300
167649	302
167649	305
167649	309
167649	312
167649	313
167649	315
167649	324
167649	325
167649	327
167649	330
167649	331
167649	335
167649	337
167649	341
167649	343
167649	345
167649	347
167649	353
167649	355
167649	359
167649	361
167649	362
167649	363
167649	364
167649	365
167649	366
167649	368
167649	374
167649	381
167649	382
167649	385
167649	386
167649	397
167649	399
167649	402
167649	413
167649	414
169665	262
169665	263
169665	268
169665	272
169665	273
169665	274
169665	275
169665	276
169665	282
169665	283
169665	287
169665	288
169665	290
169665	291
169665	294
169665	296
169665	298
169665	299
169665	300
169665	301
169665	302
169665	304
169665	307
169665	311
169665	312
169665	315
169665	317
169665	320
169665	327
169665	329
169665	330
169665	331
169665	338
169665	339
169665	340
169665	345
169665	346
169665	347
169665	349
169665	353
169665	354
169665	355
169665	358
169665	359
169665	361
169665	362
169665	364
169665	367
169665	368
169665	370
169665	374
169665	375
169665	395
172863	287
172863	301
172863	302
172863	305
172863	307
172863	308
172863	309
172863	312
172863	313
172863	316
172863	340
172863	344
172863	347
172863	348
172863	353
172863	356
172863	359
172863	370
172863	373
172863	381
172863	383
172863	390
172863	398
172863	399
172863	424
172863	427
172863	443
172863	505
172863	509
175937	313
175937	340
175937	345
175937	358
175937	366
175937	367
175937	374
175937	375
175937	376
175937	378
175937	385
175937	388
175937	393
175937	396
175937	406
175937	410
175937	413
175937	416
175937	422
175937	423
175937	438
175937	480
176333	282
176333	284
176333	307
176333	313
176333	335
176333	336
176333	341
176333	346
176333	347
176333	360
176333	363
176333	367
176333	368
176333	369
176333	375
176333	376
176333	377
176333	378
176333	385
176333	386
176333	387
176333	388
176333	390
176333	392
176333	396
176333	398
176333	404
176333	406
176333	410
176333	411
176333	416
176333	418
176333	423
176333	443
176333	445
176333	446
176333	450
176333	454
176333	458
176333	460
176333	474
176333	505
176333	509
178196	362
178196	363
178196	367
178196	396
178196	406
178196	416
178196	419
182008	416
182883	341
182883	363
182883	365
182883	367
182883	368
182883	369
182883	375
182883	380
182883	382
182883	388
182883	393
182883	398
182883	401
182883	402
182883	403
182883	412
182883	418
182883	422
182883	425
182883	431
182883	434
182883	439
182883	442
182883	444
182883	446
182883	450
182883	455
182883	456
182883	459
182883	464
182883	466
182883	468
182883	475
182883	476
182883	477
184695	336
184695	356
184695	362
184695	367
184695	396
184695	419
184695	425
184695	436
185072	284
185072	336
185072	362
185072	363
185072	370
185072	375
185072	376
185072	396
185072	405
185072	416
185072	419
185072	436
185072	448
185072	455
185072	456
185072	469
187049	256
187049	273
187049	282
187049	327
187049	336
187049	339
187049	342
187049	346
187049	348
187049	352
187049	355
187049	360
187049	362
187049	370
187049	375
187049	376
187049	377
187049	378
187049	381
187049	387
187049	392
187049	396
187049	397
187049	408
187049	410
187049	412
187049	413
187049	416
187049	419
187049	434
187049	443
187049	450
187049	458
187049	505
188222	336
188222	363
188222	374
188222	376
188222	377
188222	387
188222	388
188222	392
188222	410
188222	429
188222	436
188222	443
188222	449
188222	505
188718	363
188718	442
188724	282
188724	284
188724	307
188724	310
188724	349
188724	351
188724	362
188724	370
188724	376
188724	390
188724	410
188724	416
188724	419
188724	423
188724	427
188724	431
188724	443
188724	455
188724	457
188724	460
188724	468
188724	476
188724	480
188724	505
188948	307
188948	363
188948	367
188948	369
188948	383
188948	417
188948	419
188948	436
189288	336
189288	376
189288	407
189288	410
189288	416
189288	423
189288	436
189288	456
189288	471
189978	280
189978	285
189978	287
189978	288
189978	289
189978	290
189978	291
189978	293
189978	294
189978	296
189978	301
189978	302
189978	305
189978	309
189978	313
189978	316
189978	322
189978	329
189978	335
189978	340
189978	341
189978	342
189978	343
189978	345
189978	347
189978	348
189978	353
189978	354
189978	357
189978	362
189978	366
189978	373
189978	378
189978	379
189978	382
189978	387
189978	393
189978	398
189978	399
189978	401
189978	402
189978	403
189978	412
189978	414
191503	282
191503	289
191503	307
191503	316
191503	374
191503	384
191503	386
191503	388
191503	395
191503	410
191503	416
191503	436
191902	340
191902	376
191902	381
191902	393
191902	396
191902	434
192992	299
192992	313
192992	315
192992	316
192992	317
192992	323
192992	325
192992	326
192992	329
192992	330
192992	331
192992	338
192992	342
192992	344
192992	345
192992	346
192992	350
192992	355
192992	358
192992	361
192992	362
192992	366
192992	375
192992	387
192992	389
192992	391
192992	393
192992	407
192992	423
194952	2461
194952	266
194952	309
194952	310
194952	318
194952	324
194952	336
194952	337
194952	339
194952	349
194952	395
194952	396
194952	407
194952	416
194952	423
194952	429
194952	454
194952	460
194952	493
198256	370
198256	410
198256	412
198256	413
198256	450
199007	274
199007	276
199007	277
199007	285
199007	286
199007	290
199007	294
199007	296
199007	299
199007	302
199007	309
199007	312
199007	315
199007	317
199007	326
199007	329
199007	330
199007	331
199007	342
199007	343
199007	345
199007	346
199007	352
199007	353
199007	354
199007	355
199007	361
199007	362
199007	363
199007	364
199007	369
199007	371
199007	372
199007	374
199007	380
199007	382
199007	385
199007	390
199007	401
199007	418
199007	422
199007	428
199007	431
199007	435
199069	313
199069	391
199069	414
199069	429
199069	493
199339	324
199339	363
199339	407
199339	409
199339	435
199339	436
199339	442
200126	307
200126	341
200126	342
200126	376
200126	386
200126	419
200126	425
200126	429
200126	455
200126	524
200665	376
201865	282
201865	314
201865	349
201865	356
201865	361
201865	380
201865	384
201865	396
201865	402
201865	407
201865	423
201865	425
201865	429
203295	256
203295	434
203506	396
204895	284
204895	330
204895	376
204895	424
204895	437
204895	537
206404	299
206404	309
206404	320
206404	332
206404	336
206404	338
206404	341
206404	346
206404	351
206404	358
206404	359
206404	361
206404	362
206404	363
206404	379
206404	381
206404	384
206404	385
206404	386
206404	391
206404	394
206404	395
206404	396
206404	398
206404	405
206404	407
206404	414
206404	417
206404	419
206404	425
206404	429
206404	434
206404	438
206404	460
206404	464
206404	485
206404	505
206404	528
206404	541
206557	324
206557	376
208070	307
208070	381
208070	383
208070	396
208070	419
208070	423
208070	428
208598	312
208598	361
208598	363
208598	384
208598	396
208598	416
208598	423
208598	425
208598	428
208598	448
209308	336
209308	346
209308	358
209308	362
209308	363
209308	367
209308	370
209308	375
209308	376
209308	381
209308	384
209308	386
209308	392
209308	395
209308	396
209308	405
209308	407
209308	408
209308	410
209308	416
209308	419
209308	423
209308	436
209308	448
209308	454
209308	455
209308	456
209308	457
209308	460
209308	461
209308	468
209308	469
209308	470
209308	480
209308	482
209308	486
209308	487
209308	490
209308	495
209308	496
209308	498
209308	500
209308	506
209308	510
209308	515
209308	521
209308	525
209308	537
209375	336
209375	370
209375	395
209375	396
209375	410
209375	416
209375	436
211747	284
211747	416
211747	436
211747	480
211747	505
211825	289
211825	336
211825	341
211825	345
211825	348
211825	352
211825	357
211825	370
211825	376
211825	377
211825	378
211825	384
211825	408
211825	434
211825	454
211825	472
213035	273
213035	289
213035	307
213035	339
213035	356
213035	362
213035	376
213035	395
213035	396
213035	425
213035	436
214461	273
214461	363
214461	396
214461	411
214461	416
214461	419
214461	436
214461	450
214461	498
214461	537
215493	287
215493	288
215493	289
215493	290
215493	295
215493	296
215493	299
215493	316
215493	318
215493	330
215493	332
215493	344
215493	345
215493	346
215493	358
215493	360
215493	363
215493	367
215493	369
215493	370
215493	374
215493	380
215493	386
215493	396
215493	397
215493	402
215493	412
215493	425
215493	427
215493	428
215493	493
216738	330
216738	378
216738	390
216738	413
216738	416
216738	472
217248	318
217248	376
217248	385
217248	395
217248	396
217248	402
217248	405
217248	407
217248	408
217248	411
217248	419
217248	423
217248	425
217248	436
217248	442
217248	486
217248	505
217814	351
217814	367
217814	386
217814	391
217814	407
217814	419
217814	423
217814	434
217814	436
217814	443
217814	451
217814	455
217814	460
217814	515
219202	643
219202	269
219202	283
219202	303
219202	333
219202	345
219202	363
219202	364
219202	375
219202	392
219202	393
219202	398
219202	401
219202	442
219202	450
219202	468
219369	436
219516	859
219516	1148
219516	234
219516	236
219516	239
219516	240
219516	241
219516	245
219516	247
219516	249
219516	250
219516	252
219516	257
219516	258
219516	260
219516	262
219516	263
219516	267
219516	268
219516	269
219516	271
219516	273
219516	274
219516	275
219516	276
219516	280
219516	283
219516	285
219516	286
219516	287
219516	288
219516	289
219516	290
219516	291
219516	292
219516	293
219516	294
219516	295
219516	296
219516	299
219516	300
219516	301
219516	302
219516	307
219516	308
219516	309
219516	311
219516	312
219516	313
219516	315
219516	316
219516	317
219516	319
219516	322
219516	325
219516	326
219516	327
219516	328
219516	329
219516	330
219516	331
219516	335
219516	339
219516	340
219516	342
219516	343
219516	347
219516	352
219516	353
219516	355
219516	356
219516	362
219516	364
219516	365
219516	366
219516	367
219516	368
219516	369
219516	370
219516	371
219516	372
219516	460
219719	1004
219719	370
219719	373
219719	378
219719	394
219719	396
219719	404
219719	410
219719	423
219719	455
219719	460
221564	2126
221564	2226
221564	335
221564	336
221564	347
221564	351
221564	362
221564	363
221564	367
221564	370
221564	376
221564	378
221564	394
221564	405
221564	406
221564	416
221564	423
221564	425
221564	445
221564	456
221564	460
221564	480
221746	338
221746	361
221746	363
221746	367
221746	396
221746	410
221746	416
221746	419
221746	436
222886	273
222886	282
222886	289
222886	307
222886	310
222886	343
222886	349
222886	352
222886	356
222886	358
222886	363
222886	378
222886	381
222886	382
222886	385
222886	386
222886	390
222886	394
222886	395
222886	403
222886	405
222886	408
222886	411
222886	418
222886	420
222886	423
222886	427
222886	435
222886	436
222886	438
222886	448
222886	449
222886	454
222886	524
224073	336
224073	416
224073	419
224073	423
224073	436
224073	455
224661	346
224661	363
224661	365
224661	380
224661	384
224661	388
224661	393
224661	396
224661	410
224661	412
224661	416
224661	423
224661	439
224661	444
224661	449
224661	500
224661	563
225204	284
225204	336
225204	341
225204	363
225204	388
225204	405
225204	408
225204	410
225204	416
225204	419
225204	455
226264	289
226264	291
226264	293
226264	299
226264	330
226264	336
226264	338
226264	346
226264	362
226264	363
226264	367
226264	370
226264	373
226264	375
226264	377
226264	380
226264	381
226264	382
226264	388
226264	389
226264	395
226264	396
226264	402
226264	404
226264	405
226264	407
226264	408
226264	410
226264	412
226264	413
226264	416
226264	418
226264	419
226264	423
226264	424
226264	425
226264	427
226264	435
226264	436
226264	442
226264	443
226264	454
226264	455
226264	456
226264	460
226264	480
226264	497
226264	537
227249	309
227249	315
227249	367
227249	393
227249	419
228053	256
230291	282
230291	284
230291	289
230291	341
230291	348
230291	351
230291	382
230291	392
230291	395
230291	398
230291	402
230291	404
230291	407
230291	410
230291	411
230291	423
230291	434
230291	445
230291	454
230291	460
231583	346
231583	416
231583	456
232511	836
232511	1004
232511	1025
232511	284
232511	341
232511	346
232511	360
232511	362
232511	363
232511	370
232511	376
232511	381
232511	383
232511	396
232511	407
232511	408
232511	410
232511	416
232511	423
232511	425
232511	436
232511	443
232511	455
232511	456
232511	457
232511	460
232511	468
232511	480
232511	501
232511	502
233252	239
233252	256
233252	282
233252	291
233252	307
233252	352
233252	396
233739	436
233739	442
233739	448
233739	581
236270	282
236270	337
236270	341
236270	344
236270	358
236270	395
236270	396
236270	411
236270	416
236270	436
236270	438
236270	483
236493	693
236493	330
236493	336
236493	346
236493	362
236493	370
236493	375
236493	376
236493	381
236493	395
236493	396
236493	401
236493	405
236493	407
236493	408
236493	410
236493	412
236493	416
236493	419
236493	423
236493	425
236493	436
236493	438
236493	455
236493	460
236493	468
236493	480
237810	315
237810	332
237810	339
237810	344
237810	352
237810	361
237810	362
237810	367
237810	370
237810	387
237810	395
237810	396
237810	399
237810	408
237810	410
237810	411
237810	412
237810	413
237810	414
237810	419
237810	425
237810	430
237810	431
237810	436
237810	448
237810	465
240042	443
240042	449
240042	454
240229	380
240229	396
240229	408
241441	311
241441	314
241441	315
241441	324
241441	336
241441	338
241441	346
241441	361
241441	373
241441	384
241441	395
241441	396
241441	405
241441	410
241441	414
241441	420
241441	423
241441	425
241441	429
241441	436
241441	443
241441	448
241441	454
241441	455
241441	456
241441	459
241441	460
241441	471
241441	505
242159	663
242159	1621
242159	287
242159	288
242159	289
242159	290
242159	291
242159	296
242159	299
242159	300
242159	301
242159	302
242159	304
242159	305
242159	307
242159	308
242159	309
242159	310
242159	311
242159	312
242159	313
242159	315
242159	316
242159	317
242159	320
242159	322
242159	323
242159	325
242159	327
242159	329
242159	331
242159	334
242159	335
242159	336
242159	337
242159	338
242159	341
242159	343
242159	344
242159	345
242159	347
242159	348
242159	350
242159	353
242159	354
242159	356
242159	362
242159	365
242159	367
242159	368
242159	371
242159	375
242159	377
242159	378
242159	382
242159	387
242159	388
242159	394
242159	395
242159	397
242159	398
242159	402
242159	404
242159	405
242159	407
242159	413
242159	415
242159	417
242159	418
242159	420
242159	421
242159	422
242159	424
242159	428
242159	429
242159	435
242159	439
242159	442
242159	443
242159	444
242159	504
243236	341
243236	437
246132	965
246132	1642
246132	1768
246132	262
246132	263
246132	264
246132	272
246132	273
246132	277
246132	280
246132	283
246132	291
246132	294
246132	295
246132	302
246132	304
246132	307
246132	309
246132	313
246132	314
246132	315
246132	318
246132	320
246132	322
246132	323
246132	324
246132	325
246132	327
246132	329
246132	335
246132	339
246132	341
246132	346
246132	348
246132	351
246132	353
246132	355
246132	358
246132	361
246132	363
246132	364
246132	365
246132	370
246132	373
246132	384
246132	388
246132	396
246132	415
246632	318
246632	320
246632	328
246632	336
246632	354
246632	367
246632	370
246632	378
246632	383
246632	404
246632	410
246632	419
246632	429
246632	436
246632	509
248665	284
248665	327
248665	363
248665	408
248755	346
248755	363
248755	396
248755	410
251084	284
251084	287
251084	289
251084	299
251084	302
251084	307
251084	309
251084	311
251084	313
251084	314
251084	315
251084	316
251084	320
251084	328
251084	330
251084	332
251084	335
251084	336
251084	337
251084	338
251084	339
251084	340
251084	341
251084	342
251084	343
251084	344
251084	347
251084	348
251084	356
251084	358
251084	359
251084	360
251084	361
251084	362
251084	363
251084	365
251084	367
251084	368
251084	370
251084	374
251084	375
251084	376
251084	378
251084	379
251084	380
251084	381
251084	384
251084	386
251084	387
251084	388
251084	391
251084	392
251084	394
251084	395
251084	396
251084	399
251084	402
251084	404
251084	405
251084	406
251084	407
251084	408
251084	409
251084	410
251084	411
251084	412
251084	413
251084	414
251084	416
251084	417
251084	419
251084	423
251084	425
251084	426
251084	427
251084	428
251084	429
251084	434
251084	436
251084	437
251084	438
251084	440
251084	445
251084	446
251084	449
251084	450
251084	454
251084	459
251084	460
251084	472
251084	474
251084	493
251084	505
251084	524
251407	282
251407	284
251407	307
251407	330
251407	336
251407	346
251407	351
251407	359
251407	362
251407	370
251407	376
251407	386
251407	395
251407	396
251407	407
251407	410
251407	417
251407	419
251407	425
251407	429
251407	436
251407	450
251407	458
251407	471
251407	505
251940	314
252984	282
252984	283
252984	284
252984	341
252984	368
252984	369
252984	370
252984	408
252984	410
252984	419
252984	443
252984	450
254673	273
254673	282
254673	284
254673	287
254673	289
254673	302
254673	307
254673	310
254673	313
254673	315
254673	316
254673	318
254673	325
254673	341
254673	342
254673	345
254673	346
254673	349
254673	352
254673	354
254673	356
254673	361
254673	362
254673	363
254673	383
254673	391
254673	405
254673	407
254673	416
254673	417
254673	419
254673	425
254673	436
254673	445
255195	284
255195	299
255195	302
255195	341
255195	375
255195	384
255195	386
255195	404
255195	405
255195	416
255195	423
255195	426
255195	445
255195	450
255195	458
255195	460
255377	435
255377	449
255693	345
255693	352
255693	361
255693	364
255693	367
255693	372
255693	375
255693	377
255693	378
255693	382
255693	385
255693	389
255693	397
255693	401
255693	402
255693	403
255693	404
255693	405
255693	407
255693	411
255693	415
255693	418
255693	430
255693	431
255693	439
255961	373
255961	376
255961	396
255961	404
255961	419
255961	454
256126	256
256126	363
256126	395
256126	396
256126	423
256126	460
258734	273
258734	284
258734	396
258734	416
258734	443
259847	314
259847	330
259847	396
259847	419
259847	442
259952	284
259952	302
259952	318
259952	324
259952	330
259952	363
259952	367
259952	369
259952	370
259952	375
259952	376
259952	378
259952	386
259952	390
259952	393
259952	398
259952	406
259952	407
259952	411
259952	413
259952	414
259952	415
259952	416
259952	418
259952	419
259952	420
259952	422
259952	423
259952	431
259952	435
259952	439
259952	442
259952	443
259952	446
259952	448
259952	449
259952	454
259952	459
259952	487
259952	493
259952	495
259952	497
259952	505
259952	509
259952	537
261982	336
261982	367
261982	405
261982	410
261982	416
261982	419
261982	423
262445	309
262445	313
262445	330
262445	336
262445	363
262445	367
262445	369
262726	1025
262726	376
262726	396
262726	416
262726	436
262726	455
262726	460
262726	502
262726	515
263454	346
263454	396
263454	419
263856	263
263856	269
263856	271
263856	275
263856	276
263856	278
263856	283
263856	286
263856	288
263856	289
263856	291
263856	292
263856	293
263856	294
263856	296
263856	299
263856	300
263856	301
263856	304
263856	307
263856	309
263856	312
263856	313
263856	315
263856	316
263856	317
263856	322
263856	323
263856	327
263856	331
263856	333
263856	335
263856	336
263856	342
263856	343
263856	345
263856	346
263856	349
263856	352
263856	353
263856	354
263856	358
263856	361
263856	362
263856	375
263856	377
263856	378
263856	382
263856	384
263856	393
263856	406
263856	408
264025	362
264025	396
264025	410
264025	416
264025	423
264025	435
264025	460
264090	313
264090	346
264090	374
264090	394
264090	404
264090	431
264090	450
264090	467
264090	474
264135	325
264135	335
264135	336
264135	343
264135	346
264135	347
264135	348
264135	351
264135	358
264135	363
264135	367
264135	370
264135	373
264135	377
264135	378
264135	380
264135	381
264135	385
264135	386
264135	390
264135	392
264135	394
264135	396
264135	397
264135	399
264135	402
264135	406
264135	408
264135	411
264135	412
264135	413
264135	415
264135	416
264135	418
264135	420
264135	422
264135	423
264135	424
264135	426
264135	427
264135	430
264135	431
264135	434
264135	435
264135	436
264135	438
264135	439
264135	440
264135	443
264135	444
264135	446
264135	449
264135	450
264135	460
264135	474
264135	479
264135	480
264135	481
264135	483
264135	489
264135	497
264135	500
264135	505
264135	521
264135	524
264135	527
264135	537
264135	557
264490	314
264490	330
264490	342
264490	419
266031	336
266031	367
266031	369
266031	370
266031	395
266031	408
266031	410
266031	416
266031	436
266031	443
266031	450
266031	484
266031	486
266031	495
266356	282
266356	284
266356	294
266356	297
266356	313
266356	344
266356	382
266356	406
266356	410
266356	449
266837	376
266837	408
266837	410
267590	289
267590	361
267590	367
267590	376
267590	390
267590	391
267590	395
267590	407
267590	408
267590	416
267590	419
267590	425
267590	505
267783	375
268762	331
268762	395
268762	416
268891	367
268891	379
268891	419
268891	423
268891	460
268991	336
268991	373
268991	396
268991	405
268991	408
268991	416
268991	419
268991	423
268991	425
268991	436
268991	455
268991	456
268991	460
268991	505
269720	273
269720	362
269720	363
269720	395
269720	396
269720	405
269720	416
269720	419
269720	436
269720	480
271089	284
271089	314
271089	315
271089	352
271089	374
271089	377
271089	410
271089	411
271089	416
271089	420
271089	434
271089	442
271089	459
271089	465
271966	324
271966	335
271966	385
271966	431
271966	505
271976	330
271976	351
271976	358
271976	362
271976	370
271976	375
271976	379
271976	380
271976	391
271976	408
271976	416
271976	425
271976	450
271976	458
271976	474
271976	505
272179	363
272179	381
272179	411
272179	416
272179	427
272179	436
272805	325
272805	395
272805	396
272805	509
273258	407
273258	410
273691	313
273691	324
273691	330
273691	336
273691	339
273691	362
273691	376
273691	396
273691	405
273691	406
273691	407
273691	419
273691	442
273691	460
273691	480
273691	537
274161	248
274161	274
274161	339
274161	360
274161	365
275246	287
275246	294
275246	297
275246	332
275246	413
275246	414
275246	446
275246	454
276034	370
276034	417
276034	419
276034	423
276034	449
276034	451
276034	460
276034	469
276034	471
276034	516
276034	524
276034	563
277439	284
277439	336
277439	396
277439	407
277439	419
277439	425
277439	454
278559	313
278559	315
278559	322
278559	323
278559	325
278559	335
278559	338
278559	339
278559	342
278559	362
278559	380
278559	385
278559	393
278559	396
278559	402
278559	417
278559	434
278559	440
278559	442
278559	474
281734	287
281734	289
281734	299
281734	300
281734	307
281734	309
281734	312
281734	315
281734	316
281734	326
281734	328
281734	329
281734	330
281734	331
281734	343
281734	345
281734	346
281734	347
281734	354
281734	355
281734	356
281734	357
281734	358
281734	359
281734	362
281734	372
281734	375
281734	377
281734	379
281734	380
281734	387
281734	397
282486	273
282486	284
282486	332
282486	356
282486	376
282486	381
282486	396
282486	416
282486	436
282486	455
284565	1068
284565	1103
284565	1740
284565	2796
284565	3461
284565	309
284565	318
284565	336
284565	346
284565	376
284565	378
284565	381
284565	396
284565	411
284565	412
284565	413
284565	416
284565	428
284565	436
284565	443
284565	460
284565	472
284565	480
290703	346
290703	363
290703	370
290703	375
290703	396
290703	405
290703	407
290703	410
290703	416
290703	419
290703	425
290703	436
290703	524
290977	299
290977	310
290977	318
290977	341
290977	350
290977	358
290977	367
290977	376
290977	377
290977	383
290977	396
290977	405
290977	406
290977	410
290977	416
290977	425
290977	434
290977	436
290977	438
290977	456
290977	458
290977	460
290977	480
290977	505
290977	537
292663	273
292663	282
292663	284
292663	289
292663	291
292663	299
292663	302
292663	307
292663	310
292663	311
292663	313
292663	314
292663	316
292663	318
292663	324
292663	327
292663	330
292663	331
292663	336
292663	338
292663	341
292663	344
292663	346
292663	349
292663	351
292663	352
292663	353
292663	354
292663	355
292663	356
292663	358
292663	360
292663	361
292663	362
292663	363
292663	367
292663	369
292663	373
292663	376
292663	379
292663	382
292663	386
292663	389
292663	390
292663	391
292663	395
292663	398
292663	400
292663	402
292663	405
292663	407
292663	409
292663	411
292663	419
292663	428
292663	429
292663	436
292663	442
292663	443
292663	448
292663	450
292663	454
292663	493
292663	509
294461	336
294461	406
294461	482
296242	280
296242	284
296242	382
296242	383
296244	282
296244	284
296244	419
296244	455
297061	273
297061	317
297061	341
297061	362
297061	367
297061	374
297061	375
297061	380
297061	396
297061	419
297061	436
297061	438
297061	509
297623	2170
297623	367
297623	419
297623	443
297623	448
297623	460
297623	537
298825	282
298825	344
298825	356
298825	419
299210	309
299210	324
299210	325
299210	347
299210	351
299210	363
299210	374
299210	386
299210	392
299210	393
299210	396
299210	398
299210	402
299210	434
299210	437
299210	443
299210	449
299210	454
299884	336
299884	340
299884	351
299884	358
299884	362
299884	363
299884	367
299884	373
299884	380
299884	402
299884	405
299884	419
299884	431
299884	434
299884	448
299884	450
299884	455
299884	456
299884	474
299884	489
299884	505
300562	244
300562	247
300562	258
300562	263
300562	267
300562	271
300562	274
300562	283
300562	285
300562	286
300562	287
300562	288
300562	290
300562	291
300562	294
300562	295
300562	304
300562	305
300562	309
300562	311
300562	313
300562	316
300562	320
300562	322
300562	323
300562	325
300562	327
300562	333
300562	334
300562	335
300562	341
300562	343
300562	346
300562	348
300562	349
300562	352
300562	353
300562	355
300562	362
300562	363
300562	365
300562	367
300562	368
300562	369
300562	370
300562	371
300562	373
300562	374
300562	375
300562	390
300562	403
301487	353
301487	376
301487	383
301487	419
301487	423
301487	455
301487	456
302110	249
302110	250
302110	252
302110	254
302110	256
302110	263
302110	264
302110	268
302110	269
302110	271
302110	275
302110	278
302110	279
302110	299
302110	301
302110	302
302110	304
302110	305
302110	307
302110	308
302110	309
302110	312
302110	313
302110	314
302110	315
302110	316
302110	319
302110	320
302110	323
302110	324
302110	325
302110	326
302110	327
302110	328
302110	329
302110	331
302110	335
302110	337
302110	338
302110	339
302110	341
302110	343
302110	345
302110	346
302110	347
302110	348
302110	350
302110	351
302110	355
302110	356
302110	359
302110	363
302110	365
302110	367
302110	368
302110	369
302110	370
302110	371
302110	374
302110	375
302110	377
302110	380
302110	384
302110	385
302110	386
302110	387
302110	396
302110	402
302110	404
302110	407
302110	410
302110	415
302110	421
302110	505
302488	322
302488	323
302488	324
302488	325
302488	326
302488	335
302488	336
302488	348
302488	363
302488	365
302488	366
302488	367
302488	373
302488	374
302488	391
302488	453
302488	467
302488	537
302645	1105
302645	1168
302645	1665
302645	1726
302645	1937
302645	1939
302645	2083
302645	2570
302645	282
302645	284
302645	313
302645	353
302645	356
302645	380
302645	381
302645	395
302645	396
302645	406
302645	410
302645	423
302645	425
302645	436
303269	274
303269	282
303269	289
303269	309
303269	314
303269	330
303269	335
303269	336
303269	344
303269	355
303269	356
303269	358
303269	359
303269	363
303269	367
303269	370
303269	375
303269	391
303269	394
303269	408
303269	416
303269	419
303269	428
303269	436
305182	244
305182	248
305182	262
305182	265
305182	267
305182	268
305182	269
305182	271
305182	273
305182	274
305182	280
305182	281
305182	285
305182	286
305182	288
305182	290
305182	291
305182	292
305182	293
305182	299
305182	300
305182	301
305182	302
305182	305
305182	308
305182	309
305182	311
305182	312
305182	313
305182	314
305182	317
305182	321
305182	326
305182	328
305182	329
305182	330
305182	331
305182	335
305182	336
305182	342
305182	345
305182	348
305182	350
305182	352
305182	362
305182	363
305182	369
305182	371
305182	372
305182	374
305182	379
305182	381
305182	382
305182	388
305182	393
305182	395
305182	396
305182	398
305182	401
305182	402
305182	403
305182	404
305182	405
305182	407
305182	409
305182	417
306282	273
306282	282
306282	284
306282	307
306282	313
306282	325
306282	337
306282	343
306282	344
306282	351
306282	353
306282	363
306282	367
306282	368
306282	370
306282	374
306282	375
306282	376
306282	377
306282	380
306282	381
306282	386
306282	388
306282	392
306282	395
306282	396
306282	404
306282	405
306282	406
306282	407
306282	408
306282	409
306282	410
306282	411
306282	413
306282	416
306282	418
306282	419
306282	422
306282	423
306282	427
306282	430
306282	434
306282	435
306282	436
306282	442
306282	443
306282	444
306282	449
306282	450
306282	453
306282	454
306282	456
306282	460
306282	483
306282	489
306282	493
306282	497
306282	505
306282	521
306282	527
306282	537
306282	557
306282	563
306688	284
306688	289
306688	299
306688	309
306688	313
306688	336
306688	341
306688	353
306688	358
306688	359
306688	362
306688	367
306688	395
306688	396
306688	398
306688	404
306688	407
306688	410
306688	416
306688	419
306688	423
306688	425
306688	436
306688	442
306688	445
306688	460
307201	236
307201	237
307201	245
307201	250
307201	252
307201	257
307201	263
307201	267
307201	268
307201	271
307201	272
307201	273
307201	274
307201	277
307201	278
307201	279
307201	291
307201	293
307201	294
307201	298
307201	302
307201	305
307201	308
307201	310
307201	311
307201	312
307201	313
307201	315
307201	316
307201	317
307201	324
307201	325
307201	327
307201	328
307201	335
307201	337
307201	340
307201	341
307201	343
307201	344
307201	345
307201	348
307201	353
307201	355
307201	356
307201	365
307201	367
307201	371
307201	374
307201	375
307706	325
307706	356
307706	358
307706	383
307706	396
307706	404
307706	416
307706	425
307706	436
308453	298
308453	299
308453	305
308453	308
308453	312
308453	313
308453	314
308453	316
308453	317
308453	322
308453	323
308453	329
308453	335
308453	337
308453	338
308453	341
308453	343
308453	347
308453	348
308453	350
308453	351
308453	353
308453	355
308453	356
308453	365
308453	367
308453	368
308453	369
308453	370
308453	374
308453	375
308453	377
308453	385
308453	388
308453	403
308453	404
308453	413
308453	422
308834	272
308834	273
308834	274
308834	275
308834	276
308834	285
308834	286
308834	287
308834	289
308834	290
308834	293
308834	294
308834	299
308834	300
308834	307
308834	309
308834	311
308834	326
308834	328
308834	338
308834	350
308834	356
308834	357
308834	359
308834	361
308834	362
308834	364
308834	365
308834	366
308834	367
308834	368
308834	369
308834	371
308834	372
308834	373
308834	377
308834	378
308834	382
308834	493
309162	360
309162	374
309162	395
309162	396
309162	404
309162	410
309162	416
309162	441
309162	454
309162	457
309162	460
309162	461
309162	462
309162	468
309162	487
309162	525
309162	563
309926	1198
309926	363
309926	376
309926	396
309926	410
309926	423
309926	429
310354	239
310354	256
310354	268
310354	273
310354	280
310354	285
310354	287
310354	289
310354	291
310354	299
310354	300
310354	302
310354	304
310354	305
310354	306
310354	307
310354	308
310354	309
310354	310
310354	311
310354	312
310354	314
310354	315
310354	316
310354	317
310354	318
310354	320
310354	322
310354	323
310354	325
310354	327
310354	328
310354	329
310354	330
310354	331
310354	332
310354	335
310354	337
310354	338
310354	339
310354	340
310354	341
310354	342
310354	343
310354	344
310354	345
310354	346
310354	347
310354	348
310354	349
310354	350
310354	351
310354	352
310354	353
310354	354
310354	355
310354	356
310354	358
310354	359
310354	360
310354	362
310354	365
310354	367
310354	368
310354	369
310354	370
310354	371
310354	372
310354	373
310354	374
310354	377
310354	378
310354	380
310354	381
310354	382
310354	383
310354	384
310354	385
310354	386
310354	387
310354	388
310354	391
310354	393
310354	395
310354	396
310354	397
310354	398
310354	399
310354	402
310354	403
310354	404
310354	405
310354	407
310354	412
310354	416
310354	425
310354	428
310354	431
310354	434
310354	438
310354	440
310354	442
310354	443
310354	445
310354	448
310354	450
310354	454
310354	458
310354	459
310354	472
310354	505
310461	273
310461	282
310461	284
310461	302
310461	318
310461	325
310461	341
310461	359
310461	362
310461	396
310461	397
310461	410
310461	419
310461	425
310461	442
310461	455
310461	460
310461	480
310461	509
310499	315
310499	323
310499	324
310499	330
310499	367
310499	396
310499	410
310499	416
312108	1293
312108	1414
312108	351
312108	367
312108	381
312108	413
312108	416
312108	419
312108	424
312108	427
312108	448
312108	456
312108	460
312108	571
312497	285
312497	286
312497	287
312497	288
312497	289
312497	290
312497	291
312497	296
312497	299
312497	300
312497	301
312497	302
312497	304
312497	305
312497	306
312497	307
312497	308
312497	309
312497	310
312497	312
312497	313
312497	314
312497	315
312497	316
312497	317
312497	320
312497	321
312497	322
312497	323
312497	324
312497	325
312497	326
312497	327
312497	329
312497	330
312497	331
312497	335
312497	337
312497	342
312497	343
312497	345
312497	346
312497	348
312497	349
312497	352
312497	354
312497	356
312497	358
312497	359
312497	361
312497	362
312497	363
312497	364
312497	365
312497	366
312497	367
312497	368
312497	369
312497	370
312497	374
312497	375
312497	376
312497	382
312497	384
312497	389
312497	390
312497	391
312497	393
312497	395
312497	397
312497	398
312497	399
312497	401
312497	402
312497	403
312497	407
312497	408
312497	412
312497	413
312497	417
312497	418
312497	419
312497	420
312497	423
312497	425
313893	370
313893	380
313893	386
313893	387
313893	395
313893	443
313893	452
314302	256
314302	282
314302	324
314302	419
314302	454
315749	414
315749	446
316528	342
316528	349
316528	387
316528	393
316528	409
318503	309
318503	313
318503	314
318503	315
318503	318
318503	324
318503	325
318503	329
318503	330
318503	336
318503	339
318503	340
318503	341
318503	342
318503	346
318503	348
318503	354
318503	359
318503	360
318503	361
318503	362
318503	363
318503	365
318503	368
318503	373
318503	374
318503	375
318503	376
318503	377
318503	379
318503	381
318503	392
318503	395
318503	396
318503	397
318503	399
318503	404
318503	407
318503	408
318503	409
318503	410
318503	411
318503	416
318503	417
318503	419
318503	420
318503	436
318503	438
318503	440
318503	443
318503	450
318503	472
318503	474
318503	493
318503	505
318503	509
318503	524
318518	396
318518	460
318518	468
318518	470
318518	480
318518	482
318518	557
318993	297
318993	312
318993	313
318993	315
318993	323
318993	336
318993	338
318993	339
318993	342
318993	345
318993	346
318993	358
318993	361
318993	367
318993	373
318993	374
318993	375
318993	379
318993	381
318993	382
318993	383
318993	384
318993	386
318993	387
318993	388
318993	395
318993	396
318993	399
318993	404
318993	406
318993	408
318993	410
318993	411
318993	412
318993	413
318993	418
318993	419
318993	423
318993	424
318993	425
318993	427
318993	429
318993	430
318993	431
318993	436
318993	443
318993	446
318993	449
318993	450
318993	453
318993	454
318993	456
318993	457
318993	460
318993	465
318993	471
318993	498
318993	500
318993	515
318993	516
318993	557
318993	563
319194	282
319194	284
319194	310
319194	332
319194	349
319194	363
319194	374
319194	376
319194	378
319194	381
319194	408
319194	454
319194	523
320537	277
320537	280
320537	281
320537	285
320537	287
320537	289
320537	291
320537	292
320537	293
320537	305
320537	312
320537	313
320537	315
320537	320
320537	322
320537	324
320537	325
320537	329
320537	330
320537	331
320537	334
320537	354
320537	355
320537	356
320537	357
321036	315
321036	336
321036	338
321036	342
321036	367
321036	369
321036	379
321036	396
321036	416
321036	419
321036	425
321036	436
321036	460
321036	493
321235	284
321235	289
321235	307
321235	336
321235	356
321235	370
321235	376
321235	407
321235	410
321235	419
321235	425
321235	442
321235	460
321235	505
321346	313
321346	318
321346	332
321346	406
321346	412
321346	414
321348	325
321348	362
321348	396
321348	400
321348	410
321348	416
321348	419
321348	436
321348	448
321348	455
321348	493
321491	324
321491	398
321491	405
321491	406
321491	416
321491	455
321491	490
321491	537
322216	269
322216	338
322216	342
322216	346
322216	352
322216	364
322216	366
322216	371
322216	374
322216	379
322216	389
322216	393
322216	398
322216	401
322216	403
322216	407
322216	428
322216	440
322216	443
322216	445
322216	447
322465	302
322465	304
322465	305
322465	307
322465	310
322465	311
322465	314
322465	318
322465	319
322465	321
322465	325
322465	326
322465	327
322465	328
322465	330
322465	333
322465	339
322465	340
322465	342
322465	407
322465	409
322465	410
322465	423
322465	442
322531	267
322531	268
322531	269
322531	272
322531	274
322531	282
322531	286
322531	287
322531	289
322531	291
322531	296
322531	306
322531	307
322531	309
322531	310
322531	312
322531	313
322531	317
322531	318
322531	322
322531	323
322531	324
322531	325
322531	331
322531	332
322531	339
322531	343
322531	344
322531	347
322531	349
322531	351
322531	352
322531	353
322531	355
322531	356
322531	364
322531	368
322531	371
322531	374
322531	375
322531	382
322531	412
324280	284
324280	318
324280	336
324280	341
324280	362
324280	390
324280	395
324280	405
324280	407
324280	410
324280	416
324280	419
324280	445
324280	480
325823	407
326002	367
326002	396
326002	407
326002	460
326768	307
326768	332
326768	363
326768	392
326768	406
326768	411
326768	437
326768	443
326768	450
326915	376
326915	416
326915	537
327130	256
327130	280
327130	282
327130	284
327130	287
327130	289
327130	291
327130	299
327130	302
327130	309
327130	310
327130	313
327130	315
327130	316
327130	324
327130	325
327130	330
327130	336
327130	337
327130	338
327130	339
327130	340
327130	341
327130	344
327130	346
327130	349
327130	350
327130	353
327130	355
327130	358
327130	360
327130	361
327130	362
327130	363
327130	365
327130	367
327130	369
327130	370
327130	373
327130	374
327130	375
327130	376
327130	377
327130	379
327130	380
327130	384
327130	386
327130	387
327130	388
327130	391
327130	393
327130	394
327130	395
327130	396
327130	406
327130	407
327130	408
327130	409
327130	410
327130	413
327130	416
327130	419
327130	425
327130	429
327130	434
327130	436
327130	438
327130	445
327130	448
327130	454
327130	458
327130	493
327130	505
327999	354
327999	374
327999	416
329126	284
329126	358
329126	374
329126	391
329126	407
329126	532
330387	347
330387	381
330387	395
330387	410
330387	411
330387	418
330387	438
330387	480
330407	1025
330407	282
330407	284
330407	299
330407	302
330407	324
330407	335
330407	336
330407	337
330407	339
330407	346
330407	353
330407	359
330407	361
330407	362
330407	363
330407	376
330407	383
330407	391
330407	395
330407	396
330407	397
330407	404
330407	413
330407	416
330407	417
330407	419
330407	425
330407	434
330407	493
330407	505
330407	566
332101	396
332101	425
332101	436
332101	455
332204	342
332204	419
332204	422
332204	436
332204	457
332204	490
332204	563
332346	248
332346	287
332346	288
332346	289
332346	290
332346	291
332346	292
332346	293
332346	298
332346	299
332346	315
332346	330
332346	342
332346	345
332346	346
332346	354
332346	358
332346	360
332346	379
332346	391
332346	407
334571	376
334571	416
334571	423
334571	480
334705	287
334705	315
334705	318
334998	368
334998	375
334998	423
334998	457
334998	469
334998	480
334998	495
