1750	2885
1750	2893
1750	2906
1750	2954
1750	2967
1750	3013
1750	3014
1750	3056
1791	2893
1791	2925
1791	2947
1791	2966
2068	2887
2068	2888
2068	2900
2068	2915
2068	2950
2068	2953
3306	2886
3306	2893
3306	2915
3306	2936
3306	2950
3306	2952
3306	2966
3306	2967
3306	3091
3651	2881
3651	2885
3651	2887
3651	2893
3651	2899
3651	2925
3651	2955
3651	2967
3651	2969
3892	2882
3892	2885
3892	2886
3892	2893
3892	2898
3892	2925
3892	2928
3892	2971
4805	2888
4805	2895
4805	2900
4805	2906
4805	2927
4805	2942
4805	2952
4805	2956
4805	3056
4966	2966
4966	2972
4966	2980
4966	2984
6237	2895
6237	2930
6237	2936
6237	2950
6237	3091
6648	2881
6648	2885
6648	2906
6648	2910
6648	2917
6648	2922
6648	2926
6648	2936
6648	2941
6648	2953
6648	2961
6648	2966
6648	2971
6648	3091
6690	2887
6690	2898
6935	2885
6935	2899
6935	2922
6935	2928
6935	2936
6935	2947
6935	2954
6935	2984
6935	2985
6935	2992
6935	3000
6935	3013
6935	3014
6935	3015
7146	2966
7146	2967
7146	3013
7490	2935
7490	2938
7490	2949
7490	2959
7490	2964
7490	3017
7784	2867
7808	2902
7808	2922
7808	2936
7808	2948
7808	2949
7808	2950
7808	2954
7808	2961
7808	2962
7808	2964
7808	2970
7808	2971
7808	2974
7808	2978
7808	2980
7808	2984
7808	2986
7808	2996
7808	3017
7808	3035
7886	2887
7886	2893
7886	2902
7886	2911
7886	2915
7886	2917
7886	2934
7886	2936
7886	2938
7886	2945
7886	2950
7886	2951
7886	2953
7886	2954
7886	2961
7886	2966
7886	2967
7886	2980
7886	3028
9386	2861
9386	2863
9386	2866
9386	2867
9386	2869
9386	2870
9386	2871
9386	2877
9386	2878
9386	2879
9386	2882
9386	2883
9386	2886
9386	2888
9386	2890
9386	2891
9386	2896
9386	2898
9386	2900
9386	2901
9386	2902
9386	2903
9386	2904
9386	2905
9386	2906
9386	2910
9386	2914
9386	2915
9386	2918
9386	3024
9919	2948
9919	2966
9919	2967
9919	3004
9919	3056
10031	2935
10031	2950
10031	2978
10031	2980
10031	2989
10031	3014
10031	3091
10223	2860
10223	2868
10223	2871
10223	2878
10223	2879
10223	2880
10223	2882
10223	2883
10223	2891
10223	2896
10223	2897
10223	2898
10223	2899
10223	2902
10223	2904
10223	2905
10223	2906
10223	2908
10223	2909
10223	2912
10223	2915
10223	2919
10223	2923
10223	2924
10223	2927
10223	2928
10223	2932
10223	2933
10223	2935
10223	2940
10223	2987
10223	3010
10223	3028
10252	2934
10252	2950
10252	2954
10252	2957
10252	2963
10252	2966
10252	2980
10252	2988
10252	3025
10252	3030
10252	3040
10252	3042
11945	2934
11945	2952
12604	2881
12604	2915
12604	2933
12604	2935
12604	2950
12604	2952
12604	2956
12604	2972
12604	2995
12604	3091
13361	2885
13361	2886
13361	2891
13361	2893
13361	2898
13361	2906
13361	2928
13361	2952
13361	2966
13361	3091
15947	2950
16033	2881
16033	2907
16339	2867
16339	2869
16339	2875
16339	2876
16339	2877
16339	2882
16339	2885
16339	2886
16339	2888
16339	2890
16339	2891
16339	2893
16339	2894
16339	2896
16339	2897
16339	2899
16339	2900
16339	2902
16339	2903
16339	2905
16339	2906
16339	2907
16339	2910
16339	2911
16339	2914
16339	2915
16339	2916
16339	2917
16339	2918
16339	2923
16339	2925
16339	2926
16339	2927
16339	2928
16339	2929
16339	2931
16339	2932
16339	2933
16339	2934
16339	2937
16339	2940
16339	2943
16339	2951
16339	2953
16339	2959
16339	2961
16339	2964
16339	2965
16339	2970
16339	2971
16339	3065
16385	2950
16385	2954
16385	2974
16385	2980
17064	2886
17064	2900
17064	2941
17064	2946
17064	2952
17064	2964
17064	3056
18825	2893
18825	3056
19141	2886
19141	2915
19141	2925
19141	2928
19141	2950
20447	2893
20447	2950
23192	2893
23192	2906
23192	2950
23192	2974
23192	3091
24134	2881
24134	2885
24134	2886
24134	2887
24134	2891
24134	2893
24134	2898
24134	2900
24134	2903
24134	2906
24134	2911
24134	2915
24134	2916
24134	2925
24134	2928
24134	2932
24134	2933
24134	2950
24134	2957
24134	3065
24134	3091
24217	2887
24217	2900
24217	2915
24217	2952
24371	2882
24371	2885
24371	2894
24371	2896
24371	2902
24371	2906
24371	2915
24371	2925
24371	2926
24371	2928
24371	2929
24371	2932
24371	2935
24371	2936
24371	2937
24371	2938
24371	2939
24371	2941
24371	2944
24371	2945
24371	2950
24371	2952
24371	2953
24371	2954
24371	2959
24371	2964
24371	2970
24371	2971
24371	2972
24371	2973
24371	2974
24371	2978
24371	2982
24371	2983
24371	2984
24371	2988
24371	2993
24371	2994
24371	2995
24371	2997
24371	3000
24371	3001
24371	3006
24371	3007
24371	3012
24371	3013
24371	3015
24371	3017
24371	3018
24371	3019
24371	3027
24371	3028
24371	3032
24371	3045
24371	3056
24371	3057
24371	3060
24371	3061
24371	3065
24371	3078
24371	3091
24371	3100
24371	3102
26712	2935
26712	2941
26712	2944
26712	2945
26712	2951
26712	2954
26712	2958
26712	2962
26712	2972
26712	2988
26712	2999
27321	2893
27321	2934
27321	2938
27321	2950
27321	2956
27501	2882
27501	2885
27501	2891
27501	2893
27501	2915
27501	2950
27501	2966
29255	2860
29255	2863
29255	2864
29255	2865
29255	2867
29255	2868
29255	2869
29255	2870
29255	2871
29255	2875
29255	2876
29255	2877
29255	2879
29255	2880
29255	2881
29255	2882
29255	2885
29255	2891
29255	2894
29255	2896
29255	2897
29255	2899
29255	2902
29255	2903
29255	2904
29255	2905
29255	2906
29255	2907
29255	2909
29255	2910
29255	2912
29255	2915
29255	2916
29255	2918
29255	2923
29255	2924
29255	2943
29255	2950
29255	2967
29255	3091
29778	2893
29778	2911
29778	2932
29778	2935
29778	2950
29778	2954
29778	2974
29778	2978
29778	2980
29778	2984
30733	2938
30733	2950
33540	2881
33540	2885
33540	2886
33540	2900
33540	2910
33540	2925
33540	2926
33540	2928
33540	2929
33540	2933
33540	2943
33540	2953
33540	2966
33540	2970
33540	3170
34154	2886
34154	2893
34154	2906
34154	2915
34154	2922
34154	2932
34154	2939
34154	2952
34154	2953
34154	2954
34154	2967
34154	2971
34154	2978
34154	2980
34154	2989
34154	2995
34154	3014
34154	3056
34611	2886
34611	2950
35478	2875
35478	2876
35478	2877
35478	2885
35478	2886
35478	2888
35478	2891
35478	2896
35478	2898
35478	2899
35478	2902
35478	2904
35478	2905
35478	2906
35478	2907
35478	2908
35478	2910
35478	2914
35478	2916
35478	2918
35478	2919
35478	2921
35478	2922
35478	2924
35478	2927
35478	2929
35478	2931
35478	2932
35478	2933
35478	2934
35478	2935
35478	2937
35478	2938
35478	2939
35478	2943
35478	2953
35478	2955
35478	2957
35478	2960
35478	2963
35478	2970
35478	2977
35478	2980
35478	2989
35713	2885
35713	2886
35713	2887
35713	2893
35713	2894
35713	2898
35713	2907
35713	2914
35713	2916
35713	2919
35713	2921
35713	2924
35713	2925
35713	2926
35713	2928
35713	2929
35713	2931
35713	2932
35713	2935
35713	2937
35713	2940
35713	2941
35713	2942
35713	2950
35713	2953
35713	2966
35713	2967
35713	2976
35713	3078
35713	3091
35966	2886
35966	2893
35966	2915
35966	2950
35966	2954
35966	2956
35966	2974
35966	2980
35966	3056
35966	3461
36790	2893
36790	2922
36790	2950
36790	2954
36790	2966
36790	2967
36790	2980
36790	3001
37043	2875
37043	2885
37043	2912
37043	2913
38013	2876
38013	2882
38013	2888
38013	2896
38013	2897
38013	2898
38013	2904
38013	2906
38013	2908
38013	2909
38013	2910
38013	2912
38013	2921
38013	2923
38013	2924
38013	2926
38013	2927
38013	2929
38479	2887
38479	2893
38479	2898
38479	2902
38479	2906
38479	2907
38479	2912
38479	2915
38479	2921
38479	2922
38479	2928
38479	2932
38479	2933
38479	2934
38479	2935
38479	2937
38479	2938
38479	2939
38479	2940
38479	2941
38479	2945
38479	2946
38479	2950
38479	2952
38479	2953
38479	2956
38479	2961
38479	2964
38479	2966
38479	2970
38479	2971
38479	2975
38479	2978
38479	2995
38479	3056
38479	3065
38479	3091
39142	2906
39142	2916
39142	2917
39142	2922
39142	2936
39142	2941
39142	2953
39142	2954
39142	2986
39142	3014
39275	2886
39275	2915
39275	2943
39275	2952
39275	2970
40242	2889
40242	2897
40242	2902
40242	2905
40242	2917
40242	2918
40242	2922
40242	3091
40556	2882
40556	2885
40556	2886
40556	2898
40556	2911
40556	2915
40556	2926
40556	2935
40556	2950
40556	2980
40963	2957
40963	2966
43096	2954
43096	2980
43362	2863
43362	2864
43362	2865
43362	2867
43362	2875
43362	2876
43362	2877
43362	2878
43362	2879
43362	2881
43362	2882
43362	2883
43362	2885
43362	2886
43362	2888
43362	2891
43362	2893
43362	2896
43362	2897
43362	2898
43362	2899
43362	2902
43362	2903
43362	2905
43362	2906
43362	2907
43362	2910
43362	2911
43362	2914
43362	2915
43362	2916
43362	2918
43362	2922
43362	2923
43362	2924
43362	2926
43362	2927
43362	2928
43362	2929
43362	2930
43362	2932
43362	2934
43362	2936
43362	2938
43362	2940
43362	2975
43362	3065
48570	2950
48570	2967
48570	2980
48570	3013
48570	3065
48570	3091
49279	2881
49279	2882
49279	2885
49279	2886
49279	2898
49279	2902
49279	2914
49279	2916
49279	2928
49279	2945
49279	2953
49279	2956
49279	2961
49279	2964
49279	2965
49279	2970
49279	3065
49279	3088
49279	3091
49508	2888
49508	2925
49508	2970
49508	3056
49508	3288
49508	3333
49763	2911
49763	2922
49763	2935
49763	2966
49763	2995
49763	3088
49939	2867
49939	2868
49939	2869
49939	2870
49939	2871
49939	2872
49939	2876
49939	2918
49939	2919
50354	2878
50354	2881
50354	2882
50354	2888
50354	2891
50354	2895
50354	2898
50354	2899
50354	2902
50354	2903
50354	2905
50354	2908
50354	2910
50354	2912
50354	2914
50354	2915
50354	2918
50354	2927
50354	2928
50354	2930
50354	2931
50354	2933
50354	2934
50354	2935
50354	2936
50354	2938
50714	2971
50714	2975
50714	2978
51394	2936
51394	2950
51394	2954
51394	2972
51394	2974
51394	2977
51394	2980
51394	2984
51394	3001
51394	3002
51394	3056
51408	2936
51408	2939
51408	2950
51408	2980
51408	3065
51408	3091
51566	2886
51566	2893
51566	2914
51581	2882
51581	2887
51581	2891
51581	2911
51581	2922
51581	2925
51581	2938
51581	2950
51581	2953
51581	2970
51581	2973
51581	2974
51581	2982
51581	2984
51581	2991
51581	2993
51581	2996
51581	2997
51581	2999
51581	3001
51581	3003
51581	3013
51581	3016
51581	3019
51581	3032
51581	3042
54970	2887
54970	2891
54970	2893
54970	2900
54970	2902
54970	2911
54970	2917
54970	2925
54970	2935
54970	2936
54970	2937
54970	2938
54970	2939
54970	2953
54970	3056
54970	3065
55063	2881
55063	2882
55063	2883
55063	2884
55063	2885
55063	2887
55063	2891
55063	2893
55063	2900
55063	2902
55063	2903
55063	2905
55063	2911
55063	2914
55063	2916
55063	2917
55063	2918
55063	2925
55063	2932
55063	2933
55063	2937
55063	2938
55063	2940
55063	2941
55063	2952
55063	2961
55063	2964
55063	2965
55063	2971
55063	3065
55401	2910
55401	2914
55401	2915
55401	2957
55401	2969
55401	2979
55401	2984
55401	3011
55401	3040
55634	2893
55634	2914
55634	2932
55634	2936
55634	2950
55634	2953
55634	2954
55634	2956
55634	2967
55634	2980
55634	2984
55828	2911
55828	2914
55828	2922
55828	2928
55828	2930
55828	2932
55828	2935
55828	2939
55828	2950
55828	3013
56783	2911
56783	2915
56783	2936
56783	2952
57311	2860
57311	2863
57311	2864
57311	2865
57311	2866
57311	2867
57311	2868
57311	2869
57311	2870
57311	2872
57311	2873
57311	2874
57311	2875
57311	2878
57311	2879
57311	2883
57311	2886
57311	2887
57311	2891
57311	2894
57311	2895
57311	2896
57311	2897
57311	2898
57311	2899
57311	2900
57311	2901
57311	2902
57311	2904
57311	2906
57311	2907
57311	2908
57311	2910
57311	2911
57311	2912
57311	2914
57311	2915
57311	2916
57311	2917
57311	2918
57311	2921
57311	2923
57311	2932
58236	2893
58236	3014
59154	2906
59154	2950
59266	2885
59266	2886
59266	2893
59266	2906
59266	2925
59266	2932
59266	2936
59266	2954
59266	2966
59266	2967
59266	2972
59266	2984
59266	3016
59323	2882
59323	2885
59323	2894
59323	2906
59323	2935
59323	2966
59733	2881
59733	2885
59733	2898
59733	2906
59733	2911
59733	2928
59733	2929
59733	2932
59733	2950
59733	2953
59733	2954
59733	2978
59733	2980
59733	2995
59733	3004
59733	3065
59733	3091
60244	2935
60244	2950
60244	2954
60244	2967
60244	2972
60244	2974
60244	2980
60244	2984
60244	2993
60244	3015
60244	3019
60244	3032
60244	3443
60597	2922
60597	2930
60597	2936
60597	2950
60597	2953
60597	2954
60597	2967
60597	2972
60597	2984
60597	2993
60597	3019
60597	3078
60597	3091
60986	3007
60986	3039
60986	3089
61760	2886
61760	2950
61892	2885
61892	2906
61892	2911
61892	2923
61892	2934
61892	2948
61892	3088
62161	2915
62161	2916
62161	2952
62341	2887
62341	2906
62341	2910
62341	2921
62341	2922
62341	2928
62341	2929
62341	2935
62341	2936
62341	2938
62341	2940
62341	2941
62341	2947
62341	2952
62341	2953
62341	2954
62341	2959
62341	2961
62341	2967
62341	2968
62341	2971
62341	2978
62341	2980
62341	2981
62341	2985
62341	2988
62341	2993
62341	3004
62341	3007
62341	3014
62341	3017
62341	3043
62341	3052
62341	3065
62341	3078
62341	3088
63772	2970
64080	2893
64080	2935
64080	2936
64080	2978
64080	2980
64829	2991
65398	2888
65398	2890
65398	2891
65398	2897
65398	2898
65398	2902
65398	2903
65398	2905
65398	2911
65398	2915
65398	2919
66068	2928
66068	2954
66068	2967
66068	3091
67353	2886
67353	2893
67353	2922
67353	2925
67353	2930
67353	2935
67353	2938
67353	2950
67353	2961
67353	2966
67353	2967
67353	3065
67353	3091
67461	2885
67461	2886
67461	2887
67461	2891
67461	2893
67461	2900
67461	2910
67461	2911
67461	2914
67461	2915
67461	2916
67461	2925
67461	2933
67461	2935
67461	2936
67461	2937
67461	2943
67461	2950
67461	2951
67461	2952
67461	2953
67461	2954
67461	2956
67461	2958
67461	2959
67461	2961
67461	2964
67461	2965
67461	2969
67461	2970
67461	2971
67461	2974
67461	2975
67461	2977
67461	2978
67461	2979
67461	2980
67461	2985
67461	2986
67461	2987
67461	2988
67461	3004
67461	3005
67461	3012
67461	3013
67461	3014
67461	3028
67461	3056
67461	3065
67461	3078
67461	3091
67976	2941
67976	2952
67976	2962
67976	2980
67976	3078
69326	2966
69326	2968
69326	2988
69326	3091
69367	2885
69367	2926
69367	2950
70527	2882
70527	2886
70527	2893
70527	2906
70527	2911
70527	2929
70527	2950
70527	2956
70527	2964
70527	2978
70527	3091
70725	2881
70725	2885
70725	2886
70725	2887
70725	2893
70725	2906
70725	2910
70725	2911
70725	2914
70725	2915
70725	2925
70725	2930
70725	2936
70725	2941
70725	2942
70725	2952
70725	2953
70725	2954
70725	2957
70725	2967
70725	2969
70725	2970
70725	2971
70725	2975
70725	2980
70725	2988
70725	3014
70725	3056
70725	3078
70725	3087
70725	3091
74146	2887
74146	2902
74489	2899
74489	2905
74489	2910
74489	2918
75277	2885
75277	2906
75277	2910
75277	2914
75277	2925
75277	2935
75729	2864
75729	2867
75729	2881
75729	2896
75729	2926
76710	2887
76710	2888
76710	2896
76710	2898
76710	2904
76710	2908
76710	2909
76710	2914
76710	2917
76710	2919
76710	2922
76770	2881
76770	2885
76770	2894
76770	2898
76770	2906
76770	2907
76770	2910
76770	2914
76770	2921
76770	2922
76770	2928
76770	2929
76770	2930
76770	2932
76770	2936
76770	2950
76770	2953
76770	2954
76770	2967
76770	2971
76770	2978
76770	2984
76770	2985
76770	2987
76770	2988
76770	2992
76770	2995
76770	3000
76770	3001
76770	3012
76903	2893
76903	2894
76903	2902
76903	2909
76903	2910
76903	2911
76903	2917
76903	2931
76903	2952
76903	2956
77722	2894
77722	2902
77722	2903
77722	2905
77722	2907
77722	2908
77722	2911
77722	2914
77722	2915
77722	2916
77722	2918
77722	2919
77722	2922
77722	2924
77722	2927
77735	2937
77735	2966
77735	3081
79123	2887
79123	2935
79123	2967
79123	2995
80640	2886
80640	2887
80640	2893
80640	2905
80640	2915
80640	2917
80640	2919
80640	2931
80640	2933
80640	2934
80640	2936
80640	2939
80640	2949
80640	2951
80640	2952
80640	2958
80640	2962
80640	2970
80640	2972
80640	2973
80640	2975
80640	2976
80640	2982
80640	2985
80640	2987
80640	2991
80640	3000
80640	3004
80640	3014
80640	3017
80640	3027
80640	3028
80640	3035
80640	3042
80640	3065
80640	3091
83962	2906
83962	2922
83962	2978
84151	2885
84151	2887
84151	2906
84151	2987
84151	2989
85202	3015
85202	3030
85202	3036
86243	2881
86243	2885
86243	2898
86243	2910
86243	2928
86243	2929
86243	2995
86243	3014
86243	3056
86809	2882
86809	2886
86809	2896
86809	2905
86809	2910
86809	2915
86809	2934
86809	2967
86809	3487
87923	2934
87923	2935
87923	2939
87923	2950
87923	2959
87923	2967
87923	2971
87923	3014
87923	3056
87923	3088
87923	3091
87923	3300
89465	2922
89465	2932
89465	2935
89465	2950
89465	2954
90015	2860
90015	2861
90015	2863
90015	2865
90015	2879
90015	2880
90015	2882
90015	2883
90015	2885
90015	2886
90015	2888
90015	2891
90015	2897
90015	2898
90015	2899
90015	2902
90015	2907
90015	2910
90015	2912
90015	2915
90015	2921
90015	2928
90015	2930
90015	2931
90015	2933
90015	2941
90015	2942
90015	2947
90015	2952
90015	2953
90015	2955
90015	2958
90015	2959
90015	2967
90015	2971
90015	2981
90015	3064
92675	2886
92675	2887
92675	2905
92675	2906
92675	2914
92675	2915
92675	2917
92675	2934
92675	2941
92675	2942
92675	2952
92675	2956
92675	2965
92675	2967
92675	3091
94173	2891
94173	2893
94173	2896
94173	2910
94173	2917
94173	2925
94173	2927
94173	2934
94173	2936
94173	2957
94173	2966
94173	2969
94173	2978
94173	2988
94173	3017
94173	3021
94173	3038
94173	3081
94528	2881
94528	2882
94528	2885
94528	2887
94528	2894
94528	2898
94528	2906
94528	2910
94528	2922
94528	2925
94528	2926
94528	2928
94528	2929
94528	2941
94528	2953
94528	2954
94528	2972
94528	2980
94528	2984
94528	2985
94528	2987
94528	2992
94528	2995
94528	2997
94528	3003
94528	3004
94528	3013
94528	3015
94528	3016
94528	3017
94528	3091
95924	2886
95924	2887
95924	2893
95924	2900
95924	2911
95924	2915
95924	2930
95924	2950
95924	2961
95924	3004
95924	3065
95947	2893
95947	2935
95947	2950
95947	2954
95947	2966
95947	2967
95947	2972
95947	2974
95947	2980
95947	3014
95947	3028
96523	2874
96523	2875
96523	2878
96523	2891
96523	2897
96523	2900
96523	2902
96523	2907
96523	2908
96523	2910
96523	2916
96523	2918
96523	2921
96523	2923
96523	2924
96523	2927
96523	2930
96523	2931
96523	2933
96523	2934
96523	2940
96523	2969
96523	2973
96523	2995
96523	3095
96523	3114
96523	3158
96523	3360
97254	2881
97254	2906
97254	2915
97254	2928
97254	2953
98300	2886
98300	2905
98300	2906
98300	2910
98300	2935
98300	2950
98300	2967
98300	3014
98300	3032
99994	2896
99994	2898
99994	2902
99994	2905
99994	2908
99994	2909
99994	2910
99994	2911
99994	2914
99994	2919
99994	2923
99994	2924
99994	2936
99994	2938
99994	2939
99994	2948
99994	2951
99994	2954
99994	2957
99994	2959
99994	2990
101035	2894
101035	2897
101035	2898
101035	2899
101035	2900
101035	2902
101035	2910
101035	2911
101035	2912
101035	2914
101035	2915
101035	2916
101035	2920
101035	2931
101035	2932
101035	2936
101035	2937
101035	2940
102218	2982
102218	3093
102431	2885
102431	2887
102431	2892
102431	2900
102431	2902
102431	2904
102431	2905
102431	2906
102431	2909
102431	2913
102431	2914
102431	2915
102431	2916
102431	2919
102431	2920
102431	2926
102431	2950
102431	2952
102431	2961
102431	2970
102431	3065
103576	2886
103576	2893
103576	2950
103576	2967
103576	3001
103576	3056
106844	2887
106844	2900
106844	2905
106844	2906
106844	2911
106844	2914
106844	2925
106844	2930
106844	2938
106844	2941
106844	2952
106844	2956
106844	2970
106844	2985
106844	3091
107086	2882
107086	2896
107086	2898
107086	2914
107086	2916
107086	2952
107155	2885
107155	2935
107155	2941
110238	2887
110238	2888
110238	2900
110238	2907
110238	2913
110238	2934
110238	2952
110238	2953
110238	2991
110238	3004
110238	3007
110238	3075
110238	3091
110238	3119
110238	3203
110510	2902
110510	2903
110510	2905
110510	2987
110545	2893
110545	2911
110545	2915
110545	2934
110545	2935
110545	2950
110545	2952
110545	3056
110545	3065
111058	2881
111058	2886
111058	2893
111058	2906
111058	2953
111058	2967
111058	2971
111290	2867
111290	2868
111290	2869
111290	2870
111290	2873
111290	2874
111290	2876
111290	2878
111290	2882
111290	2885
111290	2887
111290	2891
111290	2896
111290	2897
111290	2899
111290	2901
111290	2902
111290	2904
111290	2905
111290	2908
111290	2909
111290	2912
111290	2914
111290	2915
111290	2916
111290	2917
111290	2922
111290	2923
111290	2936
112430	2887
112430	2914
112430	2930
112430	2945
112430	2946
112430	2950
112430	2954
112430	2995
112430	3014
112430	3056
113007	2881
113007	2885
113007	2954
113173	2954
113173	2956
113173	2967
113173	2971
113217	2872
113217	2873
113217	2874
113217	2877
113217	2879
113217	2880
113217	2881
113217	2882
113217	2883
113217	2885
113217	2886
113217	2887
113217	2891
113217	2895
113217	2896
113217	2898
113217	2899
113217	2900
113217	2901
113217	2902
113217	2903
113217	2905
113217	2906
113217	2910
113217	2914
113217	2915
113217	2916
113217	2917
113217	2918
113217	2920
113217	2924
113217	2925
113217	2926
113217	2928
113217	2930
113217	2931
113217	2933
113217	2937
113217	2942
113217	2953
113217	2958
113217	2961
114161	2882
114161	2885
114161	2910
114161	2925
114161	2928
114161	2930
114161	2936
114161	2945
114161	2950
114908	2948
114908	2950
114908	2954
114908	2980
116322	2931
116322	2950
116322	3065
118125	2887
118125	2925
118125	2930
118125	2952
118125	3058
118320	2902
118320	2911
118320	2917
118320	2925
118320	2952
118320	2965
118320	3118
118476	2881
118476	2885
118476	2914
118476	2928
118476	2932
118476	2950
118476	2953
118476	2966
118476	2967
118476	3013
118476	3056
118522	2886
118522	2887
118522	2888
118522	2891
118522	2893
118522	2900
118522	2903
118522	2905
118522	2914
118522	2915
118522	2916
118522	2922
118522	2925
118522	2931
118522	2933
118522	2936
118522	2937
118522	2939
118522	2940
118522	2941
118522	2942
118522	2949
118522	2950
118522	2952
118522	2954
118522	2959
118522	2964
118522	2966
118522	2967
118522	2970
118522	2974
118522	2975
118522	2980
118522	2988
118522	2991
118522	2995
118522	3013
118522	3014
118522	3028
118522	3056
118522	3065
118522	3091
121103	2881
121103	2885
121103	2906
121103	2910
121103	2912
121103	2917
121103	2922
121103	2932
121103	2953
121103	3017
121103	3088
124345	2952
124345	2968
124345	3013
124345	3014
124345	3017
124345	3023
126485	2881
126485	2885
126485	2906
126485	2922
126485	2926
126485	2930
126485	2932
126485	2941
126485	2947
126485	2953
126485	2954
126485	2964
126485	2971
126485	2980
126485	2984
126485	2985
126485	2995
126485	3000
126485	3012
126606	2882
126623	2888
126623	2905
126623	2906
126623	2921
126623	2935
126623	2943
126623	2949
126623	2952
126623	2958
126623	2965
126623	3005
126623	3013
126623	3027
127739	2936
127739	2941
127739	2950
127739	2967
127739	3091
127771	2885
127771	2886
127771	2893
127771	2906
127771	2915
127771	2931
127771	2941
127771	2953
127771	2958
127771	2965
127771	2971
129511	2868
129511	2869
129511	2870
129511	2872
129511	2875
129511	2879
129511	2881
129511	2882
129511	2883
129511	2885
129511	2886
129511	2887
129511	2898
129511	2899
129511	2900
129511	2903
129511	2904
129511	2906
129511	2925
129511	2928
129511	2941
130091	2885
130091	2898
130091	2910
130091	2922
130091	2928
130091	2932
130091	2950
130091	2956
130091	2971
130091	2978
130099	2886
130099	2928
130099	2932
130316	2861
130316	2893
130316	2911
130316	2917
130316	2936
130316	2942
130316	2957
130838	2927
130838	2932
130838	2933
130838	2934
130838	2935
130838	2938
130838	2939
130838	2940
130838	2941
130838	2953
130838	2957
130838	2958
130838	2961
130838	2964
130838	2965
130838	2967
130838	2968
130838	2971
130838	2975
130838	2981
130838	2988
131285	2906
131285	2932
131285	2935
131285	2954
131285	2959
131532	2885
131532	2898
131532	2906
131532	2939
131532	2943
131594	2882
131594	2886
131594	2910
131594	2911
131594	2915
131594	2929
131594	2932
131594	2950
131594	2957
131594	2966
131594	2967
131594	2978
131594	3065
132423	2871
132423	2874
132423	2897
132423	2898
132423	2899
132423	2902
132423	2903
132423	2904
132423	2905
132423	2906
132423	2907
132423	2908
132423	2910
132423	2912
132423	2915
132423	2916
132423	2918
132423	2921
132423	2923
132423	2929
132423	2930
132423	2931
132423	2938
132423	2947
132423	2948
132740	2881
132740	2882
132740	2885
132740	2887
132740	2891
132740	2905
132740	2910
132740	2915
132740	2925
132740	2926
132740	2928
132740	2940
132740	2942
132740	2953
132740	2958
133195	2869
133195	2879
133195	2881
133195	2883
133195	2885
133195	2895
133195	2898
133195	2909
133195	2910
133195	2911
133195	2914
133195	2915
133195	2916
133195	2918
133195	2922
133195	2925
133195	2926
133195	2932
133195	2937
133195	2953
133195	2956
133195	2974
133195	2978
133195	2987
133195	3065
133378	2862
133378	2863
133378	2864
133378	2865
133378	2871
133378	2873
133378	2875
133378	2877
133378	2878
133378	2879
133378	2880
133378	2883
133378	2885
133378	2888
133378	2889
133378	2890
133378	2891
133378	2896
133378	2897
133378	2901
133378	2902
133378	2903
133378	2904
133378	2905
133378	2906
133378	2907
133378	2908
133378	2909
133378	2910
133378	2914
133378	2916
133378	2917
133378	2918
133378	2919
133378	2920
133378	2921
133378	2923
133378	2930
133378	2932
133378	2934
133378	2937
133378	2939
133378	2942
133378	2949
133378	2953
133378	2958
133378	2961
133378	2971
133378	2976
133378	2978
133378	3059
133378	3127
133378	3320
133512	2887
133512	2925
133512	2952
133512	3056
133746	2876
133746	2877
133746	2906
133788	2881
133788	2885
133788	2915
136252	2932
136252	2939
136252	2952
136953	2888
136953	2891
136953	2918
136953	2921
136953	2924
136953	2927
136953	2928
136953	2931
136953	2932
136953	2933
136953	2935
136953	2941
136953	2949
137467	2886
137467	2893
137467	2907
137467	2925
137467	2934
137504	2932
137504	2950
137504	2966
138950	2906
138950	2952
138950	2953
138950	3091
139033	2914
139033	2932
139033	2936
139033	2941
139033	2950
139033	2954
139033	2967
139033	2980
139033	2984
139033	3000
139033	3091
139650	2887
139650	2893
139650	2950
141168	2885
141168	2893
141168	2898
141168	2907
141168	2915
141168	2935
141168	2950
141168	2954
141168	2972
141168	2974
141168	2978
141168	2980
141168	2984
141168	2985
141168	2989
141168	3013
141168	3014
141168	3017
141168	3028
141168	3065
141168	3116
144296	2897
144296	2899
144296	2902
144296	2904
144296	2905
144296	2907
144296	2909
144296	2910
144296	2912
144296	2916
144296	2918
144296	2921
144296	2924
144296	2946
144296	2966
144459	2905
144459	2924
144459	2967
144459	3088
144913	2899
144913	2925
144913	2934
144913	2952
144913	2985
145460	2881
145460	2894
145460	2906
145460	2928
145460	2929
145460	2954
145460	3013
145460	3091
147848	2885
147848	2915
147848	2921
147848	2923
147848	2941
147848	2942
147848	2945
147848	2953
147848	2964
147848	2970
147848	2972
147848	2989
147848	2995
147848	2996
147848	3005
147848	3011
147848	3025
147848	3053
147848	3056
147848	3060
147848	3070
147848	3076
147848	3106
147848	3129
147848	3144
147848	3153
147848	3154
147848	3161
147848	3165
147848	3229
147848	3311
147848	3354
147848	3382
147848	3416
147848	3472
147848	3473
147939	2930
147939	2942
147939	2953
147939	2975
147939	3400
147939	3468
148237	2885
148237	2932
148237	2950
148293	2906
148293	2995
149516	2935
151016	2952
151016	2962
151016	3091
151685	2861
151685	2863
151685	2865
151685	2873
151685	2875
151685	2879
151685	2880
151685	2883
151685	2888
151685	2896
151685	2898
151685	2903
151685	2906
151685	2910
151685	2914
151685	2923
151685	2929
151685	2931
151685	2932
151685	2934
151685	2938
151685	2952
152331	2910
152331	2911
152331	2912
152331	2956
152331	2965
152331	2966
152331	2967
152331	2971
152331	2975
152331	2981
154558	2867
154558	2868
154558	2869
154558	2872
154558	2874
154558	2875
154558	2877
154558	2878
154558	2879
154558	2887
154558	2891
154558	2895
154558	2896
154558	2898
154558	2899
154558	2902
154558	2903
154558	2904
154558	2905
154558	2906
154558	2908
154558	2909
154558	2910
154558	2911
154558	2912
154558	2915
154558	2916
154558	2917
154558	2919
154558	2921
154558	2922
154558	2924
155063	2887
155063	2893
155063	2915
155063	2933
155063	2945
155063	2950
155063	2952
155063	2953
155063	2970
155063	2980
155063	3004
155063	3065
158890	2950
158890	2966
158890	2980
158890	2984
158890	2993
158890	3012
158890	3019
158890	3032
158890	3091
158890	3178
159912	2902
159912	2917
159912	2950
159912	2954
159912	2956
159912	2975
159912	2980
159912	2995
159912	3065
160024	2883
160024	2906
160024	2907
160024	2926
160024	2927
160024	2932
160024	2933
160024	2935
160024	2964
160024	2967
160024	2970
160024	2976
160024	2981
160024	2985
160024	2990
160024	2992
160024	2994
160024	2997
160024	3000
161106	2944
161106	2946
161106	2947
161106	2948
161333	2860
161333	2863
161333	2865
161333	2867
161333	2868
161333	2874
161333	2879
161333	2880
161333	2883
161333	2885
161333	2886
161333	2891
161333	2896
161333	2898
161333	2899
161333	2903
161333	2906
161333	2907
161333	2909
161333	2910
161333	2911
161333	2912
161333	2916
161333	2919
161333	2924
161333	2928
161333	2930
161541	2885
161541	2891
161541	2893
161541	2894
161541	2898
161541	2900
161541	2906
161541	2914
161541	2922
161541	2925
161541	2928
161541	2929
161541	2932
161541	2939
161541	2942
161541	2953
161541	2966
161541	2978
161541	2984
161541	3065
161541	3088
161541	3091
163175	2886
163175	2887
163175	2893
163175	2911
163175	2917
163175	2925
163175	2933
163175	2937
163175	2953
163175	2958
163175	3032
163175	3266
163727	2881
163727	2885
163727	2886
163727	2887
163727	2893
163727	2898
163727	2906
163727	2911
163727	2914
163727	2915
163727	2950
163727	2952
163727	2953
163727	2956
163727	2978
163727	3014
163727	3056
163727	3091
163727	3138
164644	2881
164644	2882
164644	2885
164644	2928
164644	2929
164644	2932
164644	2970
164644	2978
164644	2995
164644	3065
165054	2881
165054	2886
165054	2893
165054	2905
165054	2906
165054	2911
165054	2925
165054	2932
165054	2935
165054	2938
165054	2946
165054	2950
165054	2951
165054	2954
165054	2959
165054	2966
165054	2972
165054	2980
165054	2984
165054	2988
165054	2991
165054	2992
165054	2995
165054	3001
165054	3014
165054	3016
165054	3017
165054	3028
165054	3030
165054	3039
165054	3045
165054	3056
165054	3091
167435	2886
167435	2925
167435	2966
167435	2967
167649	2874
167649	2876
167649	2882
167649	2885
167649	2896
167649	2897
167649	2899
167649	2900
167649	2901
167649	2907
167649	2909
167649	2910
167649	2912
167649	2915
167649	2916
167649	2919
167649	2921
167649	2922
167649	2924
169665	2864
169665	2867
169665	2868
169665	2874
169665	2875
169665	2878
169665	2879
169665	2880
169665	2882
169665	2883
169665	2885
169665	2888
169665	2891
169665	2895
169665	2896
169665	2899
169665	2902
169665	2904
169665	2905
169665	2906
169665	2908
169665	2912
169665	2913
169665	2914
169665	2915
169665	2916
169665	2923
172863	2924
172863	2950
172863	2966
172863	2968
172863	2988
172863	3091
175937	2893
175937	2926
175937	2935
175937	2936
175937	2944
175937	2946
175937	2950
175937	2954
175937	2966
175937	3004
176333	2885
176333	2934
176333	2950
176333	2953
176333	2966
176333	2969
176333	2992
176333	3012
176333	3013
176333	3027
176333	3065
176333	3088
178196	2893
178196	2922
178196	2932
178196	2950
178196	2966
178196	2967
178196	3091
182008	2887
182008	2902
182008	2915
182008	2952
182883	2915
182883	2916
182883	2918
182883	2919
182883	2923
182883	2930
182883	2931
184695	2885
184695	2898
184695	2906
184695	2922
184695	2928
184695	2935
184695	2941
184695	2953
184695	3091
185072	2885
185072	2906
185072	2915
185072	2922
185072	2932
185072	2935
185072	2953
185072	2954
185072	2967
185072	2972
185072	2974
185072	2980
185072	2997
185072	3001
185072	3015
185072	3065
187049	2881
187049	2882
187049	2885
187049	2886
187049	2887
187049	2891
187049	2893
187049	2894
187049	2896
187049	2898
187049	2900
187049	2902
187049	2906
187049	2907
187049	2910
187049	2911
187049	2914
187049	2915
187049	2916
187049	2921
187049	2922
187049	2925
187049	2928
187049	2929
187049	2931
187049	2932
187049	2933
187049	2935
187049	2937
187049	2938
187049	2940
187049	2941
187049	2942
187049	2944
187049	2945
187049	2946
187049	2949
187049	2950
187049	2952
187049	2953
187049	2954
187049	2955
187049	2956
187049	2957
187049	2959
187049	2966
187049	2967
187049	2969
187049	2970
187049	2972
187049	2974
187049	2977
187049	2978
187049	2979
187049	2980
187049	2983
187049	2984
187049	2985
187049	2986
187049	2988
187049	2989
187049	2991
187049	2992
187049	2993
187049	2994
187049	2995
187049	2998
187049	2999
187049	3000
187049	3001
187049	3002
187049	3003
187049	3004
187049	3005
187049	3006
187049	3007
187049	3008
187049	3010
187049	3011
187049	3012
187049	3013
187049	3014
187049	3015
187049	3016
187049	3017
187049	3018
187049	3019
187049	3023
187049	3025
187049	3028
187049	3029
187049	3030
187049	3032
187049	3036
187049	3040
187049	3042
187049	3043
187049	3049
187049	3052
187049	3056
187049	3057
187049	3060
187049	3065
187049	3076
187049	3077
187049	3078
187049	3088
187049	3091
187049	3098
187049	3102
188222	2881
188222	2906
188222	2917
188718	2882
188718	2886
188718	2934
188718	2935
188718	2936
188718	2939
188718	2946
188718	2988
188718	3500
188724	2885
188724	2893
188724	2952
188724	2964
188948	2881
188948	2882
188948	2885
188948	2886
188948	2887
188948	2906
188948	2910
188948	2915
188948	2925
188948	2932
189288	2882
189288	2885
189288	2893
189288	2899
189288	2900
189288	2906
189288	2910
189288	2915
189288	2925
189288	2936
189288	2944
189288	2946
189288	2950
189288	2966
189288	2967
189288	2974
189288	2980
189288	3056
189288	3091
189978	2867
189978	2874
189978	2878
189978	2879
189978	2880
189978	2882
189978	2883
189978	2896
189978	2901
189978	2903
191503	2950
191503	2966
191503	2967
191503	2974
191503	2980
191503	2995
191503	3091
191902	2886
191902	2911
191902	2933
191902	2950
192992	2888
192992	2890
192992	2891
192992	2896
192992	2898
192992	2903
192992	2904
192992	2905
192992	2906
192992	2911
192992	2913
192992	2914
192992	2915
192992	2918
192992	2919
192992	2920
192992	2921
192992	2922
192992	2923
192992	2926
192992	2929
192992	2932
192992	2935
192992	2938
192992	2939
192992	2942
192992	2948
192992	2953
192992	2954
192992	2956
192992	2957
192992	2958
192992	2964
192992	2977
194952	2885
194952	2886
194952	2887
194952	2894
194952	2906
194952	2935
194952	2943
194952	2952
194952	2958
194952	3014
194952	3056
194952	3091
198256	2935
198256	2938
198256	2975
198256	3065
199007	2886
199007	2894
199007	2921
199007	2937
199007	3056
199069	2893
199069	2902
199069	2914
199069	2916
199069	2917
199069	2922
199069	2930
199069	2932
199069	2934
199069	2935
199069	2936
199069	2938
199069	2939
199069	2942
199069	2944
199069	2945
199069	2946
199069	2947
199069	2948
199069	2950
199069	2951
199069	2953
199069	2954
199069	2955
199069	2956
199069	2957
199069	2958
199069	2959
199069	2961
199069	2964
199069	2965
199069	2966
199069	2967
199069	2968
199069	2969
199069	2970
199069	2971
199069	2975
199069	2976
199069	2977
199069	2978
199069	2979
199069	2980
199069	2985
199069	2986
199069	2987
199069	2988
199069	2989
199069	2992
199069	2995
199069	3004
199069	3005
199069	3012
199069	3013
199069	3014
199069	3017
199069	3027
199069	3056
199069	3078
199069	3088
199339	2893
199339	2939
199339	2954
199339	2955
199339	2964
199339	2967
200126	2885
200126	2893
200126	2906
200126	2914
200126	2922
200126	2936
200126	2950
200126	2952
200126	2967
200126	2985
200126	3065
200126	3091
200665	2950
200665	2952
200665	2967
201865	2886
201865	2887
201865	2893
201865	2906
201865	2910
201865	2919
201865	2936
201865	2956
201865	2957
201865	3056
201865	3091
203295	2893
203295	2950
203295	2952
203295	2954
203295	2980
203295	2992
203506	2950
203506	2954
203506	2972
203506	2980
203506	3014
203506	3017
203506	3028
204895	2893
204895	2950
204895	2954
206404	2881
206404	2882
206404	2885
206404	2891
206404	2893
206404	2894
206404	2898
206404	2910
206404	2914
206404	2917
206404	2922
206404	2926
206404	2932
206404	2936
206404	2941
206404	2943
206404	2945
206404	2956
206404	2957
206404	2958
206404	2971
206404	2985
206404	2988
206404	2995
206557	2906
208070	2952
208070	2975
208070	2980
208070	2985
208598	2885
208598	2902
208598	2914
208598	2917
208598	2935
209308	2881
209308	2885
209308	2886
209308	2887
209308	2893
209308	2910
209308	2911
209308	2914
209308	2915
209308	2922
209308	2932
209308	2935
209308	2936
209308	2950
209308	2953
209308	2954
209308	2966
209308	2967
209308	2972
209308	2974
209308	2978
209308	2980
209308	3001
209308	3013
209308	3014
209308	3018
209308	3032
209308	3056
209308	3091
209375	2885
209375	2936
211747	2886
211747	2910
211747	2933
211747	2936
211747	2966
211747	3091
211825	2869
211825	2891
211825	2896
211825	2898
211825	2900
211825	2903
211825	2915
211825	2943
211825	2958
211825	2968
211825	2980
211825	3172
213035	2885
213035	2886
213035	2893
213035	2950
213035	2966
213035	2967
213035	2980
213035	2984
213035	2986
213035	3091
213035	3354
214461	2900
214461	2906
214461	3056
215493	2879
215493	2881
215493	2882
215493	2883
215493	2885
215493	2886
215493	2887
215493	2893
215493	2894
215493	2896
215493	2906
215493	2911
215493	2914
215493	2915
215493	2918
215493	2924
215493	2926
215493	2932
215493	2935
215493	2941
215493	2952
215493	2954
215493	2958
215493	2964
215493	2967
215493	2975
215493	2978
215493	3046
216738	2893
216738	2917
217248	2886
217248	2898
217248	2915
217248	2916
217248	2925
217248	2952
217248	2953
217248	2978
217248	3175
217248	3266
217248	3286
217814	2881
217814	2885
217814	2886
217814	2893
217814	2932
217814	2941
217814	2950
217814	2972
217814	2980
217814	2984
217814	3001
219202	2879
219202	2882
219202	2885
219202	2887
219202	2899
219202	2900
219202	2915
219202	2917
219202	2945
219202	2946
219202	2952
219202	2970
219202	3003
219202	3088
219369	2936
219369	2954
219369	2967
219369	2980
219369	3014
219369	3056
219516	2860
219516	2863
219516	2865
219516	2867
219516	2868
219516	2871
219516	2874
219516	2875
219516	2878
219516	2879
219516	2880
219516	2881
219516	2882
219516	2883
219516	2885
219516	2886
219516	2888
219516	2891
219516	2893
219516	2895
219516	2896
219516	2897
219516	2898
219516	2899
219516	2902
219516	2903
219516	2904
219516	2905
219516	2906
219516	2907
219516	2909
219516	2910
219516	2911
219516	2912
219516	2914
219516	2915
219516	2916
219516	2917
219516	2918
219516	2919
219516	2960
219516	2990
219516	3057
219719	2893
219719	2911
219719	2936
219719	2950
219719	2956
219719	2966
219719	2967
221564	2881
221564	2936
221564	3318
221746	2893
221746	2905
221746	2914
221746	2916
221746	2917
221746	2935
221746	2936
221746	2954
221746	2966
221746	2967
221746	2968
221746	2972
221746	2974
221746	2980
221746	2984
221746	2985
221746	2989
221746	3005
221746	3056
222886	2919
222886	2934
222886	2935
222886	2946
222886	2988
222886	3056
222886	3088
224073	2886
224073	2887
224073	2893
224073	2894
224073	2911
224073	2922
224073	2935
224073	2936
224073	2950
224073	2967
224073	3013
224661	2881
224661	2886
224661	2893
224661	2906
224661	2907
224661	2915
224661	2917
224661	2932
224661	2934
224661	2950
224661	2953
224661	2954
224661	2957
224661	2966
224661	2971
224661	2978
224661	2980
224661	2984
224661	3005
224661	3065
225204	2882
225204	2886
225204	2893
225204	2906
225204	2911
225204	2935
225204	3056
226264	2875
226264	2876
226264	2882
226264	2885
226264	2886
226264	2887
226264	2893
226264	2900
226264	2902
226264	2906
226264	2910
226264	2911
226264	2914
226264	2915
226264	2922
226264	2925
226264	2930
226264	2932
226264	2935
226264	2936
226264	2941
226264	2952
226264	2956
226264	2966
226264	2978
226264	2980
226264	2989
226264	3013
226264	3014
226264	3056
226264	3065
226264	3091
227249	2881
227249	2885
227249	2910
227249	2935
227249	2953
227249	2954
227249	2979
227249	2987
227249	3028
227249	3068
227249	3091
228053	2881
228053	2882
228053	2885
228053	2886
228053	2887
228053	2891
228053	2893
228053	2898
228053	2902
228053	2911
228053	2914
228053	2915
228053	2916
228053	2925
228053	2926
228053	2928
228053	2932
228053	2933
228053	2938
228053	2940
228053	2941
228053	2943
228053	2952
228053	2953
228053	2954
228053	2955
228053	2958
228053	2967
228053	2971
228053	2978
228053	2984
230291	2882
230291	2885
230291	2894
230291	2922
230291	2928
230291	2933
230291	2942
230291	2945
230291	2950
230291	2954
230291	2956
230291	2962
230291	2965
230291	2978
230291	2988
230291	2992
230291	3027
230291	3088
231583	2893
231583	2950
231583	2967
232511	2886
232511	2893
232511	2950
232511	2966
232511	2980
232511	3091
233252	2893
233252	2910
233252	2950
233252	2988
233739	2885
233739	2887
233739	2893
233739	2950
233739	2956
233739	3001
236270	2898
236270	2899
236270	2906
236270	2910
236270	3091
236493	2881
236493	2882
236493	2885
236493	2887
236493	2898
236493	2902
236493	2906
236493	2911
236493	2912
236493	2914
236493	2915
236493	2922
236493	2925
236493	2928
236493	2932
236493	2935
236493	2936
236493	2941
236493	2945
236493	2950
236493	2953
236493	2954
236493	2956
236493	2957
236493	2964
236493	2967
236493	2970
236493	2971
236493	2972
236493	2978
236493	2980
236493	2995
236493	3011
236493	3014
236493	3065
236493	3091
237810	2885
237810	2886
237810	2891
237810	2893
237810	2905
237810	2906
237810	2916
237810	2925
237810	2930
237810	2934
237810	2935
237810	2937
237810	2938
237810	2939
237810	2941
237810	2943
237810	2953
237810	2954
237810	2955
237810	2956
237810	2957
237810	2966
237810	2969
237810	2972
237810	2973
237810	2982
237810	2984
237810	2985
237810	2988
237810	2995
237810	3012
237810	3027
237810	3030
240042	2963
240042	2979
240042	3030
240229	2885
240229	2886
240229	2891
240229	2893
240229	2900
240229	2911
240229	2915
240229	2917
240229	2918
240229	2922
240229	2925
240229	2933
240229	2937
240229	2940
240229	2941
240229	2943
240229	2953
240229	2959
240229	2961
240229	3091
241441	2887
241441	2891
241441	2911
241441	2915
241441	2932
241441	2933
241441	2936
241441	2941
241441	2954
241441	2956
241441	2958
241441	2961
241441	2965
241441	2971
241441	2980
241441	2984
241441	3001
241441	3014
241441	3091
242159	2878
242159	2879
242159	2880
242159	2881
242159	2882
242159	2883
242159	2885
242159	2886
242159	2888
242159	2889
242159	2891
242159	2894
242159	2896
242159	2897
242159	2899
242159	2900
242159	2901
242159	2902
242159	2903
242159	2905
242159	2908
242159	2910
242159	2912
242159	2915
242159	2916
242159	2917
242159	2918
242159	2919
242159	2920
242159	2927
242159	2930
242159	2933
242159	2938
242159	2939
242159	2940
242159	2943
242159	2958
242159	2978
243236	2893
243236	2952
246132	2863
246132	2865
246132	2868
246132	2871
246132	2875
246132	2882
246132	2885
246132	2895
246132	2910
246132	2915
246132	2916
246132	2922
246132	2928
246132	2929
246132	2931
246132	2934
246132	2935
246132	2938
246132	2940
246132	2944
246132	2948
246132	2949
246132	2951
246132	2959
246132	2960
246132	2962
246132	2972
246132	2973
246132	2974
246132	2977
246632	2882
246632	2893
246632	2910
246632	2922
246632	2932
246632	2967
246632	2974
246632	3056
248665	2922
248665	2936
248665	2950
248665	2971
248755	2886
248755	2893
248755	2950
248755	2956
251084	2902
251084	2905
251084	2911
251084	2914
251084	2915
251084	2917
251084	2919
251084	2922
251084	2930
251084	2932
251084	2933
251084	2934
251084	2935
251084	2936
251084	2937
251084	2938
251084	2939
251084	2944
251084	2945
251084	2946
251084	2947
251084	2948
251084	2949
251084	2950
251084	2951
251084	2953
251084	2954
251084	2955
251084	2957
251084	2960
251084	2962
251084	2963
251084	2964
251084	2965
251084	2966
251084	2968
251084	2969
251084	2971
251084	2972
251084	2974
251084	2975
251084	2977
251084	2978
251084	2979
251084	2984
251084	2985
251084	2988
251084	2989
251084	2992
251084	2995
251084	2996
251084	2997
251084	3000
251084	3001
251084	3003
251084	3004
251084	3005
251084	3008
251084	3010
251084	3015
251084	3017
251084	3022
251084	3023
251084	3025
251084	3028
251084	3029
251084	3030
251084	3040
251084	3042
251084	3045
251084	3056
251084	3060
251084	3065
251084	3076
251084	3091
251407	2881
251407	2882
251407	2886
251407	2891
251407	2900
251407	2905
251407	2910
251407	2911
251407	2914
251407	2915
251407	2917
251407	2928
251407	2936
251407	2950
251407	2953
251407	2966
251407	2967
251407	2985
251407	2987
251407	3065
251940	2891
251940	2910
251940	2911
251940	2925
251940	2931
252984	2882
252984	2896
252984	2905
252984	2907
252984	2910
252984	2911
252984	2914
252984	2915
252984	2921
252984	2930
252984	2935
252984	2938
252984	2953
252984	2980
252984	3065
254673	2881
254673	2882
254673	2885
254673	2886
254673	2887
254673	2893
254673	2894
254673	2898
254673	2902
254673	2906
254673	2907
254673	2910
254673	2911
254673	2914
254673	2917
254673	2918
254673	2919
254673	2921
254673	2922
254673	2924
254673	2925
254673	2928
254673	2929
254673	2933
254673	2934
254673	2935
254673	2936
254673	2938
254673	2939
254673	2940
254673	2943
254673	2945
254673	2950
254673	2952
254673	2953
254673	2958
254673	2961
254673	2964
254673	2966
254673	2967
254673	2970
254673	2971
254673	2974
254673	2975
254673	2978
254673	2985
254673	2991
254673	3014
254673	3015
254673	3017
254673	3065
254673	3078
254673	3088
254673	3091
254673	3093
254673	3216
254673	3336
255195	2935
255195	2963
255195	2967
255195	2972
255195	2974
255195	2977
255195	2980
255195	2986
255195	2995
255195	2996
255195	3014
255195	3017
255377	2950
255377	2972
255377	2980
255377	2997
255693	2890
255693	2899
255693	2903
255693	2912
255693	2913
255693	2916
255693	2920
255693	2922
255693	2928
255693	2934
255693	2944
255693	2955
255693	2978
255693	2980
255693	2983
255693	2995
255693	3006
255961	2893
255961	2932
255961	2950
255961	2966
255961	3056
255961	3065
256126	2886
256126	2893
256126	2910
256126	2915
256126	3014
258734	2886
258734	2893
258734	2911
258734	2936
258734	3091
259847	2953
259847	2954
259847	2957
259847	2974
259847	2978
259847	2980
259847	2995
259847	3065
259952	2887
259952	2896
259952	2900
259952	2906
259952	2911
259952	2915
259952	2917
259952	2918
259952	2922
259952	2925
259952	2928
259952	2933
259952	2943
259952	2945
259952	2946
259952	2948
259952	2951
259952	2953
259952	2963
259952	2965
259952	2970
259952	2973
259952	2974
259952	2979
259952	2980
259952	2984
259952	2989
259952	2991
259952	2998
259952	3000
259952	3004
259952	3005
259952	3007
259952	3013
259952	3017
259952	3035
259952	3048
259952	3056
259952	3065
259952	3088
261982	2950
261982	2954
261982	3013
262445	2881
262445	2888
262445	2906
262445	2914
262445	2915
262445	2917
262445	2925
262445	2928
262445	2938
262445	2941
262445	2943
262445	2952
262445	2953
262445	2956
262445	2967
262726	2886
262726	2893
262726	2922
262726	2950
262726	2954
262726	2966
262726	2980
262726	3015
262726	3056
262726	3065
262726	3091
263454	2950
263454	2952
263454	3056
263856	2887
263856	2888
263856	2891
263856	2894
263856	2895
263856	2898
263856	2899
263856	2902
263856	2905
263856	2908
263856	2912
263856	2913
263856	2917
263856	2919
263856	2921
263856	2922
263856	2924
263856	2926
263856	2932
263856	2937
263856	2938
263856	2939
263856	2943
263856	2944
263856	2948
263856	2960
263856	2992
263856	3027
264025	2881
264025	2882
264025	2885
264025	2898
264025	2906
264025	2926
264090	2892
264090	2902
264090	2917
264090	2938
264090	2939
264090	2950
264090	2964
264090	2976
264090	2994
264090	3221
264135	2919
264135	2922
264135	2932
264135	2934
264135	2935
264135	2936
264135	2938
264135	2939
264135	2944
264135	2945
264135	2946
264135	2947
264135	2948
264135	2949
264135	2950
264135	2954
264135	2955
264135	2957
264135	2959
264135	2960
264135	2962
264135	2963
264135	2964
264135	2966
264135	2967
264135	2968
264135	2969
264135	2970
264135	2971
264135	2972
264135	2973
264135	2974
264135	2975
264135	2976
264135	2977
264135	2978
264135	2979
264135	2980
264135	2982
264135	2984
264135	2985
264135	2986
264135	2987
264135	2988
264135	2989
264135	2991
264135	2992
264135	2995
264135	2996
264135	2997
264135	2998
264135	2999
264135	3000
264135	3001
264135	3004
264135	3005
264135	3010
264135	3012
264135	3013
264135	3014
264135	3017
264135	3023
264135	3027
264135	3028
264135	3030
264135	3035
264135	3042
264135	3044
264135	3056
264135	3065
264135	3078
264135	3088
264135	3091
264490	2932
264490	2938
264490	2956
264490	2957
264490	2959
264490	2961
264490	2964
264490	2978
266031	2932
266031	2954
266031	2971
266031	2978
266031	3013
266356	2925
266356	2927
266356	2966
266837	2885
266837	2886
266837	2887
266837	2898
266837	2906
266837	2932
266837	2938
266837	2950
266837	2953
266837	2964
266837	2995
266837	3019
266837	3091
267590	2885
267590	2893
267590	2906
267590	2914
267590	2950
267590	2953
267590	2978
267783	2923
267783	2952
267783	2961
268762	2887
268762	2906
268762	2915
268762	2935
268762	2966
268762	2978
268762	3015
268762	3032
268891	2886
268891	2910
268891	2950
268891	3056
268891	3065
268891	3091
268991	2893
268991	2906
268991	2922
268991	2950
268991	2954
268991	2967
268991	2978
268991	2980
269720	2950
269720	2991
269720	3029
271089	2887
271089	2915
271089	2952
271966	3065
271976	2902
271976	2954
271976	2980
271976	3065
272179	2886
272179	2891
272179	2893
272179	2910
272179	2925
272179	2926
272179	2930
272179	2934
272179	2942
272179	2946
272179	2950
272179	2952
272805	2906
272805	2950
272805	2980
273258	2915
273258	2920
273258	2925
273258	2950
273258	2951
273258	2952
273258	3065
273691	2887
273691	2893
273691	2915
273691	2925
273691	2950
273691	2952
273691	2957
273691	2975
273691	3091
274161	2930
274161	2935
274161	2950
274161	2964
275246	2906
275246	2910
275246	2943
275246	3065
276034	2932
276034	2978
276034	2989
276034	2995
276034	3014
276034	3091
277439	2893
277439	2910
277439	2922
277439	2950
277439	2954
277439	2980
277439	3012
278559	2862
278559	2878
278559	2882
278559	2888
278559	2897
278559	2898
278559	2900
278559	2902
278559	2905
278559	2910
278559	2917
278559	2918
278559	2943
278559	2965
278559	2971
281734	2903
281734	2906
281734	2910
281734	2911
281734	2931
281734	2932
282486	2935
282486	2950
282486	2952
282486	2954
282486	2970
282486	3013
282486	3056
282486	3091
282486	3100
284565	2914
284565	2936
284565	2954
284565	2971
284565	2980
290703	2914
290703	2939
290703	2957
290703	2961
290703	2964
290703	2966
290703	3028
290703	3065
290703	3091
290977	2882
290977	2886
290977	2894
290977	2896
290977	2898
290977	2906
290977	2910
290977	2914
290977	2915
290977	2928
290977	2932
290977	2946
290977	2950
290977	2951
290977	2953
290977	2954
290977	2957
290977	2961
290977	2966
290977	2967
290977	2974
290977	2978
290977	2991
290977	2995
290977	3028
290977	3091
292663	2873
292663	2879
292663	2881
292663	2882
292663	2885
292663	2890
292663	2894
292663	2897
292663	2898
292663	2899
292663	2900
292663	2902
292663	2906
292663	2911
292663	2922
292663	2923
292663	2925
292663	2928
292663	2929
292663	2932
292663	2933
292663	2935
292663	2936
292663	2937
292663	2938
292663	2939
292663	2940
292663	2948
292663	2950
292663	2952
292663	2953
292663	2954
292663	2961
292663	2964
292663	2965
292663	2967
292663	2970
292663	2971
292663	2975
292663	2980
292663	2981
292663	3004
292663	3014
292663	3056
294461	2980
296242	2887
296242	2891
296242	2915
296242	2917
296242	2929
296242	2988
296242	3042
296242	3056
296244	2886
296244	2893
296244	2898
296244	2915
296244	2950
296244	2957
296244	3081
297061	2864
297061	2867
297061	2879
297061	2893
297061	2896
297061	2903
297061	2910
297061	2912
297061	2918
297061	2941
297061	2950
297061	2953
297623	2881
297623	2882
297623	2885
297623	2887
297623	2900
297623	2915
297623	2935
297623	2939
297623	2943
297623	2980
297623	3065
297623	3088
297623	3175
298825	2885
298825	2886
298825	2914
298825	2950
298825	2954
299210	2893
299210	2906
299210	2922
299210	2935
299210	2964
299210	2966
299210	2967
299210	2985
299210	2987
299210	2992
299210	2995
299884	2881
299884	2936
299884	2945
299884	2953
299884	2954
299884	2967
299884	2975
299884	2980
299884	2982
299884	2995
299884	3012
299884	3065
300562	2866
300562	2867
300562	2871
300562	2874
300562	2875
300562	2876
300562	2877
300562	2878
300562	2879
300562	2880
300562	2883
300562	2885
300562	2888
300562	2889
300562	2891
300562	2895
300562	2897
300562	2898
300562	2899
300562	2900
300562	2901
300562	2902
300562	2903
300562	2904
300562	2905
300562	2906
300562	2907
300562	2908
300562	2910
300562	2914
300562	2916
300562	2918
300562	2921
300562	2924
300562	2961
301487	2936
301487	2950
301487	2967
302110	2876
302110	2877
302110	2879
302110	2880
302110	2881
302110	2882
302110	2883
302110	2885
302110	2886
302110	2887
302110	2890
302110	2891
302110	2894
302110	2896
302110	2897
302110	2898
302110	2900
302110	2901
302110	2902
302110	2903
302110	2904
302110	2905
302110	2906
302110	2908
302110	2914
302110	2915
302110	2916
302110	2917
302110	2936
302110	2950
302488	2862
302488	2863
302488	2867
302488	2878
302488	2879
302488	2882
302488	2885
302488	2886
302488	2891
302488	2896
302488	3002
302645	2906
302645	2936
302645	2942
302645	2950
302645	2967
302645	3178
302645	3416
303269	2881
303269	2882
303269	2885
303269	2886
303269	2887
303269	2894
303269	2898
303269	2902
303269	2906
303269	2928
303269	2929
303269	2934
303269	2936
303269	2950
303269	2952
303269	2956
303269	2967
303269	3065
303269	3091
305182	2935
305182	2939
305182	2951
305182	2958
305182	2989
306282	2885
306282	2886
306282	2887
306282	2891
306282	2893
306282	2900
306282	2906
306282	2914
306282	2917
306282	2931
306282	2936
306282	2939
306282	2948
306282	2949
306282	2952
306282	2953
306282	2954
306282	2955
306282	2958
306282	2966
306282	2967
306282	2969
306282	2970
306282	2986
306282	3013
306282	3065
306688	2885
306688	2900
306688	2906
306688	2910
306688	2918
306688	2932
306688	2935
306688	2943
306688	2953
306688	2954
306688	2966
306688	2974
306688	2978
306688	2980
306688	3012
306688	3013
307201	2860
307201	2863
307201	2865
307201	2867
307201	2868
307201	2869
307201	2871
307201	2875
307201	2877
307201	2878
307201	2879
307201	2880
307201	2881
307201	2882
307201	2883
307201	2885
307201	2888
307201	2891
307201	2892
307201	2894
307201	2896
307201	2897
307201	2902
307201	2903
307201	2905
307201	2906
307201	2907
307201	2908
307201	2910
307201	2913
307201	2915
307201	2916
307201	2919
307201	2921
307201	2922
307201	2924
307201	2927
307201	2928
307201	2929
307201	2931
307201	2932
307201	2933
307201	2934
307201	2940
307201	2942
307201	2943
307201	2944
307201	2945
307201	2948
307706	2932
307706	2936
307706	2939
307706	2940
307706	2950
307706	2957
307706	3127
308453	2880
308453	2881
308453	2882
308453	2883
308453	2885
308453	2886
308453	2891
308453	2896
308453	2897
308453	2898
308453	2902
308453	2910
308453	2914
308453	2915
308453	2916
308453	2919
308453	2921
308453	2928
308453	2929
308453	2930
308453	2931
308453	2932
308453	2934
308453	2937
308453	2938
308453	2939
308453	2945
308834	2861
308834	2867
308834	2868
308834	2869
308834	2870
308834	2871
308834	2873
308834	2874
308834	2875
308834	2876
308834	2879
308834	2880
308834	2881
308834	2882
308834	2883
308834	2885
308834	2886
308834	2888
308834	2891
308834	2894
308834	2896
308834	2897
308834	2898
308834	2902
308834	2903
308834	2906
308834	2907
308834	2910
308834	2911
308834	2912
308834	2914
308834	2916
308834	2918
308834	2921
308834	2985
308834	2988
308834	2989
308834	2995
308834	3005
308834	3056
308834	3090
309162	2922
309162	2932
309162	2935
309162	2939
309162	2950
309162	2953
309162	2954
309162	2958
309162	2971
309162	2978
309162	2980
309162	3013
309162	3091
309926	2893
309926	2914
309926	2944
309926	2945
309926	2948
309926	2950
309926	2954
309926	2966
309926	2970
309926	2971
309926	2974
309926	2980
309926	2984
309926	2991
309926	3028
309926	3056
310354	2867
310354	2868
310354	2869
310354	2870
310354	2871
310354	2872
310354	2873
310354	2874
310354	2875
310354	2879
310354	2880
310354	2881
310354	2882
310354	2883
310354	2885
310354	2886
310354	2887
310354	2888
310354	2891
310354	2894
310354	2895
310354	2896
310354	2897
310354	2898
310354	2899
310354	2901
310354	2902
310354	2904
310354	2905
310354	2906
310354	2907
310354	2908
310354	2909
310354	2910
310354	2911
310354	2912
310354	2914
310354	2915
310354	2916
310354	2917
310354	2918
310354	2919
310354	2920
310354	2921
310354	2923
310354	2924
310354	2937
310354	2938
310354	2939
310354	2942
310354	2946
310354	2956
310354	2959
310354	2961
310354	2966
310354	3065
310354	3091
310461	2931
310461	2932
310461	2950
310461	2952
310461	3065
310499	2886
310499	2887
310499	2893
310499	2900
310499	2915
310499	2940
310499	2948
310499	2949
310499	2952
310499	2964
310499	2966
310499	2992
310499	3019
310499	3028
310499	3056
310499	3065
310499	3091
312108	2879
312108	2885
312108	2886
312108	2887
312108	2916
312108	2922
312108	2932
312108	2934
312108	2938
312108	2950
312108	2954
312108	2966
312108	2967
312108	2975
312108	2980
312108	3087
312497	2877
312497	2878
312497	2880
312497	2881
312497	2882
312497	2883
312497	2884
312497	2885
312497	2886
312497	2887
312497	2891
312497	2893
312497	2894
312497	2895
312497	2896
312497	2897
312497	2898
312497	2899
312497	2900
312497	2901
312497	2902
312497	2903
312497	2904
312497	2905
312497	2906
312497	2908
312497	2909
312497	2910
312497	2911
312497	2912
312497	2914
312497	2915
312497	2916
312497	2917
312497	2918
312497	2919
312497	2922
312497	2924
312497	2925
312497	2927
312497	2928
312497	2931
312497	2932
312497	2933
312497	2934
312497	2935
312497	2936
312497	2938
312497	2939
312497	2940
312497	2945
312497	2950
312497	2978
312497	2980
312497	3013
312497	3091
313893	2893
313893	2914
313893	2953
313893	2971
313893	2976
313893	3078
314302	2907
314302	2910
314302	2949
314302	2966
314302	3065
314302	3091
315749	2881
315749	2885
315749	2950
315749	2954
315749	2966
315749	2969
315749	2980
316528	2893
316528	2902
316528	2906
316528	2930
316528	2938
316528	2941
316528	3021
316528	3081
318503	2882
318503	2887
318503	2891
318503	2894
318503	2896
318503	2900
318503	2902
318503	2903
318503	2910
318503	2914
318503	2915
318503	2917
318503	2922
318503	2925
318503	2928
318503	2933
318503	2935
318503	2938
318503	2940
318503	2941
318503	2950
318503	2952
318503	2956
318503	2961
318503	2988
318503	3065
318503	3091
318518	2881
318518	2886
318518	2893
318518	2906
318518	2911
318518	2925
318518	2932
318518	2936
318518	2950
318518	2952
318518	2953
318518	2954
318518	2967
318518	2972
318518	2978
318518	2979
318518	2980
318518	2989
318518	2997
318518	3002
318518	3007
318518	3012
318518	3016
318518	3056
318518	3091
318993	2886
318993	2887
318993	2891
318993	2893
318993	2914
318993	2916
318993	2917
318993	2918
318993	2925
318993	2930
318993	2934
318993	2935
318993	2937
318993	2939
318993	2942
318993	2947
318993	2948
318993	2950
318993	2953
318993	2954
318993	2957
318993	2958
318993	2961
318993	2962
318993	2963
318993	2966
318993	2969
318993	2970
318993	2971
318993	2972
318993	2973
318993	2974
318993	2979
318993	2980
318993	2981
318993	2984
318993	2985
318993	2986
318993	2988
318993	2992
318993	3000
318993	3004
318993	3013
318993	3030
318993	3042
318993	3091
319194	2881
319194	2882
319194	2894
319194	2898
319194	2906
319194	2910
319194	2926
319194	2928
319194	2932
319194	2934
319194	2935
319194	2936
319194	2950
319194	2964
319194	2966
319194	2967
319194	2981
319194	2993
319194	2995
320537	2860
320537	2865
320537	2866
320537	2867
320537	2868
320537	2869
320537	2870
320537	2873
320537	2875
320537	2876
320537	2878
320537	2880
320537	2881
320537	2882
320537	2885
320537	2886
320537	2906
320537	2912
320537	2916
320537	2921
320537	2924
320537	2933
320537	2934
320537	2935
320537	2938
320537	2995
321036	2881
321036	2885
321036	2894
321036	2898
321036	2906
321036	2918
321036	2928
321036	2935
321036	2952
321036	2953
321036	2958
321036	2961
321036	3091
321235	2949
321235	2966
321235	2972
321235	2980
321346	2988
321348	2906
321348	2911
321348	2933
321348	2940
321348	2941
321348	2953
321348	2958
321348	3065
321348	3091
321491	2906
321491	2926
321491	2950
321491	2952
321491	2953
321491	2954
321491	2980
321491	2984
321491	3056
321491	3061
321491	3091
322216	2861
322216	2895
322216	2897
322216	2898
322216	2899
322216	2904
322216	2906
322216	2907
322216	2910
322216	2911
322216	2912
322216	2914
322216	2915
322216	2918
322216	2921
322216	2923
322216	2924
322216	2927
322216	2928
322216	2931
322216	2933
322216	2940
322216	2941
322216	2943
322216	2953
322216	2956
322216	2958
322216	2961
322216	2964
322216	2965
322216	2971
322465	2879
322465	2881
322465	2882
322465	2884
322465	2889
322465	2890
322465	2893
322465	2898
322465	2901
322465	2904
322465	2906
322465	2909
322465	2910
322465	2912
322465	2920
322465	2921
322465	2923
322465	2926
322465	2927
322465	3032
322465	3190
322531	2882
322531	2885
322531	2887
322531	2888
322531	2893
322531	2895
322531	2896
322531	2905
322531	2911
322531	2913
322531	2914
322531	2915
322531	2917
322531	2918
322531	2920
322531	2922
322531	2925
322531	2940
324280	2885
324280	2886
324280	2906
324280	2911
324280	2929
324280	2936
324280	2941
324280	2950
324280	2954
324280	2966
324280	2980
325823	2885
325823	2886
325823	2893
326002	2936
326002	2967
326002	3056
326768	2887
326768	2900
326768	2910
326768	2915
326768	2934
326768	2937
326768	2952
326768	2961
326915	2978
326915	3230
327130	2882
327130	2885
327130	2887
327130	2891
327130	2894
327130	2898
327130	2900
327130	2906
327130	2910
327130	2911
327130	2915
327130	2917
327130	2922
327130	2925
327130	2928
327130	2929
327130	2935
327130	2936
327130	2937
327130	2938
327130	2939
327130	2941
327130	2953
327130	2958
327130	2961
327130	2965
327130	2966
327130	2971
327130	2976
327130	2978
327130	2995
327130	3065
327130	3078
327130	3088
327130	3091
327999	2939
327999	3091
329126	2948
330387	2925
330387	2930
330387	3078
330387	3088
330407	2880
330407	2881
330407	2882
330407	2885
330407	2887
330407	2891
330407	2893
330407	2894
330407	2906
330407	2907
330407	2911
330407	2912
330407	2914
330407	2922
330407	2928
330407	2933
330407	2937
330407	2941
330407	2950
330407	2954
330407	2956
330407	2967
330407	2971
330407	2981
330407	2985
330407	2988
330407	2995
330407	3014
330407	3091
332101	2893
332101	2950
332204	2950
332346	2882
332346	2886
332346	2906
332346	2910
332346	2935
332346	2939
332346	2958
332346	2967
334571	2906
334571	2910
334571	2916
334571	2956
334571	2967
334571	2991
334571	3013
334571	3014
334571	3056
334705	2911
334705	2932
334705	2935
334705	2936
334705	2978
334998	3030
