1750	1816
1750	1901
1791	1763
1791	1770
1791	1814
1791	1818
1791	1841
1791	1863
1791	1894
1791	1906
1791	1921
1791	1923
1791	1935
1791	2007
2068	1782
2068	1783
2068	1799
2068	1811
2068	1824
2068	1829
2068	1832
2068	1871
2068	1879
2068	1903
2068	1912
2068	1923
2068	1930
2068	1935
2068	1936
2068	1939
2068	1945
2068	2009
3306	1799
3306	1806
3306	1811
3306	1814
3306	1816
3306	1824
3306	1864
3306	1879
3306	1894
3306	1897
3306	1899
3306	1917
3306	1932
3306	1933
3306	1934
3306	1937
3306	1939
3306	1942
3306	1945
3306	1947
3306	1960
3306	1963
3306	1992
3306	2021
3651	1782
3651	1789
3651	1824
3651	1833
3651	1851
3651	1923
3651	1930
3651	1932
3651	1936
3892	1816
3892	1822
3892	1834
3892	1843
3892	1880
3892	1887
3892	1919
3892	1928
3892	1937
3892	1967
4805	1783
4805	1809
4805	1818
4805	1824
4805	1851
4805	1855
4805	1864
4805	1875
4805	1881
4805	1891
4805	1930
4966	1838
4966	1912
4966	1932
4966	1942
6237	1816
6237	1897
6237	1911
6237	1932
6237	1934
6237	1937
6237	1942
6237	1949
6237	1963
6648	1782
6648	1806
6648	1807
6648	1816
6648	1831
6648	1875
6648	1879
6648	1882
6648	1897
6648	1928
6648	1932
6648	1933
6648	1937
6648	1994
6648	3460
6690	1811
6690	1819
6690	1823
6690	1827
6690	1828
6690	1829
6690	1832
6690	1842
6690	1855
6690	1862
6690	1863
6690	1864
6690	1879
6690	1885
6690	1888
6690	1905
6690	1906
6690	1908
6690	1909
6690	1912
6690	1916
6690	1931
6690	1936
6690	1939
6690	1945
6690	1967
6935	1933
7146	1816
7146	1881
7146	1897
7146	1900
7146	1910
7146	2035
7146	2065
7490	1789
7490	1923
7784	1759
7784	1820
7784	1842
7784	1843
7784	1852
7784	1941
7808	1773
7808	1782
7808	1785
7808	1792
7808	1806
7808	1811
7808	1815
7808	1816
7808	1819
7808	1820
7808	1822
7808	1825
7808	1829
7808	1831
7808	1832
7808	1833
7808	1834
7808	1835
7808	1838
7808	1841
7808	1849
7808	1852
7808	1853
7808	1863
7808	1864
7808	1875
7808	1879
7808	1886
7808	1891
7808	1892
7808	1893
7808	1894
7808	1898
7808	1909
7808	1910
7808	1916
7808	1918
7808	1919
7808	1922
7808	1967
7808	1971
7808	1977
7808	1994
7808	2003
7886	1810
7886	1816
7886	1817
7886	1828
7886	1837
7886	1838
7886	1851
7886	1855
7886	1864
7886	1875
7886	1880
7886	1888
7886	1897
7886	1901
7886	1902
7886	1909
7886	1914
7886	1921
7886	1924
7886	1928
7886	1932
7886	1933
7886	1934
7886	1937
7886	1942
7886	1944
7886	1946
7886	1951
7886	1954
7886	1963
7886	1967
7886	1984
7886	2007
7886	2046
7886	2058
9386	1732
9386	1736
9386	1737
9386	1738
9386	1739
9386	1742
9386	1743
9386	1744
9386	1745
9386	1749
9386	1751
9386	1752
9386	1753
9386	1754
9386	1759
9386	1761
9386	1762
9386	1764
9386	1769
9386	1773
9386	1775
9386	1776
9386	1779
9386	1781
9386	1786
9386	1792
9386	1795
9386	1799
9386	1802
9386	1805
9386	1806
9386	1807
9386	1809
9386	1814
9386	1816
9386	1817
9386	1824
9386	1825
9386	1826
9386	1828
9386	1833
9386	1835
9386	1836
9386	1847
9386	1848
9386	1849
9386	1851
9386	1855
9386	1857
9386	1859
9386	1860
9919	1816
9919	1837
9919	1879
9919	1909
9919	1928
9919	1932
9919	1933
9919	1942
9919	2010
10031	1782
10031	1802
10031	1811
10031	1820
10031	1832
10031	1854
10031	1922
10031	1933
10031	2027
10223	1751
10223	1761
10223	1763
10223	1766
10223	1770
10223	1771
10223	1772
10223	1781
10223	1786
10223	1793
10223	1797
10223	1800
10223	1802
10223	1809
10223	1810
10223	1813
10223	1814
10223	1816
10223	1818
10223	1819
10223	1822
10223	1829
10223	1833
10223	1845
10223	1846
10223	1848
10223	1849
10223	1851
10223	1855
10223	1856
10223	1859
10223	1861
10223	1864
10223	1866
10223	1875
10223	1876
10252	1830
10252	1834
10252	1862
10252	1880
10252	1884
10252	1887
10252	1894
10252	1897
10252	1900
10252	1909
10252	1911
10252	1919
10252	1932
10252	1933
10252	1934
10252	1942
10252	1959
10252	1967
10252	2010
11945	1863
11945	1908
11945	1945
12604	1852
12604	1897
12604	1916
12604	1933
12604	1942
13361	1773
13361	1782
13361	1800
13361	1806
13361	1813
13361	2003
15947	1818
15947	1824
15947	1855
15947	1858
15947	1866
15947	1867
15947	1870
15947	1879
15947	1906
15947	1916
15947	1917
15947	1919
15947	1923
15947	1932
15947	1936
15947	1937
15947	1985
16033	1854
16033	1897
16339	1799
16339	1803
16339	1806
16339	1807
16339	1814
16339	1816
16339	1817
16339	1819
16339	1822
16339	1824
16339	1828
16339	1829
16339	1830
16339	1831
16339	1840
16339	1841
16339	1844
16339	1848
16339	1851
16339	1860
16339	1864
16339	1874
16339	1879
16339	1880
16339	1881
16339	1882
16339	1898
16339	1899
16339	1904
16339	1905
16339	1923
16339	1930
16339	1934
16339	1936
16339	1952
16339	1957
16339	1959
16339	1967
16339	1993
16339	2030
16385	1811
16385	1816
16385	1822
16385	1827
16385	1832
16385	1834
16385	1836
16385	1838
16385	1843
16385	1864
16385	1867
16385	1902
16385	1903
16385	1914
16385	1915
16385	1928
16385	1972
17064	1806
17064	1813
17064	1816
17064	1817
17064	1859
17064	1863
17064	1867
17064	1875
17064	1877
17064	1878
17064	1880
17064	1915
17064	1932
17064	1933
17064	1936
17064	1942
17064	1945
17064	1963
17064	1971
17064	1977
17064	1982
18825	1811
18825	1816
18825	1846
18825	1863
18825	1874
18825	1881
18825	1882
18825	1932
19141	1782
19141	1816
19141	1933
19141	1939
20447	1810
20447	1811
20447	1816
20447	1827
20447	1829
20447	1832
20447	1836
20447	1837
20447	1843
20447	1853
20447	1864
20447	1891
20447	1897
20447	1901
20447	1910
20447	1912
20447	1916
20447	1924
20447	1933
20447	1937
20447	1942
20447	1947
20447	1955
20447	1956
20447	1959
20447	1960
20447	1972
20447	1986
20447	2113
23192	1800
23192	1811
23192	1816
23192	1818
23192	1836
23192	1852
23192	1853
23192	1855
23192	1858
23192	1862
23192	1881
23192	1923
23192	1930
23192	1932
23192	1933
23192	1936
23192	1945
23192	1947
23192	2007
24134	1811
24134	1816
24134	1822
24134	1828
24134	1832
24134	1845
24134	1846
24134	1903
24134	1910
24134	1916
24134	1945
24134	1955
24134	1994
24217	1814
24217	1824
24217	1859
24217	1864
24217	1881
24371	1758
24371	1763
24371	1770
24371	1782
24371	1783
24371	1789
24371	1799
24371	1806
24371	1811
24371	1816
24371	1818
24371	1820
24371	1824
24371	1829
24371	1831
24371	1832
24371	1833
24371	1836
24371	1837
24371	1841
24371	1844
24371	1845
24371	1852
24371	1855
24371	1858
24371	1859
24371	1860
24371	1863
24371	1866
24371	1867
24371	1869
24371	1870
24371	1872
24371	1874
24371	1875
24371	1879
24371	1880
24371	1881
24371	1886
24371	1888
24371	1893
24371	1895
24371	1896
24371	1897
24371	1898
24371	1902
24371	1904
24371	1906
24371	1910
24371	1920
24371	1923
24371	1930
24371	1931
24371	1932
24371	1933
24371	1936
24371	1937
24371	1945
24371	1952
24371	1967
24371	1971
24371	1973
24371	1984
24371	1994
24371	2002
24371	2007
24371	2011
24371	2014
24371	2027
26712	1760
26712	1779
26712	1780
26712	1799
26712	1803
26712	1805
26712	1810
26712	1813
26712	1825
26712	1826
26712	1827
26712	1830
26712	1853
26712	1857
26712	1868
26712	1872
26712	1874
26712	1885
26712	1896
26712	1927
26712	1952
26712	1987
26712	2113
26712	2119
27321	1811
27321	1816
27321	1824
27321	1851
27321	1863
27321	1869
27321	1870
27321	1921
27321	1971
27501	1816
27501	1830
27501	1932
27501	2195
29255	1770
29255	1787
29255	1793
29255	1797
29255	1799
29255	1800
29255	1806
29255	1807
29255	1809
29255	1810
29255	1811
29255	1814
29255	1815
29255	1816
29255	1817
29255	1819
29255	1820
29255	1822
29255	1824
29255	1825
29255	1827
29255	1830
29255	1833
29255	1836
29255	1837
29255	1840
29255	1843
29255	1845
29255	1846
29255	1847
29255	1848
29255	1849
29255	1851
29255	1852
29255	1854
29255	1855
29255	1857
29255	1860
29255	1864
29255	1873
29255	1875
29255	1876
29255	1878
29255	1879
29255	1880
29255	1882
29255	1883
29255	1885
29255	1888
29255	1893
29255	1894
29255	1903
29255	1915
29255	1920
29255	1931
29255	3486
29778	1811
29778	1816
29778	1849
29778	1855
29778	1867
29778	1879
29778	1885
29778	1886
29778	1897
29778	1916
29778	1933
29778	1934
29778	1936
29778	1937
29778	1939
29778	1942
29778	1943
29778	1947
29778	1960
29778	1969
30733	1855
30733	1867
30733	1879
30733	1923
30733	1937
30733	1942
30733	2014
33540	1928
33540	2050
34154	1811
34154	1816
34154	1822
34154	1824
34154	1825
34154	1854
34154	1858
34154	1877
34154	1891
34154	1893
34154	1897
34154	1900
34154	1916
34154	1934
34154	1937
34154	1942
34154	2026
34611	1818
34611	1827
34611	1844
34611	1874
34611	1892
34611	1902
34611	1939
34611	2002
35478	1751
35478	1753
35478	1754
35478	1758
35478	1759
35478	1760
35478	1761
35478	1762
35478	1764
35478	1771
35478	1772
35478	1774
35478	1775
35478	1779
35478	1781
35478	1787
35478	1792
35478	1793
35478	1795
35478	1797
35478	1798
35478	1799
35478	1800
35478	1802
35478	1808
35478	1811
35478	1812
35478	1813
35478	1814
35478	1817
35478	1819
35478	1820
35478	1822
35478	1824
35478	1827
35478	1828
35478	1829
35478	1832
35478	1833
35478	1835
35478	1836
35478	1837
35478	1838
35478	1844
35478	1845
35478	1846
35478	1847
35478	1848
35478	1849
35478	1851
35478	1852
35478	1855
35478	1860
35478	1866
35478	1868
35478	1869
35478	1871
35478	1873
35478	1884
35478	1885
35478	1886
35478	1888
35478	1898
35478	1903
35713	1785
35713	1810
35713	1815
35713	1823
35713	1827
35713	1843
35713	1867
35713	1871
35713	1872
35713	1875
35713	1891
35713	1902
35713	1908
35713	1912
35713	1914
35713	1915
35713	1928
35713	1932
35713	2002
35966	1782
35966	1816
35966	1863
35966	1879
35966	1934
35966	1937
35966	1945
35966	1963
36790	1816
36790	1854
36790	1897
36790	1912
36790	1915
36790	1933
36790	1934
36790	1937
36790	1947
36790	1992
37043	1799
37043	1870
37043	1874
37043	1897
37043	1939
38013	1810
38013	1832
38013	1833
38013	1837
38013	1840
38013	1843
38013	1846
38013	1856
38013	1861
38013	1867
38013	1870
38013	1883
38013	1885
38013	1906
38013	1917
38013	1921
38013	1923
38013	1977
38479	1811
38479	1816
38479	1824
38479	1827
38479	1832
38479	1836
38479	1837
38479	1845
38479	1848
38479	1849
38479	1851
38479	1852
38479	1853
38479	1854
38479	1855
38479	1860
38479	1862
38479	1864
38479	1867
38479	1868
38479	1870
38479	1871
38479	1872
38479	1875
38479	1879
38479	1880
38479	1881
38479	1885
38479	1886
38479	1887
38479	1888
38479	1890
38479	1893
38479	1895
38479	1897
38479	1902
38479	1903
38479	1905
38479	1906
38479	1907
38479	1908
38479	1911
38479	1913
38479	1914
38479	1915
38479	1916
38479	1917
38479	1918
38479	1919
38479	1920
38479	1923
38479	1927
38479	1928
38479	1930
38479	1931
38479	1932
38479	1933
38479	1935
38479	1936
38479	1937
38479	1939
38479	1942
38479	1944
38479	1945
38479	1946
38479	1951
38479	1954
38479	1955
38479	1959
38479	1964
38479	1967
38479	1969
38479	2007
38479	2009
38479	2010
38479	2016
38479	2026
38479	2119
39142	1816
39142	1822
39142	1825
39142	1832
39142	1834
39142	1836
39142	1843
39142	1852
39142	1862
39142	1871
39142	1886
39142	1890
39142	1893
39142	1914
39142	1916
39142	1920
39142	1928
39142	1933
39142	1934
39142	1937
39142	1939
39142	1988
39275	1816
39275	1838
39275	1858
39275	1875
39275	1876
39275	1879
39275	1930
39275	1934
39275	1936
39275	1942
40242	1772
40242	1779
40242	1794
40242	1836
40242	1852
40242	1868
40556	1863
40556	1881
40556	1891
40556	1897
40556	1916
40963	1811
40963	1819
40963	1822
40963	1824
40963	1831
40963	1833
40963	1834
40963	1859
40963	1863
40963	1879
40963	1885
40963	1914
40963	1939
40963	1945
40963	2010
43096	1822
43096	1834
43096	1897
43362	1799
43362	1805
43362	1806
43362	1808
43362	1809
43362	1811
43362	1813
43362	1814
43362	1816
43362	1817
43362	1819
43362	1822
43362	1825
43362	1827
43362	1828
43362	1829
43362	1832
43362	1833
43362	1835
43362	1836
43362	1840
43362	1843
43362	1844
43362	1845
43362	1848
43362	1849
43362	1851
43362	1853
43362	1854
43362	1855
43362	1856
43362	1857
43362	1859
43362	1860
43362	1862
43362	1864
43362	1866
43362	1868
43362	1869
43362	1875
43362	1876
43362	1878
43362	1880
43362	1882
43362	1883
43362	1884
43362	1885
43362	1886
43362	1887
43362	1888
43362	1893
43362	1894
43362	1897
43362	1898
43362	1903
43362	1905
43362	1906
43362	1907
43362	1910
43362	1914
43362	1915
43362	1916
43362	1918
43362	1919
43362	1925
43362	1927
43362	1928
43362	1934
43362	1936
43362	1937
43362	1942
43362	1948
43362	1959
43362	1972
48570	1766
48570	1782
48570	1789
48570	1816
48570	1822
48570	1837
48570	1852
48570	1858
48570	1909
48570	1912
48570	1916
48570	1919
49279	1799
49279	1803
49279	1816
49279	1831
49279	1832
49279	1855
49279	1869
49279	1879
49279	1880
49279	1881
49279	1885
49279	1896
49279	1902
49279	1905
49279	1912
49279	1916
49279	1919
49279	1933
49279	1935
49279	1939
49279	1945
49279	1983
49279	2007
49508	1816
49508	1824
49508	1831
49508	1837
49508	1838
49508	1841
49508	1864
49508	1870
49508	1874
49508	1879
49508	1906
49508	1919
49508	1930
49508	1931
49508	1935
49508	2007
49763	1811
49763	1837
49763	1893
49763	1910
49939	1745
49939	1749
49939	1752
49939	1753
49939	1754
49939	1758
49939	1759
49939	1760
49939	1761
49939	1763
49939	1765
49939	1768
49939	1769
49939	1771
49939	1776
49939	1779
49939	1789
49939	1799
49939	1800
49939	1805
49939	1806
49939	1807
49939	1808
49939	1811
49939	1813
49939	1814
49939	1815
49939	1819
49939	1825
49939	1826
49939	1829
49939	1832
49939	1833
49939	1836
49939	1837
49939	1842
49939	1844
49939	1845
49939	1848
49939	1849
49939	1852
49939	1856
49939	1857
50354	1771
50354	1772
50354	1773
50354	1775
50354	1779
50354	1785
50354	1787
50354	1789
50354	1792
50354	1793
50354	1795
50354	1799
50354	1800
50354	1810
50354	1813
50354	1814
50354	1816
50354	1817
50354	1818
50354	1819
50354	1821
50354	1822
50354	1825
50354	1826
50354	1835
50354	1836
50354	1838
50354	1840
50354	1842
50354	1846
50354	1848
50354	1849
50354	1851
50354	1852
50354	1854
50354	1855
50354	1856
50354	1857
50354	1860
50354	1861
50354	1862
50354	1864
50354	1866
50354	1868
50354	1869
50354	1873
50354	1875
50354	1880
50354	1885
50354	1888
50354	1889
50354	1894
50354	1895
50354	1896
50714	1872
51394	1879
51394	1897
51394	1900
51394	1912
51394	1916
51394	1928
51394	1932
51394	1933
51394	1934
51394	1937
51394	1942
51394	1944
51394	1947
51394	1963
51394	1986
51394	1992
51394	2018
51408	1811
51408	1816
51408	1897
51566	1810
51566	1811
51566	1813
51566	1816
51566	1824
51566	1825
51566	1828
51566	1829
51566	1832
51566	1848
51566	1851
51566	1861
51566	1864
51566	1868
51566	1872
51566	1881
51566	1886
51566	1891
51566	1902
51566	1914
51566	1922
51566	1937
51566	1952
51566	1959
51581	1811
51581	1816
51581	1818
51581	1845
51581	1859
51581	1867
51581	1879
51581	1909
51581	1912
51581	1928
51581	1937
51581	1939
51581	1945
51581	1947
51581	1963
51581	2042
54970	1782
54970	1810
54970	1811
54970	1824
54970	1838
54970	1842
54970	1873
54970	1882
54970	1897
54970	1901
54970	1902
54970	1909
54970	1914
54970	1921
54970	1932
54970	1942
54970	1973
54970	2011
55063	1803
55063	1810
55063	1811
55063	1816
55063	1817
55063	1818
55063	1823
55063	1824
55063	1825
55063	1827
55063	1837
55063	1838
55063	1844
55063	1845
55063	1859
55063	1864
55063	1866
55063	1867
55063	1868
55063	1875
55063	1895
55063	1897
55063	1906
55063	1921
55063	1927
55063	1931
55063	1937
55063	1987
55063	2009
55063	2014
55063	3056
55401	1818
55401	1824
55401	1827
55401	1858
55401	1867
55401	1884
55401	1906
55401	1923
55401	1972
55401	1985
55634	1806
55634	1811
55634	1816
55634	1822
55634	1831
55634	1933
55634	1937
55634	1939
55828	1782
55828	1831
55828	1937
55828	1947
55828	2046
56783	1811
56783	1816
56783	1824
56783	1855
56783	1864
56783	1881
56783	1933
56783	1934
56783	1942
56783	1945
57311	1742
57311	1744
57311	1751
57311	1755
57311	1758
57311	1759
57311	1764
57311	1768
57311	1772
57311	1779
57311	1781
57311	1787
57311	1793
57311	1799
57311	1800
57311	1802
57311	1803
57311	1804
57311	1805
57311	1806
57311	1807
57311	1808
57311	1809
57311	1810
57311	1811
57311	1814
57311	1815
57311	1816
57311	1824
57311	1825
57311	1826
57311	1827
57311	1829
57311	1832
57311	1835
57311	1837
57311	1838
57311	1840
57311	1841
57311	1842
57311	1845
57311	1846
57311	1849
57311	1852
57311	1853
57311	1854
57311	1856
57311	1860
57311	1862
57311	1865
57311	1867
57311	1868
57311	1869
57311	1940
58236	1816
59154	1811
59154	1816
59154	1897
59154	1934
59154	1937
59154	1939
59154	1942
59154	1993
59154	2000
59154	2004
59154	2005
59154	2063
59266	1782
59266	1783
59266	1811
59266	1897
59266	1916
59266	1932
59266	1933
59266	1934
59323	1782
59323	1806
59323	1811
59323	1816
59323	1842
59323	1863
59323	1916
59323	1932
59323	1934
59733	1807
59733	1811
59733	1816
59733	1831
59733	1833
59733	1837
59733	1853
59733	1858
59733	1867
59733	1868
59733	1884
59733	1888
59733	1893
59733	1905
59733	1906
59733	1916
59733	1930
59733	1937
59733	1955
59733	1967
59733	1994
59733	2007
60244	1897
60244	1933
60244	1934
60244	1937
60244	1942
60244	1943
60244	2005
60597	1811
60597	1816
60597	1829
60597	1832
60597	1897
60597	1908
60597	1910
60597	1912
60597	1916
60597	1937
60597	1942
60986	1758
60986	1782
60986	1792
60986	1811
60986	1813
60986	1816
60986	1818
60986	1841
60986	1852
60986	1858
60986	1863
60986	1864
60986	1882
60986	1898
60986	1904
60986	1920
60986	1936
60986	1969
60986	1994
60986	2243
61760	1811
61760	1816
61892	1792
61892	1807
61892	1817
61892	1825
61892	1837
61892	1847
61892	1864
62161	1799
62161	1858
62161	1904
62161	1935
62341	1782
62341	1800
62341	1807
62341	1817
62341	1853
62341	1857
62341	1860
62341	1875
62341	1878
62341	1879
62341	1888
62341	1891
62341	1894
62341	1895
62341	1896
62341	1897
62341	1905
62341	1908
62341	1911
62341	1915
62341	1917
62341	1920
62341	1921
62341	1927
62341	1928
62341	1930
62341	1932
62341	1937
62341	1939
62341	1955
62341	1959
62341	1963
62341	1967
62341	1969
62341	1982
62341	1984
62341	2007
62341	2010
62341	2011
62341	2113
63772	1823
63772	1939
64080	1818
64080	1881
64080	1897
64080	1902
64080	1909
64080	1923
64080	1936
64080	1937
64080	1942
64829	1816
64829	1837
64829	1891
64829	1939
65398	1731
65398	1735
65398	1739
65398	1743
65398	1745
65398	1746
65398	1749
65398	1751
65398	1752
65398	1761
65398	1763
65398	1765
65398	1767
65398	1769
65398	1774
65398	1779
65398	1808
65398	1810
65398	1812
65398	1813
65398	1817
65398	1822
65398	1835
65398	1845
65398	1847
65398	1848
65398	1849
65398	1852
65398	1853
65398	1855
65398	1857
65398	1865
65398	1868
65398	1910
65398	1915
66068	1783
66068	1806
66068	1832
66068	1881
66068	1897
66068	1937
67353	1811
67353	1816
67353	1820
67353	1875
67353	1891
67353	1896
67353	1922
67353	1939
67353	1942
67353	1959
67353	2063
67353	2113
67461	1782
67461	1783
67461	1800
67461	1811
67461	1816
67461	1818
67461	1820
67461	1822
67461	1823
67461	1824
67461	1825
67461	1827
67461	1829
67461	1832
67461	1834
67461	1836
67461	1855
67461	1857
67461	1858
67461	1862
67461	1863
67461	1864
67461	1865
67461	1867
67461	1870
67461	1871
67461	1872
67461	1873
67461	1875
67461	1876
67461	1877
67461	1878
67461	1879
67461	1881
67461	1886
67461	1887
67461	1888
67461	1890
67461	1891
67461	1894
67461	1897
67461	1900
67461	1906
67461	1907
67461	1909
67461	1910
67461	1912
67461	1914
67461	1916
67461	1918
67461	1919
67461	1920
67461	1924
67461	1932
67461	1933
67461	1934
67461	1936
67461	1937
67461	1939
67461	1941
67461	1942
67461	1944
67461	1945
67461	1955
67461	1971
67461	1977
67461	1988
67461	2007
67461	2016
67461	2113
67976	1881
69326	1835
69326	1836
69326	1903
69326	1920
69367	1816
69367	1886
69367	1935
70527	1782
70527	1800
70527	1810
70527	1811
70527	1813
70527	1830
70527	1834
70527	1838
70527	1862
70527	1901
70527	1909
70527	1932
70527	1934
70527	1942
70527	1945
70725	1782
70725	1783
70725	1810
70725	1813
70725	1816
70725	1825
70725	1828
70725	1830
70725	1832
70725	1835
70725	1841
70725	1864
70725	1870
70725	1873
70725	1877
70725	1884
70725	1886
70725	1899
70725	1900
70725	1922
70725	1928
70725	1939
70725	1942
70725	1944
70725	1982
70725	2011
74146	1743
74146	1794
74146	1796
74146	1805
74146	1848
74489	1819
74489	1841
74489	1875
74489	1879
74489	1899
74489	1931
75277	1782
75277	1818
75277	1891
75277	1897
75277	1930
75277	2011
75729	1770
75729	1854
75729	1860
75729	1862
75729	1864
75729	1866
75729	1868
75729	1869
75729	1876
75729	1878
75729	1879
75729	1880
75729	1882
75729	1883
75729	1884
75729	1885
75729	1886
75729	1887
75729	1889
75729	1890
75729	1891
75729	1892
75729	1893
75729	1894
75729	1895
75729	1896
75729	1897
75729	1900
75729	1901
75729	1902
75729	1903
75729	1904
75729	1906
75729	1911
75729	1913
75729	1920
75729	1921
75729	1922
75729	1923
75729	1924
75729	1927
75729	1930
75729	1932
75729	1933
75729	1934
75729	1937
75729	1938
75729	1940
75729	1941
75729	1944
75729	1949
75729	1951
75729	1954
75729	1965
75729	1967
75729	1969
75729	1971
75729	1972
75729	1984
75729	1987
75729	2009
75729	2010
75729	2014
75729	2026
75729	2046
75729	2058
75729	2080
75729	2119
76710	1771
76710	1774
76710	1775
76710	1781
76710	1813
76710	1815
76710	1835
76710	1838
76710	1855
76710	1860
76710	1867
76710	1872
76710	1877
76710	1878
76710	1882
76710	1888
76710	1890
76770	1811
76770	1816
76770	1825
76770	1832
76770	1836
76770	1840
76770	1852
76770	1860
76770	1861
76770	1886
76770	1893
76770	1897
76770	1903
76770	1910
76770	1912
76770	1915
76770	1916
76770	1920
76770	1934
76770	1937
76770	1940
76770	1949
76770	1955
76770	1967
76770	1972
76770	1986
76770	1990
76770	1997
76770	2018
76770	2026
76770	2113
76903	1745
76903	1752
76903	1754
76903	1783
76903	1806
76903	1807
76903	1812
76903	1814
76903	1815
76903	1818
76903	1819
76903	1820
76903	1823
76903	1824
76903	1829
76903	1831
76903	1835
76903	1841
76903	1852
76903	1863
76903	1864
76903	1867
76903	1874
76903	1876
76903	1892
76903	1897
76903	1912
76903	1917
76903	1918
76903	1925
76903	1939
76903	1944
76903	1945
76903	1955
76903	1959
76903	1971
76903	2010
76903	2027
77722	1739
77722	1742
77722	1743
77722	1749
77722	1751
77722	1753
77722	1754
77722	1756
77722	1759
77722	1761
77722	1763
77722	1765
77722	1771
77722	1773
77722	1775
77722	1779
77722	1780
77722	1789
77722	1790
77722	1803
77722	1804
77722	1808
77722	1811
77722	1813
77722	1817
77722	1819
77722	1822
77722	1825
77722	1827
77722	1829
77722	1832
77722	1836
77722	1838
77722	1842
77722	1845
77722	1848
77722	1849
77722	1851
77722	1852
77722	1853
77722	1857
77722	1860
77722	1865
77735	1810
77735	1843
77735	1901
77735	1953
77735	1962
77735	1976
79123	1811
79123	1816
79123	1863
79123	1920
79123	1933
79123	1934
79123	1937
79123	1963
79123	1994
80640	1811
80640	1822
80640	1832
80640	1835
80640	1850
80640	1864
80640	1867
80640	1903
80640	1906
80640	1972
80640	2007
83962	1811
83962	1879
84151	1897
84151	1937
85202	1871
86243	1810
86243	1816
86243	1820
86243	1830
86243	1831
86243	1875
86243	1893
86243	1899
86243	1918
86243	1955
86243	1964
86243	1983
86243	1994
86809	1763
86809	1789
86809	1814
86809	1837
86809	1855
86809	1874
86809	1912
86809	1939
86809	2003
86809	2010
87923	1811
87923	1815
87923	1816
87923	1818
87923	1820
87923	1824
87923	1825
87923	1827
87923	1837
87923	1840
87923	1846
87923	1853
87923	1854
87923	1855
87923	1858
87923	1860
87923	1863
87923	1864
87923	1867
87923	1868
87923	1873
87923	1875
87923	1879
87923	1880
87923	1888
87923	1892
87923	1897
87923	1900
87923	1905
87923	1908
87923	1919
87923	1923
87923	1930
87923	1933
87923	1934
87923	1935
87923	1936
87923	1937
87923	1939
87923	1945
87923	2000
87923	2002
87923	2007
87923	2011
87923	2027
87923	2107
87923	2787
89465	1816
89465	1822
89465	1825
89465	1871
89465	1937
89465	1939
89465	1942
90015	1731
90015	1734
90015	1735
90015	1740
90015	1747
90015	1751
90015	1758
90015	1759
90015	1760
90015	1761
90015	1762
90015	1763
90015	1764
90015	1768
90015	1769
90015	1770
90015	1771
90015	1781
90015	1786
90015	1789
90015	1806
90015	1813
90015	1814
90015	1818
90015	1822
90015	1826
90015	1832
90015	1833
90015	1835
90015	1836
90015	1841
90015	1842
90015	1843
90015	1844
90015	1851
90015	1853
90015	1855
90015	1856
90015	1860
90015	1875
90015	1877
90015	1903
90015	1907
90015	1909
90015	1916
90015	1923
90015	1933
90015	1936
90015	1941
90015	1945
90015	1946
90015	1953
90015	1954
90015	1959
90015	1961
90015	1968
90015	1970
90015	1973
90015	2039
90015	2092
90015	2094
90015	2201
90015	2293
90015	2453
92675	1782
92675	1811
92675	1818
92675	1824
92675	1855
92675	1858
92675	1881
92675	1906
92675	1977
92675	2007
92675	2011
94173	1814
94173	1900
94173	1919
94173	1932
94173	1956
94173	2021
94173	2035
94528	1782
94528	1789
94528	1811
94528	1814
94528	1816
94528	1819
94528	1823
94528	1824
94528	1825
94528	1831
94528	1832
94528	1852
94528	1853
94528	1854
94528	1855
94528	1864
94528	1869
94528	1870
94528	1873
94528	1874
94528	1879
94528	1880
94528	1893
94528	1906
94528	1909
94528	1910
94528	1912
94528	1916
94528	1919
94528	1930
94528	1945
94528	1983
94528	1994
94528	2027
94528	2113
95924	1870
95924	1875
95924	1881
95947	1897
95947	1932
95947	1933
95947	1934
95947	1942
96523	1761
96523	1771
96523	1772
96523	1776
96523	1778
96523	1779
96523	1780
96523	1790
96523	1793
96523	1794
96523	1798
96523	1799
96523	1803
96523	1810
96523	1811
96523	1813
96523	1815
96523	1816
96523	1817
96523	1819
96523	1821
96523	1827
96523	1828
96523	1829
96523	1832
96523	1837
96523	1841
96523	1842
96523	1845
96523	1846
96523	1849
96523	1851
96523	1855
96523	1859
96523	1865
96523	1868
96523	1887
96523	1888
96523	1889
96523	1901
96523	1903
96523	1909
96523	1952
96523	1959
97254	1773
97254	1782
97254	1806
97254	1816
97254	1837
97254	1838
97254	1864
97254	1886
97254	1897
97254	1933
97254	1937
97254	1939
97254	1994
98300	1807
98300	1816
98300	1871
98300	1890
98300	1910
98300	1933
98300	1972
99994	1805
99994	1808
99994	1833
99994	1851
99994	1854
99994	1855
99994	1862
99994	1866
99994	1869
99994	1872
99994	1875
99994	1891
99994	1926
99994	1929
99994	1936
99994	1938
99994	1944
99994	1949
99994	1951
101035	1732
101035	1775
101035	1779
101035	1785
101035	1786
101035	1787
101035	1789
101035	1790
101035	1797
101035	1798
101035	1799
101035	1800
101035	1802
101035	1803
101035	1806
101035	1809
101035	1811
101035	1814
101035	1818
101035	1820
101035	1828
101035	1830
101035	1832
101035	1836
101035	1846
101035	1855
101035	1860
101035	1882
101035	1886
101035	1888
101035	1902
101035	1903
101035	1931
101035	1957
101035	1958
101035	2011
102218	1897
102218	1934
102218	2000
102431	1736
102431	1768
102431	1771
102431	1783
102431	1789
102431	1790
102431	1791
102431	1796
102431	1805
102431	1806
102431	1811
102431	1815
102431	1823
102431	1824
102431	1825
102431	1830
102431	1832
102431	1855
102431	1856
102431	1857
102431	1858
102431	1859
102431	1867
102431	1869
102431	1874
102431	1879
102431	1885
102431	1904
102431	1906
102431	1908
102431	1923
102431	1930
102431	1939
102431	2027
103576	1789
103576	1829
103576	1835
103576	1934
106844	1836
106844	1853
106844	1872
106844	1890
106844	1892
106844	1905
106844	1907
106844	1912
106844	1933
106844	1969
106844	1977
106844	2113
107086	1825
107086	1841
107086	1906
107086	1947
107086	2887
107086	2915
107155	1811
107155	1852
107155	1955
107155	2002
110238	2009
110238	2046
110510	1734
110510	1738
110510	1739
110510	1742
110510	1745
110510	1805
110510	1809
110510	1811
110510	1814
110510	1819
110510	1826
110510	1827
110510	1828
110510	1832
110510	1837
110510	1847
110510	1849
110510	1851
110510	1855
110510	1856
110510	1860
110510	1868
110510	1872
110510	1875
110510	1880
110510	1886
110545	1875
110545	1879
110545	1881
110545	1893
110545	1906
110545	1924
110545	1936
110545	1942
111058	1816
111058	1822
111058	1825
111058	1861
111058	1871
111058	1892
111058	1897
111058	1910
111058	1916
111058	1933
111058	1937
111058	1942
111058	1955
111290	1759
111290	1761
111290	1763
111290	1764
111290	1769
111290	1771
111290	1772
111290	1773
111290	1774
111290	1775
111290	1781
111290	1785
111290	1793
111290	1800
111290	1803
111290	1805
111290	1806
111290	1811
111290	1813
111290	1814
111290	1815
111290	1817
111290	1819
111290	1822
111290	1827
111290	1832
111290	1836
111290	1837
111290	1838
111290	1841
111290	1843
111290	1845
111290	1846
111290	1848
111290	1849
111290	1851
111290	1852
111290	1853
111290	1856
111290	1859
111290	1860
111290	1866
111290	1867
111290	1873
111290	1875
111290	1878
111290	1880
111290	1882
111290	1887
111290	1888
111290	1890
111290	1892
111290	1893
111290	1903
111290	1911
111290	1916
111290	1918
111290	1919
111290	1921
111290	1925
111290	1926
112430	1811
112430	1816
112430	1858
112430	1891
112430	1897
112430	1912
112430	1930
112430	1934
112430	1939
112430	1942
112430	1947
113007	1817
113007	1893
113007	1897
113007	1900
113007	1911
113007	1932
113007	1933
113007	1937
113007	2109
113173	1816
113173	1831
113173	1861
113173	1934
113173	1945
113173	1994
113217	1779
113217	1786
113217	1787
113217	1789
113217	1791
113217	1792
113217	1793
113217	1794
113217	1797
113217	1799
113217	1800
113217	1802
113217	1803
113217	1805
113217	1806
113217	1807
113217	1809
113217	1810
113217	1811
113217	1813
113217	1816
113217	1817
113217	1824
113217	1825
113217	1837
113217	1838
113217	1844
113217	1845
113217	1846
113217	1847
113217	1848
113217	1851
113217	1852
113217	1855
113217	1856
113217	1857
113217	1859
113217	1863
113217	1864
113217	1866
113217	1867
113217	1868
113217	1871
113217	1875
113217	1879
113217	1882
113217	1884
113217	1891
113217	1892
113217	1896
113217	1898
113217	1904
113217	1905
113217	1906
113217	1907
113217	1909
113217	1919
113217	1921
113217	1931
113217	1952
113217	1964
113217	2010
114161	1816
114161	1822
114161	1832
114161	1903
114161	1916
114908	1797
114908	1806
114908	1811
114908	1825
114908	1838
114908	1897
114908	1907
114908	1912
114908	1928
114908	1933
114908	1937
114908	2010
116322	1811
116322	1863
116322	1897
116322	1920
118125	1905
118320	1859
118320	1879
118320	1932
118320	1934
118320	1942
118320	1960
118320	1992
118476	1811
118476	1897
118476	1933
118476	1937
118476	2183
118522	1810
118522	1816
118522	1824
118522	1825
118522	1835
118522	1837
118522	1848
118522	1855
118522	1862
118522	1864
118522	1875
118522	1877
118522	1879
118522	1880
118522	1881
118522	1911
118522	1912
118522	1922
118522	1928
118522	1932
118522	1933
118522	1936
118522	1937
118522	1939
118522	1942
118522	1945
118522	1959
118522	1973
118522	1984
118522	2010
121103	1787
121103	1799
121103	1811
121103	1816
121103	1837
121103	1847
121103	1864
121103	1914
121103	1916
121103	1928
121103	1934
121103	1937
121103	1939
121103	1942
121103	1967
124345	1879
124345	1919
124345	1945
124345	1947
124345	1971
124345	1974
124345	1975
126485	1811
126485	1816
126485	1825
126485	1832
126485	1852
126485	1853
126485	1886
126485	1893
126485	1897
126485	1910
126485	1912
126485	1915
126485	1916
126485	1928
126485	1934
126485	1937
126485	1943
126485	1956
126485	1994
126485	2018
126485	2024
126485	2066
126485	2113
126606	1785
126606	1824
126606	1856
126606	1858
126606	1864
126606	1891
126606	1905
126606	1928
126606	1933
126606	1984
126623	1818
126623	1855
126623	1858
126623	1879
126623	1891
126623	1904
126623	1930
126623	1936
126623	1945
126623	1971
126623	1977
126623	2113
127739	1799
127739	1806
127739	1816
127739	1824
127739	1825
127739	1837
127739	1863
127739	1912
127739	1916
127739	1937
127739	1939
127771	1734
127771	1746
127771	1766
127771	1780
127771	1786
127771	1787
127771	1808
127771	1809
127771	1810
127771	1811
127771	1826
127771	1834
127771	1840
127771	1843
127771	1854
127771	1855
127771	1861
127771	1862
127771	1871
127771	1875
127771	1880
127771	1886
127771	1890
127771	1902
127771	1903
127771	1955
127771	1959
127771	1969
127771	2003
127771	2011
129511	1769
129511	1806
129511	1832
129511	1878
130091	1897
130091	1916
130091	1937
130091	1949
130099	1816
130099	1994
130099	2003
130316	1773
130316	1782
130316	1800
130316	1801
130316	1810
130316	1811
130316	1815
130316	1820
130316	1823
130316	1833
130316	1837
130316	1839
130316	1841
130316	1843
130316	1868
130316	1880
130316	1882
130316	1891
130316	1901
130316	1906
130316	1912
130316	1914
130316	1920
130316	1921
130316	1922
130316	1931
130316	1933
130316	1994
130316	2027
130316	2113
130838	1759
130838	1766
130838	1767
130838	1787
130838	1803
130838	1804
130838	1805
130838	1806
130838	1807
130838	1808
130838	1810
130838	1815
130838	1817
130838	1821
130838	1840
130838	1843
130838	1845
130838	1847
130838	1852
130838	1854
130838	1856
130838	1861
130838	1864
130838	1871
130838	1875
130838	1906
130838	1920
130838	1921
130838	1969
131285	1782
131285	1806
131285	1811
131285	1816
131285	1824
131285	1829
131285	1836
131285	1873
131285	1878
131285	1897
131285	1899
131285	1902
131285	1905
131285	1912
131285	1916
131285	1933
131532	1782
131532	1811
131532	1816
131532	1824
131532	1825
131532	1831
131532	1854
131532	1862
131532	1863
131532	1864
131532	1908
131532	1933
131532	1937
131532	1994
131532	2011
131532	2249
131594	1785
131594	1789
131594	1792
131594	1811
131594	1814
131594	1819
131594	1833
131594	1846
131594	1863
131594	1864
131594	1937
131594	1984
131594	2027
132423	1759
132423	1808
132423	1810
132423	1844
132423	1849
132423	1852
132423	1854
132423	1855
132423	1856
132423	1857
132423	1859
132423	1860
132423	1864
132423	1865
132423	1868
132423	1873
132423	1875
132423	1880
132423	1882
132423	1883
132423	1884
132423	1887
132423	1888
132423	1891
132423	1901
132423	1903
132423	1905
132423	1906
132423	1907
132423	1909
132423	1914
132423	1915
132423	1916
132423	1918
132423	1919
132423	1921
132423	1922
132423	1924
132423	1925
132423	1926
132423	1927
132423	1931
132423	1932
132423	1933
132423	1936
132423	1937
132423	1940
132423	1941
132423	1944
132423	1946
132423	1953
132423	1954
132423	1957
132423	1958
132423	1959
132423	1964
132423	1966
132423	1967
132423	1968
132423	1970
132423	1971
132423	1974
132423	1975
132423	1977
132423	1981
132423	1983
132423	1984
132423	2835
132740	1782
132740	1806
132740	1811
132740	1819
132740	1820
132740	1825
132740	1827
132740	1830
132740	1836
132740	1837
132740	1838
132740	1841
132740	1852
132740	1859
132740	1861
132740	1864
132740	1865
132740	1873
132740	1875
132740	1879
132740	1881
132740	1891
132740	1898
132740	1901
132740	1904
132740	1907
132740	1909
132740	1914
132740	1915
132740	1916
132740	1919
132740	1922
132740	1933
132740	1964
132740	1984
132740	2113
133195	1785
133195	1792
133195	1800
133195	1815
133195	1816
133195	1821
133195	1828
133195	1836
133195	1838
133195	1840
133195	1863
133195	1864
133195	1875
133195	1882
133195	1884
133195	1892
133195	1898
133195	1901
133195	1909
133195	1914
133195	1921
133195	1982
133195	2010
133195	2011
133378	1735
133378	1739
133378	1742
133378	1743
133378	1747
133378	1748
133378	1750
133378	1751
133378	1752
133378	1755
133378	1758
133378	1760
133378	1761
133378	1763
133378	1764
133378	1765
133378	1772
133378	1775
133378	1776
133378	1779
133378	1780
133378	1789
133378	1793
133378	1794
133378	1795
133378	1798
133378	1799
133378	1803
133378	1809
133378	1810
133378	1811
133378	1817
133378	1818
133378	1822
133378	1825
133378	1827
133378	1828
133378	1829
133378	1832
133378	1835
133378	1836
133378	1840
133378	1841
133378	1843
133378	1844
133378	1845
133378	1846
133378	1849
133378	1851
133378	1857
133378	1861
133378	1898
133378	2091
133512	1863
133512	1897
133512	1900
133512	1939
133512	1942
133512	1945
133512	1947
133512	1960
133512	1985
133512	2005
133512	2011
133746	1754
133746	1761
133746	1766
133746	1767
133746	1769
133746	1775
133746	1789
133746	1801
133746	1809
133746	1810
133746	1855
133746	1910
133746	1912
133746	1920
133746	1936
133746	1977
133788	1782
133788	1811
133788	1816
133788	1832
133788	1835
133788	1837
133788	1886
136252	1855
136252	1963
136953	1779
136953	1781
136953	1785
136953	1789
136953	1792
136953	1793
136953	1794
136953	1797
136953	1798
136953	1799
136953	1800
136953	1802
136953	1803
136953	1806
136953	1809
136953	1810
136953	1811
136953	1814
136953	1816
136953	1818
136953	1822
136953	1825
136953	1829
136953	1832
136953	1835
136953	1836
136953	1837
136953	1838
136953	1844
136953	1845
136953	1846
136953	1847
136953	1849
136953	1851
136953	1855
136953	1856
136953	1857
136953	1864
136953	1868
136953	1870
136953	1874
136953	1875
136953	1878
136953	1888
136953	1893
136953	1894
136953	1902
136953	1904
136953	1906
136953	1907
136953	1909
136953	1933
137467	1800
137467	1810
137467	1814
137467	1817
137467	1824
137467	1828
137467	1840
137467	1882
137467	1899
137467	1919
137467	1967
137467	2010
137504	1811
137504	1816
137504	1864
137504	1897
137504	1937
137504	1942
138950	1789
138950	1811
138950	1816
138950	1824
138950	1825
138950	1827
138950	1833
138950	1846
138950	1864
138950	1867
138950	1874
138950	1897
138950	1906
138950	1910
138950	1933
138950	1934
138950	1939
138950	1942
138950	1945
138950	1972
138950	1994
139033	1816
139033	1893
139033	1933
139033	1942
139033	1943
139033	1965
139033	1988
139033	2018
139650	1816
139650	1933
139650	1963
139650	1979
141168	1822
141168	1854
141168	1916
141168	1933
141168	1937
141168	1962
144296	1737
144296	1740
144296	1741
144296	1742
144296	1743
144296	1745
144296	1749
144296	1751
144296	1758
144296	1760
144296	1761
144296	1762
144296	1763
144296	1765
144296	1772
144296	1774
144296	1779
144296	1781
144296	1789
144296	1792
144296	1793
144296	1798
144296	1799
144296	1810
144296	1811
144296	1812
144296	1815
144296	1817
144296	1818
144296	1819
144296	1822
144296	1832
144296	1836
144296	1839
144296	1845
144296	1846
144296	1848
144296	1852
144296	1856
144296	1860
144296	1865
144296	1868
144296	1873
144296	1875
144296	1876
144296	1877
144296	1879
144296	1880
144296	1882
144296	1883
144296	1884
144459	1837
144459	1864
144459	1928
144459	1939
144459	1969
144459	1984
144913	1881
145460	1811
145460	1864
145460	1875
145460	1912
145460	1920
145460	1933
145460	1947
147848	1776
147848	1795
147848	1807
147848	1810
147848	1832
147848	1848
147848	1851
147848	1852
147848	1857
147848	1869
147848	1870
147848	1872
147848	1886
147848	1898
147848	1900
147848	1904
147848	1907
147848	1912
147848	1920
147848	1921
147848	1934
147848	1940
147848	1941
147848	1943
147848	1950
147848	1952
147848	1958
147848	1961
147848	1967
147848	1971
147848	1973
147848	1978
147848	1986
147848	1990
147848	2019
147848	2021
147848	2026
147848	2063
147848	2120
147848	2608
147939	1852
147939	1884
147939	1916
147939	1936
147939	1937
147939	1942
147939	2066
148237	1811
148237	1893
148237	1971
148293	1782
148293	1807
148293	1891
148293	1897
148293	1919
149516	1789
149516	1835
151016	1858
151016	1916
151685	1735
151685	1736
151685	1738
151685	1739
151685	1741
151685	1742
151685	1743
151685	1745
151685	1750
151685	1805
151685	1808
151685	1809
151685	1825
151685	1827
151685	1833
151685	1835
151685	1838
151685	1842
151685	1849
151685	1851
151685	1855
151685	1857
151685	1859
151685	1865
151685	1867
151685	1868
151685	1869
151685	1872
151685	1875
151685	1882
151685	2070
152331	1746
152331	1758
152331	1770
152331	1774
152331	1776
152331	1780
152331	1785
152331	1786
152331	1789
152331	1790
152331	1791
152331	1792
152331	1793
152331	1796
152331	1804
152331	1807
152331	1810
152331	1824
152331	1826
152331	1827
152331	1833
152331	1835
152331	1837
152331	1839
152331	1841
152331	1842
152331	1846
152331	1847
152331	1848
152331	1861
152331	1862
152331	1886
152331	1889
152331	2033
154558	1731
154558	1734
154558	1790
154558	1791
154558	1795
154558	1799
154558	1800
154558	1802
154558	1805
154558	1807
154558	1808
154558	1810
154558	1819
154558	1857
154558	1860
154558	1917
155063	1811
155063	1816
155063	1833
155063	1837
155063	1838
155063	1859
155063	1863
155063	1879
155063	1896
155063	1942
155063	1945
155063	1947
155063	2000
158890	1897
158890	1937
158890	1942
158890	1943
159912	1816
159912	1838
159912	1912
159912	2163
159912	2459
160024	1795
160024	1813
160024	1815
160024	1816
160024	1818
160024	1823
160024	1835
160024	1857
160024	1859
160024	1860
160024	1877
160024	1878
160024	1882
160024	1885
160024	1886
160024	1893
160024	1915
160024	1922
160024	1925
160024	1929
160024	1931
160024	1952
160024	1971
161106	1789
161106	1792
161106	1797
161106	1799
161106	1802
161106	1803
161106	1806
161106	1807
161106	1809
161106	1811
161106	1813
161106	1814
161106	1825
161106	1827
161106	1829
161106	1832
161106	1835
161106	1836
161106	1837
161106	1839
161106	1841
161106	1844
161106	1845
161106	1847
161106	1849
161106	1851
161106	1852
161106	1855
161106	1856
161106	1857
161106	1864
161106	1872
161106	1873
161106	1875
161106	1878
161106	1880
161106	1886
161106	1893
161106	1894
161106	1897
161106	1903
161106	1905
161106	1906
161106	1913
161106	1914
161106	1915
161106	1916
161106	1918
161106	1919
161106	1921
161106	1922
161106	1924
161333	1735
161333	1736
161333	1737
161333	1738
161333	1740
161333	1743
161333	1745
161333	1747
161333	1756
161333	1759
161333	1761
161333	1763
161333	1765
161333	1768
161333	1772
161333	1773
161333	1780
161333	1786
161333	1789
161333	1790
161333	1793
161333	1797
161333	1799
161333	1800
161333	1802
161333	1803
161333	1804
161333	1805
161333	1807
161333	1809
161333	1811
161333	1812
161333	1814
161333	1815
161333	1819
161333	1822
161333	1825
161333	1827
161333	1829
161333	1832
161333	1833
161333	1836
161333	1841
161333	1843
161333	1844
161333	1845
161333	1846
161333	1848
161333	1849
161333	1852
161333	1855
161333	1856
161333	1857
161333	1860
161333	1864
161333	1866
161333	1867
161333	1873
161333	1875
161333	1878
161333	1880
161333	1942
161333	1963
161333	2012
161541	1773
161541	1806
161541	1811
161541	1816
161541	1819
161541	1825
161541	1833
161541	1834
161541	1837
161541	1955
163175	1782
163175	1811
163175	1814
163175	1816
163175	1820
163175	1824
163175	1829
163175	1837
163175	1842
163175	1844
163175	1851
163175	1854
163175	1859
163175	1861
163175	1865
163175	1875
163175	1879
163175	1885
163175	1888
163175	1891
163175	1901
163175	1908
163175	1910
163175	1920
163175	1924
163175	1928
163175	1932
163175	1935
163175	1939
163175	2010
163175	2011
163175	2027
163175	2444
163727	1897
163727	1912
163727	1933
163727	1934
163727	1937
163727	1939
163727	1942
163727	1943
163727	1945
163727	2063
164644	1752
164644	1816
164644	1916
165054	1782
165054	1783
165054	1811
165054	1820
165054	1851
165054	1863
165054	1864
165054	1865
165054	1873
165054	1879
165054	1890
165054	1905
165054	1907
165054	1913
165054	1918
165054	1930
165054	1932
165054	1933
165054	1937
165054	1939
165054	1971
165054	2015
165054	2073
165054	2082
165054	2119
165054	2121
167435	1884
167435	1932
167435	1933
167649	1736
167649	1737
167649	1740
167649	1745
167649	1747
167649	1750
167649	1759
167649	1761
167649	1762
167649	1764
167649	1770
167649	1786
167649	1799
167649	1800
167649	1803
167649	1811
167649	1812
167649	1814
167649	1817
167649	1829
167649	1832
167649	1833
167649	1836
167649	1837
167649	1841
167649	1843
167649	1844
167649	1845
167649	1852
167649	1864
167649	1865
167649	1866
167649	1873
167649	1875
169665	1743
169665	1745
169665	1746
169665	1747
169665	1750
169665	1751
169665	1758
169665	1759
169665	1760
169665	1761
169665	1766
169665	1770
169665	1771
169665	1772
169665	1775
169665	1780
169665	1781
169665	1785
169665	1786
169665	1787
169665	1789
169665	1790
169665	1792
169665	1793
169665	1794
169665	1797
169665	1799
169665	1800
169665	1802
169665	1804
169665	1807
169665	1809
169665	1810
169665	1816
169665	1821
169665	1822
169665	1826
169665	1829
169665	1833
169665	1835
169665	1838
169665	1840
169665	1841
169665	1846
169665	1848
169665	1851
169665	1852
169665	1854
169665	1862
169665	1866
169665	1875
169665	2293
172863	1763
172863	1774
172863	1775
172863	1779
172863	1781
172863	1782
172863	1783
172863	1785
172863	1786
172863	1787
172863	1789
172863	1794
172863	1798
172863	1799
172863	1803
172863	1808
172863	1810
172863	1817
172863	1818
172863	1819
172863	1820
172863	1821
172863	1824
172863	1827
172863	1834
172863	1838
172863	1845
172863	1847
172863	1859
172863	1861
172863	1863
172863	1865
172863	1866
172863	1867
172863	1868
172863	1870
172863	1871
172863	1875
172863	1877
172863	1878
172863	1882
172863	1886
172863	1891
172863	1892
172863	1901
172863	1906
172863	1912
172863	1928
172863	1931
172863	1932
172863	1960
172863	1981
172863	1982
172863	1991
172863	2005
172863	2119
175937	1782
175937	1792
175937	1816
175937	1818
175937	1824
175937	1833
175937	1851
175937	1867
175937	1869
175937	1895
175937	1896
175937	1899
175937	1902
175937	1906
175937	1921
175937	1932
175937	1978
175937	2010
175937	2027
176333	1806
176333	1807
176333	1814
176333	1824
176333	1841
176333	1874
176333	1879
176333	1880
176333	1881
176333	1891
176333	1899
176333	1912
176333	1919
176333	1935
176333	1936
176333	1939
176333	1952
178196	1820
178196	1871
178196	1897
178196	1932
178196	1933
178196	1937
178196	1939
178196	2003
178196	2010
178196	2011
178196	2035
182008	1916
182008	1919
182008	1935
182008	1936
182008	1992
182883	1822
182883	1827
182883	1829
182883	1832
182883	1838
182883	1840
182883	1843
182883	1846
182883	1847
182883	1848
182883	1849
182883	1856
182883	1859
182883	1860
182883	1868
182883	1872
182883	1876
182883	1877
182883	1883
182883	1886
182883	1887
182883	1888
182883	1892
182883	1895
182883	1897
182883	1903
182883	1905
182883	1906
182883	1907
182883	1909
182883	1918
182883	1919
182883	1921
182883	1924
182883	1926
182883	1931
182883	1937
182883	1938
182883	1946
182883	1951
182883	1952
182883	1954
182883	1956
182883	1958
182883	1959
182883	1964
182883	1968
184695	1782
184695	1806
184695	1811
184695	1816
184695	1825
184695	1891
184695	1897
184695	1933
184695	1937
185072	1879
185072	1881
185072	1933
185072	1942
185072	1985
187049	1782
187049	1783
187049	1789
187049	1799
187049	1800
187049	1806
187049	1811
187049	1816
187049	1817
187049	1819
187049	1822
187049	1824
187049	1825
187049	1827
187049	1829
187049	1830
187049	1831
187049	1832
187049	1834
187049	1836
187049	1840
187049	1841
187049	1845
187049	1851
187049	1854
187049	1855
187049	1863
187049	1866
187049	1870
187049	1871
187049	1872
187049	1875
187049	1878
187049	1891
187049	1901
187049	1902
187049	1905
187049	1906
187049	1910
187049	1912
187049	1914
187049	1917
187049	1920
187049	1921
187049	1928
187049	1932
187049	1937
187049	1945
187049	1994
187049	2007
188222	1799
188222	1803
188222	1806
188222	1819
188222	1830
188222	1831
188222	1837
188222	1838
188222	1846
188222	1864
188222	1870
188222	1874
188222	1879
188222	1884
188222	1893
188222	1897
188222	1904
188222	1905
188222	1909
188222	1910
188222	1912
188222	1918
188222	1919
188222	1921
188222	1930
188222	1936
188222	1939
188222	1942
188222	1972
188222	2007
188222	2027
188718	1800
188718	1813
188718	1814
188718	1825
188718	1837
188718	1942
188718	1994
188718	2027
188718	2249
188718	2952
188724	1782
188724	1799
188724	1806
188724	1816
188724	1819
188724	1825
188724	1837
188724	1863
188724	1864
188724	1870
188724	1874
188724	1939
188948	1800
188948	1807
188948	1817
188948	1818
188948	1825
188948	1831
188948	1834
188948	1837
188948	1863
188948	1906
188948	1910
188948	1955
189288	1816
189288	1853
189288	1866
189288	1893
189288	1901
189288	1914
189288	1921
189288	1924
189288	1933
189288	1949
189288	1956
189288	1960
189288	1967
189288	2026
189288	2044
189288	2056
189288	2416
189288	2604
189978	1771
189978	1773
189978	1779
189978	1780
189978	1781
189978	1784
189978	1785
189978	1789
189978	1790
189978	1795
189978	1797
189978	1798
189978	1802
189978	1804
189978	1809
189978	1811
189978	1812
189978	1813
189978	1819
189978	1822
189978	1825
189978	1826
189978	1832
189978	1836
189978	1843
189978	1844
189978	1848
189978	1849
189978	1851
189978	1857
189978	1859
189978	1867
189978	1868
189978	1869
189978	1873
189978	1875
189978	1876
189978	1882
189978	1883
189978	1885
189978	1890
189978	1892
189978	1921
191503	1782
191503	1818
191503	1824
191503	1827
191503	1838
191503	1853
191503	1855
191503	1867
191503	1897
191503	1908
191503	1928
191503	1932
191503	1933
191503	1942
191503	1945
191503	1959
191503	1963
191503	1971
191503	1977
191503	2113
191902	1829
191902	1849
191902	1879
191902	1885
191902	1886
191902	1933
191902	1942
191902	1969
192992	1747
192992	1860
192992	1908
194952	1783
194952	1811
194952	1816
194952	1824
194952	1841
194952	1858
194952	1863
194952	1867
194952	1906
194952	1945
198256	1782
198256	1806
198256	1816
198256	1859
198256	1863
198256	1870
198256	1879
198256	1880
198256	1885
198256	1892
198256	1930
198256	1968
198256	2011
198256	2066
199007	1733
199007	1750
199007	1759
199007	1761
199007	1785
199007	1789
199007	1794
199007	1798
199007	1799
199007	1800
199007	1802
199007	1806
199007	1807
199007	1814
199007	1815
199007	1816
199007	1819
199007	1828
199007	1836
199007	1841
199007	1843
199007	1845
199007	1846
199007	1852
199007	1853
199007	1854
199007	1855
199007	1856
199007	1859
199007	1860
199007	1867
199007	1875
199007	1892
199007	1914
199007	1978
199069	1763
199069	1785
199069	1814
199069	1819
199069	1830
199069	1841
199069	1856
199069	1866
199069	1921
199069	1994
199339	1816
199339	1827
199339	1858
199339	1872
199339	1879
199339	1906
199339	1933
200126	1782
200126	1806
200126	1811
200126	1813
200126	1814
200126	1831
200126	1837
200126	1838
200126	1863
200126	1864
200126	1910
200126	1916
200126	1919
200126	1922
200126	1936
200126	1945
200126	1963
200126	1972
200126	2007
200126	2113
200665	1816
200665	1879
200665	1937
201865	1806
201865	1811
201865	1816
201865	1820
201865	1822
201865	1834
201865	1862
201865	1871
201865	1897
201865	1901
201865	1914
201865	1922
201865	1939
201865	1942
201865	1955
201865	1963
201865	1969
201865	1972
203295	1834
203295	1881
203506	1910
203506	1912
203506	1933
203506	1937
203506	1942
203506	1992
203506	1993
204895	1811
204895	1814
204895	1820
204895	1838
204895	1863
204895	1870
204895	1875
204895	1881
204895	1936
204895	1945
204895	1947
204895	1952
204895	2824
206404	1799
206404	1800
206404	1816
206404	1817
206404	1822
206404	1823
206404	1825
206404	1829
206404	1837
206404	1840
206404	1843
206404	1844
206404	1852
206404	1861
206404	1878
206404	1882
206404	1884
206404	1886
206404	1894
206404	1898
206404	1899
206404	1901
206404	1902
206404	1911
206404	1914
206404	1915
206404	1916
206404	1920
206404	1952
206404	1955
206404	1967
206404	1994
206557	1800
206557	1867
206557	1922
206557	1932
206557	1936
206557	1939
208070	1816
208070	1827
208070	1832
208070	1858
208070	1863
208070	1867
208070	1932
208070	1939
208070	1969
208070	2007
208598	1891
208598	1897
209308	1782
209308	1811
209308	1816
209308	1822
209308	1824
209308	1825
209308	1832
209308	1852
209308	1858
209308	1863
209308	1864
209308	1879
209308	1881
209308	1900
209308	1910
209308	1912
209308	1916
209308	1919
209308	1928
209308	1932
209308	1933
209308	1934
209308	1936
209308	1937
209308	1939
209308	1942
209308	1945
209308	1947
209308	1957
209308	1963
209308	1978
209308	1985
209308	1992
209308	1996
209308	2000
209308	2057
209308	2066
209308	2088
209375	1782
209375	1831
209375	1837
209375	1942
211747	1814
211747	1822
211747	1828
211747	1881
211747	1902
211747	1908
211747	1919
211747	1939
211747	1992
211825	1824
211825	1838
211825	1849
211825	1857
211825	1881
211825	1888
211825	1889
211825	1919
211825	1954
211825	1967
213035	1816
213035	1825
213035	1867
213035	1893
213035	1906
213035	1912
214461	1782
214461	1879
214461	1881
214461	1916
214461	1919
215493	1770
215493	1786
215493	1787
215493	1792
215493	1793
215493	1797
215493	1800
215493	1802
215493	1811
215493	1818
215493	1820
215493	1828
215493	1832
215493	1833
215493	1835
215493	1836
215493	1840
215493	1848
215493	1852
215493	1854
215493	1860
215493	1861
215493	1863
215493	1864
215493	1865
215493	1869
215493	1871
215493	1873
215493	1875
215493	1877
215493	1885
215493	1890
215493	1892
215493	1916
215493	1919
215493	1928
215493	1936
215493	1937
215493	1939
215493	1971
216738	1842
216738	1855
216738	1879
216738	1897
216738	1905
216738	1934
216738	1974
216738	2058
216738	2119
217248	1773
217248	1782
217248	1833
217248	2027
217814	1811
217814	1816
217814	1825
217814	1859
217814	1862
217814	1914
217814	1916
217814	1937
217814	1942
217814	1949
217814	2035
219202	1799
219202	1814
219202	1831
219202	1833
219202	1850
219202	1855
219202	1858
219202	1859
219202	1867
219202	1868
219202	1874
219202	1908
219202	1926
219202	1930
219202	2002
219202	2035
219202	2063
219202	2166
219202	2183
219202	2393
219202	2444
219202	2787
219369	1811
219369	1816
219369	1863
219369	1871
219369	1872
219369	1879
219369	1897
219369	1916
219369	1918
219369	1933
219369	1942
219516	1742
219516	1744
219516	1745
219516	1747
219516	1751
219516	1752
219516	1753
219516	1754
219516	1755
219516	1756
219516	1758
219516	1759
219516	1760
219516	1761
219516	1763
219516	1764
219516	1772
219516	1773
219516	1774
219516	1775
219516	1776
219516	1779
219516	1780
219516	1781
219516	1786
219516	1789
219516	1790
219516	1793
219516	1794
219516	1797
219516	1799
219516	1800
219516	1802
219516	1804
219516	1805
219516	1809
219516	1811
219516	1812
219516	1814
219516	1815
219516	1816
219516	1818
219516	1819
219516	1820
219516	1821
219516	1822
219516	1824
219516	1825
219516	1826
219516	1827
219516	1829
219516	1832
219516	1833
219516	1835
219516	1836
219516	1838
219516	1841
219516	1845
219516	1846
219516	1848
219516	1849
219516	1852
219516	1853
219516	1855
219516	1856
219516	1857
219516	1860
219516	1867
219516	1914
219516	1932
219516	1934
219516	1950
219516	1994
219719	1782
219719	1811
219719	1818
219719	1824
219719	1832
219719	1871
219719	1897
219719	1933
219719	1937
219719	1942
219719	1944
219719	1947
221564	1782
221564	1816
221564	1844
221564	1994
221564	2027
221746	1785
221746	1816
221746	1826
221746	1831
221746	1837
221746	1863
221746	1912
221746	1920
221746	1921
221746	2003
221746	2027
222886	1811
222886	1817
222886	1824
222886	1825
222886	1827
222886	1838
222886	1859
222886	1866
222886	1867
222886	1868
222886	1871
222886	1875
222886	1897
222886	1901
222886	1911
222886	1920
222886	1927
222886	1928
222886	1932
222886	1933
222886	1937
222886	1973
222886	2119
224073	1811
224073	1816
224073	1825
224073	1912
224073	1932
224073	1933
224073	1937
224661	1811
224661	1830
224661	1834
224661	1855
224661	1859
224661	1862
224661	1869
224661	1872
224661	1880
224661	1881
224661	1882
224661	1899
224661	1901
224661	1909
224661	1914
224661	1934
224661	1937
224661	1943
224661	1952
224661	2005
224661	2249
224661	2459
225204	1843
225204	1901
225204	1911
225204	1914
225204	1928
226264	1770
226264	1782
226264	1783
226264	1798
226264	1806
226264	1811
226264	1812
226264	1813
226264	1814
226264	1815
226264	1816
226264	1818
226264	1819
226264	1821
226264	1822
226264	1824
226264	1825
226264	1826
226264	1828
226264	1832
226264	1834
226264	1847
226264	1852
226264	1858
226264	1861
226264	1863
226264	1865
226264	1875
226264	1879
226264	1881
226264	1886
226264	1891
226264	1893
226264	1897
226264	1900
226264	1904
226264	1912
226264	1920
226264	1922
226264	1933
226264	1934
226264	1936
226264	1939
226264	1942
226264	1945
226264	1965
227249	1782
227249	1783
227249	1799
227249	1810
227249	1837
227249	1872
227249	1875
227249	1899
227249	1904
227249	1906
227249	1921
227249	1952
228053	1770
228053	1781
228053	1782
228053	1783
228053	1786
228053	1791
228053	1792
228053	1795
228053	1799
228053	1802
228053	1805
228053	1806
228053	1811
228053	1822
228053	1826
228053	1830
228053	1831
228053	1832
228053	1833
228053	1840
228053	1847
228053	1863
228053	1903
228053	1922
228053	1936
228053	1967
228053	1994
228053	2113
228053	2847
230291	1792
230291	1799
230291	1811
230291	1814
230291	1815
230291	1816
230291	1864
230291	1888
230291	1891
230291	1897
230291	1907
230291	1908
230291	1909
230291	1923
230291	1933
230291	1939
230291	1959
230291	2007
230291	2081
230291	2192
230291	2326
231583	1811
231583	1816
231583	1822
231583	1835
231583	1836
231583	1885
231583	1902
231583	1910
231583	1933
231583	1942
231583	1992
232511	1747
232511	1811
232511	1816
232511	1822
232511	1834
232511	1863
232511	1879
232511	1897
232511	1912
232511	1932
233252	1773
233252	1814
233252	1815
233252	1824
233252	1836
233252	1856
233252	1863
233252	1880
233252	1914
233252	1959
233252	1967
233252	2027
233739	1811
233739	1816
233739	1824
233739	1838
233739	1859
233739	1900
233739	1923
233739	1931
233739	1933
233739	1934
233739	1942
233739	1945
233739	2007
233739	2027
236270	1773
236270	1800
236270	1811
236270	1824
236270	1879
236270	1881
236270	1882
236270	1884
236270	1932
236493	1782
236493	1783
236493	1800
236493	1811
236493	1814
236493	1816
236493	1820
236493	1823
236493	1824
236493	1825
236493	1828
236493	1833
236493	1836
236493	1837
236493	1851
236493	1859
236493	1864
236493	1879
236493	1882
236493	1891
236493	1896
236493	1897
236493	1902
236493	1906
236493	1912
236493	1914
236493	1928
236493	1931
236493	1932
236493	1934
236493	1942
236493	1960
236493	1969
236493	1971
237810	1784
237810	1800
237810	1810
237810	1814
237810	1816
237810	1817
237810	1822
237810	1824
237810	1828
237810	1829
237810	1837
237810	1840
237810	1845
237810	1848
237810	1849
237810	1852
237810	1860
237810	1861
237810	1865
237810	1866
237810	1880
237810	1882
237810	1884
237810	1886
237810	1887
237810	1888
237810	1891
237810	1899
237810	1901
237810	1908
237810	1909
237810	1914
237810	1919
237810	1922
237810	1928
237810	1932
237810	1937
237810	1939
237810	1944
237810	1949
237810	1959
237810	1982
237810	2026
237810	2113
237810	2586
240042	1884
240042	1894
240042	1967
240042	2010
240229	1811
240229	1817
240229	1822
240229	1825
240229	1828
240229	1832
240229	1834
240229	1837
240229	1840
240229	1843
240229	1848
240229	1851
240229	1855
240229	1857
240229	1866
240229	1867
240229	1869
240229	1870
240229	1872
240229	1879
240229	1880
240229	1881
240229	1884
240229	1887
240229	1888
240229	1893
240229	1895
240229	1897
240229	1901
240229	1902
240229	1905
240229	1906
240229	1909
240229	1910
240229	1914
240229	1916
240229	1917
240229	1919
240229	1920
240229	1921
240229	1923
240229	1924
240229	1927
240229	1930
240229	1931
240229	1932
240229	1935
240229	1936
240229	1937
240229	1940
240229	1942
240229	1944
240229	1945
240229	1949
240229	1954
240229	1968
240229	1971
240229	1983
240229	1984
240229	1987
240229	1988
240229	2007
240229	2009
240229	2014
240229	2035
240229	2058
241441	1758
241441	1763
241441	1770
241441	1773
241441	1782
241441	1806
241441	1810
241441	1811
241441	1816
241441	1817
241441	1824
241441	1826
241441	1831
241441	1837
241441	1859
241441	1863
241441	1872
241441	1879
241441	1888
241441	1891
241441	1893
241441	1902
241441	1906
241441	1910
241441	1914
241441	1916
241441	1919
241441	1921
241441	1942
241441	2027
242159	1739
242159	1742
242159	1751
242159	1773
242159	1776
242159	1779
242159	1781
242159	1785
242159	1786
242159	1789
242159	1791
242159	1792
242159	1793
242159	1794
242159	1795
242159	1797
242159	1799
242159	1800
242159	1803
242159	1805
242159	1809
242159	1810
242159	1811
242159	1813
242159	1814
242159	1816
242159	1818
242159	1819
242159	1824
242159	1825
242159	1826
242159	1827
242159	1828
242159	1829
242159	1832
242159	1833
242159	1837
242159	1841
242159	1845
242159	1846
242159	1848
242159	1849
242159	1853
242159	1856
242159	1857
242159	1859
242159	1860
242159	1864
242159	1866
242159	1868
242159	1869
242159	1875
242159	1877
242159	1878
242159	1879
242159	1880
242159	1882
242159	1884
242159	1885
242159	1886
242159	1887
242159	1888
242159	1894
242159	1895
242159	1897
242159	1902
242159	1903
242159	1905
242159	1906
242159	1907
242159	1911
242159	1913
242159	1914
242159	1915
242159	1918
242159	1919
242159	1921
242159	1968
242159	2046
242159	2201
243236	1806
243236	1832
243236	1867
243236	1870
243236	1872
243236	1939
243236	1994
246132	1747
246132	1750
246132	1751
246132	1752
246132	1755
246132	1756
246132	1758
246132	1760
246132	1761
246132	1763
246132	1764
246132	1765
246132	1775
246132	1776
246132	1779
246132	1787
246132	1799
246132	1800
246132	1803
246132	1811
246132	1819
246132	1832
246132	1838
246132	1840
246132	1841
246132	1844
246132	1848
246132	1854
246132	1860
246132	1864
246132	1865
246132	1866
246132	1868
246132	1872
246632	1822
246632	1838
246632	1854
246632	1862
246632	1872
246632	1902
246632	1903
246632	1909
246632	1914
246632	1915
246632	1933
246632	1937
246632	1942
246632	1944
246632	1946
246632	1949
246632	1972
248665	1829
248665	1933
248755	1811
248755	1822
248755	1830
248755	1834
248755	1853
248755	1871
248755	1912
251084	1811
251084	1816
251084	1822
251084	1827
251084	1828
251084	1829
251084	1832
251084	1834
251084	1835
251084	1836
251084	1840
251084	1843
251084	1844
251084	1845
251084	1848
251084	1851
251084	1852
251084	1853
251084	1854
251084	1855
251084	1857
251084	1858
251084	1859
251084	1860
251084	1861
251084	1865
251084	1866
251084	1869
251084	1871
251084	1872
251084	1873
251084	1876
251084	1877
251084	1878
251084	1880
251084	1881
251084	1884
251084	1885
251084	1886
251084	1888
251084	1890
251084	1893
251084	1894
251084	1895
251084	1897
251084	1900
251084	1901
251084	1902
251084	1905
251084	1907
251084	1908
251084	1909
251084	1910
251084	1911
251084	1912
251084	1913
251084	1914
251084	1915
251084	1916
251084	1917
251084	1919
251084	1920
251084	1921
251084	1922
251084	1924
251084	1925
251084	1926
251084	1927
251084	1928
251084	1930
251084	1931
251084	1932
251084	1933
251084	1934
251084	1936
251084	1937
251084	1939
251084	1940
251084	1941
251084	1942
251084	1944
251084	1946
251084	1947
251084	1948
251084	1949
251084	1951
251084	1954
251084	1955
251084	1956
251084	1958
251084	1959
251084	1960
251084	1961
251084	1962
251084	1963
251084	1965
251084	1966
251084	1967
251084	1968
251084	1969
251084	1972
251084	1973
251084	1974
251084	1979
251084	1982
251084	1984
251084	1986
251084	1987
251084	1991
251084	1992
251084	1997
251084	2007
251084	2009
251084	2010
251084	2018
251084	2021
251084	2026
251084	2046
251084	2056
251084	2058
251084	2063
251084	2068
251084	2113
251084	2119
251407	1811
251407	1816
251407	1822
251407	1832
251407	1834
251407	1837
251407	1843
251407	1860
251407	1864
251407	1902
251407	1910
251407	1932
251407	1933
251407	1939
251940	1773
251940	1792
251940	1815
251940	1822
251940	1874
251940	1879
251940	2027
252984	1794
252984	1799
252984	1811
252984	1814
252984	1815
252984	1825
252984	1837
252984	1838
252984	1841
252984	1864
252984	1875
252984	1879
252984	1881
252984	1888
252984	1891
252984	1906
252984	1907
252984	1915
252984	1916
252984	1935
252984	1936
252984	1994
254673	1782
254673	1783
254673	1787
254673	1800
254673	1803
254673	1806
254673	1810
254673	1811
254673	1813
254673	1814
254673	1815
254673	1816
254673	1818
254673	1819
254673	1820
254673	1823
254673	1825
254673	1827
254673	1830
254673	1831
254673	1832
254673	1837
254673	1838
254673	1842
254673	1844
254673	1845
254673	1856
254673	1859
254673	1863
254673	1864
254673	1866
254673	1867
254673	1868
254673	1871
254673	1874
254673	1875
254673	1879
254673	1882
254673	1891
254673	1892
254673	1896
254673	1904
254673	1920
254673	1921
254673	1931
254673	1939
254673	1952
254673	1975
254673	1979
254673	1994
254673	2002
254673	2011
254673	2027
255195	1782
255195	1800
255195	1806
255195	1811
255195	1817
255195	1822
255195	1827
255195	1831
255195	1837
255195	1840
255195	1841
255195	1842
255195	1848
255195	1853
255195	1854
255195	1860
255195	1863
255195	1878
255195	1886
255195	1891
255195	1894
255195	1897
255195	1910
255195	1912
255195	1915
255195	1916
255195	1917
255195	1928
255195	1932
255195	1933
255195	1937
255195	1955
255195	1994
255195	2113
255377	1858
255377	1872
255377	1893
255377	1916
255377	1927
255377	1967
255377	2119
255693	1814
255693	1847
255693	1856
255693	1867
255693	1868
255693	1873
255693	1879
255693	1880
255693	1883
255693	1884
255693	1894
255693	1895
255693	1898
255693	1902
255693	1909
255693	1910
255693	1918
255693	1919
255693	1921
255693	1924
255693	1927
255693	1928
255693	1932
255693	1937
255693	1940
255693	1946
255693	1958
255693	1959
255693	1982
255693	2002
255693	2062
255961	1811
255961	1816
255961	1854
255961	1875
255961	1879
255961	1920
255961	1933
255961	1934
255961	1945
256126	1803
256126	1810
256126	1824
256126	1825
256126	1831
256126	1837
256126	1854
256126	1864
256126	1880
256126	1933
258734	1897
258734	1928
258734	1933
259847	1840
259847	1905
259847	1910
259847	1972
259952	1799
259952	1803
259952	1807
259952	1814
259952	1816
259952	1817
259952	1830
259952	1831
259952	1832
259952	1837
259952	1838
259952	1841
259952	1855
259952	1858
259952	1863
259952	1864
259952	1867
259952	1870
259952	1875
259952	1876
259952	1879
259952	1880
259952	1881
259952	1882
259952	1888
259952	1894
259952	1905
259952	1906
259952	1916
259952	1919
259952	1920
259952	1921
259952	1930
259952	1932
259952	1937
259952	1982
259952	2007
259952	2027
261982	1897
261982	1928
261982	1933
261982	1942
261982	1963
262445	1803
262445	1807
262445	1811
262445	1816
262445	1825
262445	1833
262445	1837
262445	1881
262445	1896
262445	1897
262445	1898
262445	1932
262445	1933
262445	1939
262726	1816
262726	1934
262726	1937
262726	2005
262726	2350
263454	1816
263454	1824
263454	1832
263454	1858
263454	1879
263454	2003
263856	1845
263856	1846
263856	1848
263856	1849
263856	1852
263856	1853
263856	1855
263856	1856
263856	1857
263856	1859
263856	1860
263856	1861
263856	1864
263856	1869
263856	1875
263856	1878
263856	1879
263856	1880
263856	1882
263856	1884
263856	1886
263856	1887
263856	1888
263856	1889
263856	1890
263856	1902
263856	1905
263856	1907
263856	1909
263856	1912
263856	1916
263856	1918
263856	1919
263856	1921
263856	1932
263856	1945
263856	1961
263856	1964
263856	1971
263856	1972
263856	1983
263856	1984
263856	2010
264025	1933
264025	1978
264025	2063
264090	1775
264090	1785
264090	1794
264090	1797
264090	1798
264090	1809
264090	1810
264090	1820
264090	1824
264090	1838
264090	1843
264090	1864
264090	1875
264090	1904
264135	1816
264135	1822
264135	1827
264135	1828
264135	1829
264135	1832
264135	1834
264135	1835
264135	1836
264135	1840
264135	1843
264135	1844
264135	1845
264135	1848
264135	1849
264135	1851
264135	1852
264135	1853
264135	1854
264135	1855
264135	1857
264135	1858
264135	1859
264135	1860
264135	1861
264135	1862
264135	1866
264135	1867
264135	1868
264135	1869
264135	1870
264135	1871
264135	1872
264135	1873
264135	1876
264135	1878
264135	1879
264135	1880
264135	1881
264135	1884
264135	1885
264135	1886
264135	1887
264135	1888
264135	1890
264135	1893
264135	1894
264135	1901
264135	1902
264135	1903
264135	1905
264135	1907
264135	1908
264135	1909
264135	1910
264135	1912
264135	1914
264135	1915
264135	1917
264135	1918
264135	1919
264135	1920
264135	1921
264135	1922
264135	1923
264135	1930
264135	1931
264135	1935
264135	1936
264135	1939
264135	1951
264135	1955
264135	1959
264135	1964
264135	1967
264135	1969
264135	1971
264135	1972
264135	1977
264135	1983
264135	2007
264135	2010
264490	1782
264490	1806
264490	1811
264490	1814
264490	1825
264490	1837
264490	1906
264490	1931
266031	1816
266031	1881
266031	1897
266031	1932
266031	1936
266031	1937
266031	2028
266356	1839
266356	1899
266356	1900
266356	1921
266356	1932
266356	1960
266837	1824
266837	1832
266837	1836
266837	1897
266837	1902
266837	1937
266837	1939
267590	1811
267590	1816
267590	1825
267590	1828
267590	1831
267590	1832
267590	1851
267590	1853
267590	1902
267590	1910
267590	1916
267590	1937
267590	1942
267783	1837
267783	1874
267783	1879
267783	1936
267783	1945
268762	1811
268762	1818
268762	1881
268762	1933
268762	1934
268762	1977
268891	1782
268891	1811
268891	1864
268891	1897
268891	1912
268891	1928
268891	1934
268891	1937
268891	1942
268891	1947
268991	1782
268991	1783
268991	1800
268991	1811
268991	1816
268991	1817
268991	1863
268991	1871
268991	1879
268991	1906
268991	1933
269720	1811
269720	1816
269720	1824
269720	1825
269720	1879
269720	1897
269720	1933
269720	1934
269720	1937
269720	1939
269720	1942
269720	1963
271089	1783
271089	1855
271089	1875
271089	1879
271089	1880
271089	1881
271089	1898
271089	1903
271089	1919
271089	1923
271089	1936
271089	1945
271089	2007
271966	1813
271966	1814
271966	1837
271966	1838
271966	1842
271966	1855
271966	1874
271966	1875
271966	1879
271966	1888
271966	1905
271966	1928
271966	1935
271976	1815
271976	1816
271976	1829
271976	1831
271976	1837
271976	1840
271976	1881
271976	1891
271976	1902
271976	1928
271976	1936
271976	1937
271976	1959
271976	1967
271976	1994
271976	2002
272179	1800
272179	1810
272179	1813
272179	1814
272179	1820
272179	1827
272179	1830
272179	1838
272179	1854
272179	1863
272179	1870
272179	1873
272179	1875
272179	1880
272179	1882
272179	1899
272179	1901
272179	1905
272179	1907
272179	1909
272179	1914
272179	1919
272179	1932
272179	1972
272805	1813
272805	1831
272805	1921
273258	1813
273258	1814
273258	1936
273691	1816
273691	1824
273691	1859
273691	1879
273691	1919
273691	1928
273691	1932
273691	1945
273691	1960
273691	1987
273691	1992
274161	1820
274161	1833
274161	1875
274161	1891
274161	2183
275246	1782
275246	1800
275246	1810
275246	1817
275246	1830
275246	1834
275246	1843
276034	1815
276034	1816
276034	1824
276034	1825
276034	1845
276034	1867
276034	1886
276034	1897
276034	1913
276034	1932
276034	1933
276034	1934
276034	1937
276034	1938
276034	1942
276034	1943
276034	1947
276034	1954
276034	1956
276034	1986
276034	1994
276034	2026
276034	2068
277439	1811
277439	1816
277439	1851
277439	1852
277439	1871
277439	1891
277439	1916
278559	1761
278559	1762
278559	1764
278559	1773
278559	1775
278559	1779
278559	1792
278559	1795
278559	1800
278559	1807
278559	1817
278559	1818
278559	1836
278559	1838
278559	1851
278559	1866
278559	1868
278559	1869
278559	1870
278559	1872
278559	1898
278559	1931
281734	1774
281734	1775
281734	1776
281734	1780
281734	1786
281734	1789
281734	1790
281734	1791
281734	1792
281734	1795
281734	1797
281734	1799
281734	1800
281734	1804
281734	1805
281734	1806
281734	1807
281734	1809
281734	1814
281734	1816
281734	1820
281734	1825
281734	1827
281734	1828
281734	1833
281734	1845
281734	1847
281734	1849
281734	1855
281734	1857
281734	1860
281734	1861
281734	1862
281734	1866
281734	1869
281734	1872
281734	1875
282486	1859
282486	1897
282486	1934
282486	1939
284565	1782
284565	1818
284565	1824
284565	1828
284565	1829
284565	1832
284565	1834
284565	1836
284565	1872
284565	1932
284565	1933
284565	1934
290703	1782
290703	1811
290703	1816
290703	1825
290703	1831
290703	1838
290703	1863
290703	1912
290703	1919
290703	1933
290977	1782
290977	1811
290977	1816
290977	1825
290977	1829
290977	1832
290977	1833
290977	1848
290977	1863
290977	1879
290977	1880
290977	1893
290977	1900
290977	1914
290977	1916
290977	1923
290977	1928
290977	1931
290977	1933
290977	1937
290977	1940
290977	1945
290977	1959
290977	1960
290977	1971
290977	1992
290977	1994
292663	1806
292663	1813
292663	1815
292663	1816
292663	1828
292663	1829
292663	1831
292663	1840
292663	1845
292663	1848
292663	1851
292663	1852
292663	1854
292663	1859
292663	1862
292663	1865
292663	1866
292663	1872
292663	1880
292663	1886
292663	1908
292663	1914
292663	1920
292663	1939
292663	1952
292663	1959
292663	1969
292663	1971
292663	1994
292663	2027
294461	1879
294461	1897
294461	1916
294461	1928
294461	1933
294461	1934
294461	1937
294461	1942
294461	1975
294461	2005
294461	2035
296242	1773
296242	1785
296242	1828
296242	1836
296242	1855
296242	1858
296242	1867
296242	1878
296242	1903
296242	1915
296242	1922
296242	1939
296242	2003
296242	2027
296242	2175
296242	3514
296244	1817
296244	1822
296244	1864
296244	1912
296244	1937
297061	1815
297061	1817
297061	1820
297061	1825
297061	1829
297061	1832
297061	1835
297061	1837
297061	1847
297061	1853
297061	1854
297061	1862
297061	1864
297061	1868
297061	1877
297061	1891
297061	1916
297061	1937
297061	1939
297061	1969
297623	1837
298825	1811
298825	1816
298825	1822
298825	1859
298825	1864
298825	1879
298825	2011
299210	1782
299210	1807
299210	1808
299210	1811
299210	1856
299210	1863
299210	1908
299884	1845
299884	1854
299884	1878
299884	1893
299884	1937
299884	1967
299884	1984
300562	1735
300562	1742
300562	1745
300562	1747
300562	1750
300562	1751
300562	1758
300562	1759
300562	1760
300562	1764
300562	1765
300562	1766
300562	1768
300562	1770
300562	1771
300562	1772
300562	1776
300562	1778
300562	1779
300562	1781
300562	1785
300562	1789
300562	1793
300562	1794
300562	1797
300562	1802
300562	1803
300562	1809
300562	1811
300562	1824
300562	1825
300562	1826
300562	1832
300562	1841
300562	1845
300562	1846
300562	1848
300562	1851
300562	1855
300562	1857
300562	1864
300562	1889
301487	1782
301487	1811
301487	1852
301487	1863
301487	1886
301487	1897
301487	1933
301487	1942
301487	1949
302110	1772
302110	1773
302110	1774
302110	1775
302110	1776
302110	1781
302110	1783
302110	1786
302110	1791
302110	1792
302110	1793
302110	1795
302110	1797
302110	1799
302110	1800
302110	1802
302110	1803
302110	1805
302110	1807
302110	1809
302110	1811
302110	1813
302110	1815
302110	1816
302110	1817
302110	1819
302110	1820
302110	1824
302110	1825
302110	1826
302110	1827
302110	1829
302110	1832
302110	1833
302110	1834
302110	1836
302110	1837
302110	1838
302110	1842
302110	1845
302110	1846
302110	1847
302110	1849
302110	1851
302110	1852
302110	1853
302110	1855
302110	1860
302110	1863
302110	1864
302110	1866
302110	1869
302110	1871
302110	1875
302110	1885
302110	1920
302488	1743
302488	1745
302488	1748
302488	1750
302488	1751
302488	1754
302488	1755
302488	1759
302488	1771
302488	1779
302488	1785
302488	1803
302488	1805
302488	1809
302488	1828
302488	1846
302488	1879
302488	1908
302645	1782
302645	1816
302645	1819
302645	1829
302645	1879
302645	1942
302645	2314
302645	2885
303269	1775
303269	1782
303269	1783
303269	1787
303269	1791
303269	1806
303269	1810
303269	1815
303269	1816
303269	1817
303269	1824
303269	1825
303269	1828
303269	1830
303269	1832
303269	1837
303269	1845
303269	1854
303269	1864
303269	1871
303269	1888
303269	1891
303269	1892
303269	1909
303269	1912
303269	1915
303269	1916
303269	1917
303269	1933
303269	1939
303269	1945
303269	1984
303269	2027
305182	1795
305182	1848
305182	1875
305182	1898
306282	1803
306282	1820
306282	1823
306282	1828
306282	1834
306282	1836
306282	1837
306282	1854
306282	1861
306282	1865
306282	1866
306282	1870
306282	1873
306282	1879
306282	1885
306282	1888
306282	1895
306282	1897
306282	1898
306282	1900
306282	1901
306282	1902
306282	1909
306282	1911
306282	1912
306282	1914
306282	1916
306282	1919
306282	1922
306282	1924
306282	1928
306282	1932
306282	1934
306282	1937
306282	1939
306282	1942
306282	1944
306282	1945
306282	1949
306282	1954
306282	1971
306282	1972
306282	1973
306282	1982
306282	1987
306282	1988
306282	2010
306282	2014
306688	1782
306688	1799
306688	1806
306688	1811
306688	1816
306688	1824
306688	1825
306688	1855
306688	1879
306688	1882
306688	1891
306688	1897
306688	1898
306688	1899
306688	1900
306688	1910
306688	1916
306688	1928
306688	1933
306688	1934
306688	1937
306688	1942
306688	1945
307201	1735
307201	1736
307201	1738
307201	1739
307201	1740
307201	1742
307201	1744
307201	1747
307201	1751
307201	1753
307201	1754
307201	1758
307201	1759
307201	1760
307201	1761
307201	1763
307201	1764
307201	1765
307201	1771
307201	1774
307201	1794
307201	1799
307201	1800
307201	1803
307201	1805
307201	1810
307201	1811
307201	1812
307201	1813
307201	1816
307201	1817
307201	1819
307201	1822
307201	1824
307201	1825
307201	1827
307201	1829
307201	1832
307201	1833
307201	1835
307201	1841
307201	1845
307201	1848
307201	1849
307201	1851
307201	1853
307201	1856
307201	1857
307201	1863
307706	1783
307706	1816
307706	1829
307706	1832
307706	1836
307706	1843
307706	1846
307706	1851
307706	1854
307706	1862
307706	1866
307706	1867
307706	1871
307706	1872
307706	1886
307706	1906
307706	1911
307706	1914
307706	1918
307706	1928
307706	1932
307706	1939
307706	1971
307706	1977
307706	1984
308453	1779
308453	1785
308453	1786
308453	1792
308453	1793
308453	1794
308453	1797
308453	1799
308453	1800
308453	1802
308453	1810
308453	1811
308453	1813
308453	1819
308453	1825
308453	1827
308453	1829
308453	1833
308453	1864
308453	1866
308453	1868
308453	1872
308453	1873
308453	1875
308453	1876
308453	1878
308453	1884
308453	1894
308453	1895
308453	1898
308453	1909
308453	1922
308834	1747
308834	1750
308834	1759
308834	1761
308834	1764
308834	1766
308834	1771
308834	1772
308834	1773
308834	1774
308834	1775
308834	1781
308834	1785
308834	1786
308834	1787
308834	1790
308834	1792
308834	1793
308834	1794
308834	1797
308834	1798
308834	1799
308834	1800
308834	1803
308834	1804
308834	1805
308834	1806
308834	1807
308834	1810
308834	1811
308834	1812
308834	1814
308834	1817
308834	1821
308834	1822
308834	1825
308834	1827
308834	1828
308834	1829
308834	1832
308834	1836
308834	1837
308834	1838
308834	1840
308834	1843
308834	1844
308834	1845
308834	1846
308834	1847
308834	1848
308834	1849
308834	1851
308834	1852
308834	1854
308834	1855
308834	1859
308834	1861
308834	1864
308834	1866
308834	1868
308834	1871
308834	1890
308834	1891
309162	1811
309162	1816
309162	1824
309162	1825
309162	1828
309162	1836
309162	1852
309162	1855
309162	1863
309162	1867
309162	1869
309162	1872
309162	1891
309162	1897
309162	1902
309162	1910
309162	1914
309162	1928
309162	1934
309162	1939
309162	1942
309162	1947
309162	1967
309162	1977
309162	1986
309926	1782
309926	1816
309926	1837
309926	1845
309926	1859
309926	1871
309926	1879
309926	1892
309926	1897
309926	1920
309926	1933
309926	1939
309926	1942
309926	3448
310354	1731
310354	1758
310354	1773
310354	1786
310354	1787
310354	1789
310354	1793
310354	1797
310354	1798
310354	1800
310354	1802
310354	1803
310354	1804
310354	1805
310354	1806
310354	1807
310354	1809
310354	1810
310354	1811
310354	1813
310354	1814
310354	1815
310354	1816
310354	1819
310354	1822
310354	1824
310354	1825
310354	1826
310354	1827
310354	1828
310354	1829
310354	1832
310354	1833
310354	1835
310354	1836
310354	1837
310354	1838
310354	1840
310354	1841
310354	1843
310354	1844
310354	1845
310354	1846
310354	1847
310354	1848
310354	1849
310354	1851
310354	1855
310354	1856
310354	1859
310354	1860
310354	1861
310354	1862
310354	1864
310354	1866
310354	1867
310354	1868
310354	1869
310354	1870
310354	1875
310354	1878
310354	1879
310354	1880
310354	1882
310354	1884
310354	1885
310354	1886
310354	1890
310354	1891
310354	1893
310354	1902
310354	1903
310354	1904
310354	1905
310354	1906
310354	1907
310354	1909
310354	1910
310354	1916
310354	1917
310354	1918
310354	1920
310354	1923
310354	1959
310354	1964
310354	1967
310354	1971
310354	1972
310354	1983
310354	1994
310354	2007
310461	1811
310461	1824
310461	1879
310461	1893
310461	1897
310461	1932
310461	1933
310461	1934
310461	1936
310461	1945
310461	1994
310461	2027
310499	1816
310499	1851
310499	1897
312108	1782
312108	1816
312108	1828
312108	1848
312108	1862
312108	1884
312108	1888
312108	1893
312108	1897
312108	1910
312108	1919
312108	1932
312108	1933
312108	1934
312108	1942
312108	1963
312108	1965
312497	1739
312497	1740
312497	1742
312497	1743
312497	1744
312497	1751
312497	1752
312497	1755
312497	1761
312497	1766
312497	1767
312497	1769
312497	1771
312497	1772
312497	1773
312497	1774
312497	1775
312497	1776
312497	1779
312497	1781
312497	1782
312497	1787
312497	1789
312497	1790
312497	1793
312497	1794
312497	1797
312497	1799
312497	1802
312497	1803
312497	1804
312497	1809
312497	1811
312497	1813
312497	1814
312497	1815
312497	1816
312497	1818
312497	1819
312497	1822
312497	1823
312497	1824
312497	1825
312497	1827
312497	1828
312497	1829
312497	1832
312497	1833
312497	1834
312497	1835
312497	1837
312497	1838
312497	1840
312497	1842
312497	1845
312497	1846
312497	1847
312497	1848
312497	1849
312497	1851
312497	1853
312497	1854
312497	1855
312497	1856
312497	1859
312497	1860
312497	1864
312497	1868
312497	1872
312497	1875
312497	1877
312497	1882
312497	1888
312497	1891
312497	1894
312497	1902
312497	1903
312497	1904
312497	1907
312497	1909
312497	1910
312497	1915
312497	1918
312497	1919
312497	1923
312497	1928
312497	1972
312497	2011
313893	1791
313893	1854
313893	1866
313893	1868
313893	1872
313893	1879
313893	1893
313893	1897
313893	1902
313893	1910
313893	1929
313893	1964
313893	2012
313893	2068
314302	1800
314302	1818
314302	1824
314302	1879
314302	1933
315749	1773
315749	1806
315749	1811
315749	1814
315749	1838
315749	1841
315749	1864
315749	1897
315749	1912
315749	1928
315749	1937
316528	1758
316528	1813
316528	1822
316528	1828
316528	1838
316528	1849
316528	1881
316528	1895
316528	1905
316528	1909
316528	1942
316528	1960
318503	1811
318503	1816
318503	1823
318503	1825
318503	1827
318503	1828
318503	1834
318503	1835
318503	1838
318503	1843
318503	1845
318503	1849
318503	1851
318503	1852
318503	1853
318503	1855
318503	1857
318503	1859
318503	1860
318503	1864
318503	1865
318503	1867
318503	1868
318503	1869
318503	1872
318503	1876
318503	1885
318503	1887
318503	1888
318503	1890
318503	1891
318503	1893
318503	1901
318503	1902
318503	1905
318503	1906
318503	1907
318503	1909
318503	1912
318503	1914
318503	1915
318503	1917
318503	1920
318503	1928
318503	1930
318503	1955
318503	1959
318503	1967
318503	1972
318503	1973
318503	2007
318503	2010
318503	2113
318518	1879
318518	1897
318518	1900
318518	1912
318518	1916
318518	1932
318518	1933
318518	1934
318518	1937
318518	1942
318518	2004
318518	2005
318518	2013
318518	2018
318518	2035
318518	2063
318518	2066
318993	1810
318993	1811
318993	1817
318993	1822
318993	1824
318993	1827
318993	1828
318993	1829
318993	1834
318993	1836
318993	1838
318993	1843
318993	1853
318993	1855
318993	1860
318993	1861
318993	1865
318993	1869
318993	1873
318993	1880
318993	1884
318993	1887
318993	1890
318993	1894
318993	1897
318993	1900
318993	1901
318993	1909
318993	1910
318993	1911
318993	1912
318993	1914
318993	1915
318993	1918
318993	1919
318993	1920
318993	1921
318993	1932
318993	1933
318993	1937
318993	1941
318993	1950
318993	1955
318993	1959
318993	1963
318993	1965
318993	1967
318993	1971
318993	1972
318993	1977
318993	1982
318993	1997
318993	2010
318993	2016
318993	2035
318993	2063
318993	2113
318993	2945
319194	1773
319194	1806
319194	1846
319194	1884
319194	1893
319194	1912
319194	1915
319194	1916
319194	1919
319194	1994
319194	2326
320537	1758
320537	1759
320537	1760
320537	1761
320537	1763
320537	1764
320537	1769
320537	1772
320537	1773
320537	1774
320537	1775
320537	1778
320537	1779
320537	1780
320537	1781
320537	1785
320537	1789
320537	1790
320537	1792
320537	1797
320537	1800
320537	1802
320537	1803
320537	1806
320537	1810
320537	1811
320537	1814
320537	1816
320537	1818
320537	1819
320537	1832
320537	1835
320537	1836
320537	1837
320537	1838
320537	1843
320537	1844
320537	1845
320537	1846
320537	1848
320537	1849
320537	1851
320537	1852
320537	1856
320537	1857
320537	1859
320537	1860
320537	1865
320537	1866
320537	1868
320537	1875
320537	1884
321036	1782
321036	1806
321036	1811
321036	1816
321036	1825
321036	1864
321036	1881
321036	1897
321036	1906
321036	1920
321036	1937
321036	2011
321235	1811
321235	1814
321235	1815
321235	1816
321235	1824
321235	1825
321235	1827
321235	1859
321235	1863
321235	1864
321235	1867
321235	1874
321235	1882
321235	1888
321235	1897
321235	1916
321235	1919
321235	1920
321235	1931
321235	1932
321235	1933
321235	1934
321235	1945
321235	1967
321235	1972
321235	2002
321346	1800
321346	1817
321346	1822
321346	1843
321346	1967
321348	1811
321348	1822
321348	1834
321348	1879
321348	1888
321348	1912
321348	1916
321348	1932
321491	1777
321491	1824
321491	1832
321491	1858
321491	1867
321491	1879
321491	1932
321491	1933
321491	1935
321491	1945
322216	1795
322216	1840
322216	1852
322216	1855
322216	1869
322216	1906
322216	1914
322216	1920
322216	1921
322216	1931
322216	1951
322216	1955
322465	1782
322465	1787
322465	1790
322465	1792
322465	1799
322465	1802
322465	1805
322465	1806
322465	1809
322465	1810
322465	1811
322465	1813
322465	1814
322465	1818
322465	1820
322465	1821
322465	1824
322465	1833
322465	1837
322465	1838
322465	1879
322465	1891
322465	1906
322465	1931
322465	1932
322531	1763
322531	1764
322531	1766
322531	1767
322531	1768
322531	1777
322531	1780
322531	1792
322531	1794
322531	1796
322531	1797
322531	1798
322531	1799
322531	1804
322531	1813
322531	1815
322531	1818
322531	1819
322531	1820
322531	1821
322531	1823
322531	1824
322531	1825
322531	1828
322531	1829
322531	1833
322531	1834
322531	1835
322531	1837
322531	1838
322531	1845
322531	1848
322531	1849
322531	1852
322531	1854
322531	1855
322531	1857
322531	1858
322531	1859
322531	1865
322531	1867
322531	1888
322531	1908
322531	1909
322531	1912
322531	1917
322531	1918
322531	1920
322531	1930
322531	1935
322531	1972
322531	1977
322531	1983
322531	2002
322531	2027
324280	1816
324280	1817
324280	1863
325823	1816
325823	1830
325823	1864
325823	1928
325823	1933
325823	1937
325823	2077
326002	1824
326002	1897
326002	1933
326002	1934
326002	1942
326768	1881
326768	1923
326768	1945
326768	1982
326915	1811
326915	1858
326915	1863
326915	1873
326915	1877
326915	1930
326915	1933
326915	1934
326915	2007
327130	1763
327130	1782
327130	1810
327130	1811
327130	1813
327130	1816
327130	1818
327130	1819
327130	1820
327130	1822
327130	1826
327130	1827
327130	1828
327130	1829
327130	1830
327130	1832
327130	1833
327130	1834
327130	1836
327130	1840
327130	1845
327130	1849
327130	1857
327130	1860
327130	1864
327130	1866
327130	1872
327130	1879
327130	1882
327130	1884
327130	1885
327130	1887
327130	1888
327130	1890
327130	1891
327130	1894
327130	1896
327130	1898
327130	1899
327130	1901
327130	1904
327130	1906
327130	1909
327130	1910
327130	1911
327130	1914
327130	1916
327130	1919
327130	1921
327130	1922
327130	1923
327130	1928
327130	1930
327130	1939
327130	1951
327130	1952
327130	1955
327130	1964
327130	1967
327130	1972
327130	1983
327130	1984
327130	1994
327130	2002
327130	2010
327130	2011
327999	1816
327999	1838
327999	1891
327999	1935
327999	1942
329126	1809
329126	1838
329126	1863
329126	1920
329126	1950
329126	2011
329126	2036
329126	2200
329126	3237
329126	3508
330387	1822
330387	1878
330387	1880
330387	1905
330387	1907
330387	1910
330387	1932
330387	1963
330387	2068
330387	2119
330407	1884
330407	1916
330407	1928
330407	1933
330407	1937
330407	1946
330407	1950
330407	1964
330407	1986
330407	2035
332101	1811
332101	1816
332101	1897
332101	1933
332101	1934
332204	1816
332204	1822
332204	1834
332204	1905
332204	1907
332204	1916
332204	2016
332204	2021
332204	2066
332346	1787
332346	1840
332346	1848
332346	1875
332346	1893
332346	1922
332346	1936
334571	1782
334571	1800
334571	1822
334571	1831
334571	2027
334705	1891
334998	1816
334998	1891
334998	1898
334998	1899
334998	1912
334998	1931
334998	1936
