1750	2698
1750	2713
1750	2749
1750	2775
1750	2787
1750	2796
1750	2797
1750	2803
1750	2825
1750	2860
1791	2712
1791	2721
1791	2726
1791	2758
1791	2764
1791	2767
1791	2771
1791	2772
1791	2794
1791	2795
1791	2807
1791	2809
1791	2813
1791	2829
2068	2712
2068	2719
2068	2724
2068	2735
2068	2738
2068	2742
2068	2743
2068	2747
2068	2762
2068	2768
2068	2769
2068	2776
2068	2780
2068	2786
2068	2809
2068	2812
2068	2823
2068	2826
2068	2839
2068	2913
3306	2710
3306	2718
3306	2719
3306	2738
3306	2741
3306	2742
3306	2747
3306	2750
3306	2751
3306	2757
3306	2758
3306	2760
3306	2764
3306	2780
3306	2787
3306	2796
3306	2797
3306	2812
3306	2813
3306	2828
3306	2837
3306	2840
3306	2841
3306	2860
3651	2743
3651	2773
3651	2793
3651	2797
3651	2811
3651	2836
3651	2837
3651	2840
3651	2841
3651	2843
3651	2913
3892	2703
3892	2708
3892	2713
3892	2719
3892	2732
3892	2735
3892	2738
3892	2741
3892	2742
3892	2744
3892	2751
3892	2765
3892	2772
3892	2773
3892	2775
3892	2780
3892	2797
3892	2816
3892	2827
3892	2855
4805	2719
4805	2743
4805	2747
4805	2749
4805	2765
4805	2768
4805	2781
4805	2783
4805	2784
4805	2786
4805	2794
4805	2823
4805	2826
4966	2738
4966	2797
4966	2806
6237	2742
6237	2780
6237	2803
6237	2806
6237	2816
6237	2836
6237	2841
6648	2698
6648	2700
6648	2710
6648	2712
6648	2728
6648	2732
6648	2742
6648	2744
6648	2760
6648	2775
6648	2780
6648	2787
6648	2791
6648	2797
6648	2803
6648	2816
6648	2826
6690	2667
6690	2687
6690	2700
6690	2706
6690	2719
6690	2735
6690	2738
6690	2742
6690	2749
6690	2752
6690	2756
6690	2762
6690	2773
6690	2788
6935	2710
6935	2763
6935	2768
6935	2783
6935	2796
6935	2797
6935	2803
6935	2831
6935	2833
6935	2860
6935	2868
6935	2874
6935	2890
6935	2895
7146	2742
7146	2747
7146	2760
7146	2797
7146	2860
7490	2738
7490	2746
7490	2765
7490	2795
7490	2805
7490	2850
7784	2660
7784	2668
7784	2682
7784	2687
7784	2721
7784	3280
7808	2737
7808	2738
7808	2742
7808	2749
7808	2751
7808	2760
7808	2786
7808	2801
7808	2839
7808	2860
7886	2708
7886	2713
7886	2715
7886	2719
7886	2723
7886	2737
7886	2738
7886	2742
7886	2746
7886	2755
7886	2764
7886	2765
7886	2772
7886	2773
7886	2777
7886	2779
7886	2785
7886	2787
7886	2793
7886	2796
7886	2797
7886	2803
7886	2805
7886	2812
7886	2822
7886	2829
7886	2831
7886	2841
7886	2845
7886	2848
7886	2854
7886	2868
7886	2878
9386	2656
9386	2658
9386	2659
9386	2664
9386	2668
9386	2669
9386	2671
9386	2676
9386	2677
9386	2681
9386	2682
9386	2686
9386	2688
9386	2690
9386	2691
9386	2692
9386	2694
9386	2695
9386	2696
9386	2703
9386	2704
9386	2705
9386	2706
9386	2707
9386	2709
9386	2710
9386	2713
9386	2715
9386	2718
9386	2723
9386	2725
9386	2726
9386	2727
9386	2730
9386	2731
9386	2732
9386	2733
9386	2734
9386	2737
9386	2739
9386	2740
9386	2741
9386	2744
9386	2746
9386	2748
9386	2749
9386	2750
9386	2754
9386	2755
9386	2756
9386	2767
9386	2777
9919	2716
9919	2760
9919	2764
9919	2772
9919	2777
10031	2689
10031	2719
10031	2721
10031	2741
10031	2760
10031	2770
10031	2791
10031	2796
10031	2807
10031	2809
10031	2860
10223	2687
10223	2688
10223	2694
10223	2695
10223	2700
10223	2701
10223	2705
10223	2708
10223	2709
10223	2713
10223	2718
10223	2720
10223	2721
10223	2722
10223	2725
10223	2726
10223	2727
10223	2728
10223	2732
10223	2733
10223	2734
10223	2737
10223	2739
10223	2744
10223	2745
10223	2746
10223	2749
10223	2750
10223	2758
10223	2761
10223	2764
10223	2770
10223	2771
10223	2774
10223	2775
10223	2777
10223	2779
10223	2781
10223	3230
10252	2738
10252	2742
10252	2760
10252	2768
10252	2773
10252	2780
10252	2797
10252	2798
10252	2803
10252	2816
10252	2817
10252	2827
10252	2831
10252	2835
10252	2840
10252	2841
10252	2846
10252	2901
11945	2747
11945	2802
11945	2855
11945	2860
12604	2719
12604	2729
12604	2741
12604	2801
12604	2833
12604	3251
13361	2709
13361	2710
13361	2713
13361	2718
13361	2750
13361	2775
13361	2780
15947	2764
15947	2780
16033	2719
16033	2760
16033	2776
16033	2787
16033	2797
16033	2829
16339	2687
16339	2694
16339	2703
16339	2710
16339	2724
16339	2727
16339	2729
16339	2741
16339	2754
16339	2757
16339	2794
16339	2813
16385	2716
16385	2735
16385	2741
16385	2765
16385	2780
16385	2850
16385	3021
17064	2687
17064	2698
17064	2700
17064	2703
17064	2728
17064	2742
17064	2747
17064	2760
17064	2765
17064	2772
17064	2784
17064	2792
17064	2793
17064	2800
17064	2823
17064	2993
18825	2703
19141	2738
19141	2742
19141	2747
19141	2760
19141	2764
19141	2796
19141	2797
19141	2830
20447	2710
20447	2716
20447	2726
20447	2734
20447	2738
20447	2742
20447	2760
20447	2763
20447	2765
20447	2779
20447	2780
20447	2781
20447	2783
20447	2790
20447	2800
20447	2801
20447	2803
20447	2812
20447	2813
20447	2831
20447	2839
20447	2849
20447	2854
20447	2860
20447	2870
20447	2923
23192	2719
23192	2729
23192	2738
23192	2747
23192	2780
23192	2793
23192	2797
23192	2803
24134	2688
24134	2742
24134	2749
24134	2751
24217	2755
24217	2762
24217	2785
24217	2795
24217	3286
24371	2667
24371	2688
24371	2710
24371	2713
24371	2715
24371	2721
24371	2723
24371	2737
24371	2742
24371	2746
24371	2747
24371	2756
24371	2757
24371	2762
24371	2764
24371	2765
24371	2766
24371	2767
24371	2769
24371	2772
24371	2774
24371	2777
24371	2778
24371	2784
24371	2785
24371	2786
24371	2792
24371	2797
24371	2798
24371	2800
24371	2802
24371	2803
24371	2804
24371	2805
24371	2806
24371	2809
24371	2811
24371	2819
24371	2821
24371	2823
24371	2824
24371	2826
24371	2830
24371	2831
24371	2833
24371	2836
24371	2837
24371	2839
24371	2841
24371	2842
24371	2844
24371	2845
24371	2850
24371	2851
24371	2854
24371	2855
24371	2856
24371	2860
24371	2863
24371	2865
24371	2868
24371	2870
24371	2872
24371	2878
24371	2879
24371	2913
24371	2923
26712	2678
26712	2688
26712	2695
26712	2697
26712	2700
26712	2708
26712	2716
26712	2718
26712	2719
26712	2726
26712	2727
26712	2729
26712	2730
26712	2732
26712	2733
26712	2744
26712	2750
26712	2753
26712	2756
26712	2765
26712	2778
26712	2780
26712	2781
26712	2782
26712	2790
26712	2791
26712	2807
26712	2813
26712	2836
26712	2839
26712	2866
27321	2703
27321	2741
27321	2751
27321	2785
27501	2708
27501	2719
27501	2735
27501	2738
27501	2780
29255	2655
29255	2659
29255	2663
29255	2667
29255	2668
29255	2669
29255	2670
29255	2671
29255	2677
29255	2680
29255	2681
29255	2682
29255	2683
29255	2688
29255	2690
29255	2691
29255	2692
29255	2696
29255	2698
29255	2699
29255	2700
29255	2701
29255	2703
29255	2705
29255	2708
29255	2709
29255	2710
29255	2716
29255	2718
29255	2721
29255	2722
29255	2723
29255	2726
29255	2732
29255	2733
29255	2734
29255	2736
29255	2737
29255	2739
29255	2741
29255	2745
29255	2746
29255	2749
29255	2752
29255	2756
29255	2758
29255	2760
29255	2761
29255	2765
29255	2773
29255	2780
29778	2715
29778	2729
29778	2738
29778	2742
29778	2780
29778	2797
29778	2803
29778	2841
29778	2863
30733	2719
30733	2796
30733	2831
33540	2710
33540	2715
33540	2718
33540	2737
33540	2738
33540	2749
33540	2753
33540	2787
33540	2816
34154	2710
34154	2735
34154	2738
34154	2742
34154	2747
34154	2751
34154	2760
34154	2782
34154	2797
34154	2802
34154	2803
34154	2807
34154	2820
34154	2831
34154	2841
34154	2854
34154	2855
34154	2860
34154	2868
34154	2870
34611	2768
34611	2850
34611	2913
35478	2659
35478	2667
35478	2668
35478	2669
35478	2671
35478	2676
35478	2679
35478	2682
35478	2683
35478	2686
35478	2687
35478	2688
35478	2689
35478	2692
35478	2695
35478	2698
35478	2699
35478	2700
35478	2701
35478	2702
35478	2703
35478	2705
35478	2706
35478	2708
35478	2709
35478	2710
35478	2713
35478	2715
35478	2721
35478	2722
35478	2723
35478	2725
35478	2726
35478	2727
35478	2731
35478	2732
35478	2733
35478	2737
35478	2739
35478	2744
35478	2749
35478	2750
35478	2755
35478	2764
35478	2766
35478	2768
35478	2770
35478	2777
35478	2778
35478	2779
35478	2792
35713	2728
35713	2749
35713	2760
35713	2763
35713	2780
35713	2783
35713	2799
35713	2813
35713	2860
35966	2700
35966	2718
35966	2719
35966	2747
35966	2784
35966	2788
35966	2796
35966	2841
36790	2741
36790	2742
36790	2750
36790	2797
36790	2801
36790	2803
36790	2841
36790	2854
37043	2705
37043	2723
37043	2724
37043	2727
37043	2728
37043	2741
37043	2769
37043	2787
37043	2808
37043	2824
37043	2833
37043	2837
38013	2701
38013	2702
38013	2705
38013	2706
38013	2708
38013	2713
38013	2720
38013	2721
38013	2722
38013	2726
38013	2728
38013	2732
38013	2739
38013	2744
38013	2747
38013	2753
38013	2756
38013	2761
38013	2767
38013	2771
38013	2780
38013	2783
38013	2787
38013	2789
38013	2795
38013	2796
38013	2799
38013	2807
38479	2698
38479	2700
38479	2703
38479	2706
38479	2710
38479	2712
38479	2713
38479	2715
38479	2716
38479	2721
38479	2723
38479	2726
38479	2727
38479	2729
38479	2737
38479	2741
38479	2742
38479	2743
38479	2744
38479	2745
38479	2746
38479	2747
38479	2748
38479	2749
38479	2753
38479	2754
38479	2755
38479	2758
38479	2759
38479	2760
38479	2761
38479	2764
38479	2765
38479	2767
38479	2769
38479	2771
38479	2772
38479	2773
38479	2775
38479	2776
38479	2778
38479	2779
38479	2781
38479	2782
38479	2783
38479	2784
38479	2785
38479	2786
38479	2787
38479	2789
38479	2790
38479	2791
38479	2793
38479	2794
38479	2795
38479	2796
38479	2797
38479	2798
38479	2800
38479	2801
38479	2802
38479	2807
38479	2808
38479	2809
38479	2812
38479	2813
38479	2814
38479	2826
38479	2828
38479	2836
38479	2839
38479	2850
38479	2855
38479	2860
38479	2866
38479	2913
38479	2923
39142	2710
39142	2716
39142	2732
39142	2738
39142	2741
39142	2742
39142	2751
39142	2760
39142	2764
39142	2780
39142	2796
39142	2797
39142	2803
39142	2816
39142	2850
39142	2860
39275	2693
39275	2698
39275	2700
39275	2719
39275	2753
39275	2760
39275	2762
39275	2769
39275	2785
39275	2826
39275	2860
40242	2655
40242	2661
40242	2687
40242	2717
40242	2724
40242	2728
40242	2746
40242	2796
40556	2760
40556	2799
40556	2841
40963	2726
40963	2732
40963	2738
40963	2742
40963	2751
40963	2816
40963	2826
43096	2710
43096	2732
43096	2738
43096	2742
43096	2751
43096	2780
43096	2796
43096	2885
43096	3391
43362	2687
43362	2691
43362	2692
43362	2694
43362	2695
43362	2696
43362	2698
43362	2699
43362	2700
43362	2701
43362	2702
43362	2703
43362	2706
43362	2708
43362	2709
43362	2710
43362	2712
43362	2713
43362	2716
43362	2718
43362	2720
43362	2722
43362	2723
43362	2724
43362	2725
43362	2726
43362	2727
43362	2728
43362	2729
43362	2730
43362	2732
43362	2733
43362	2734
43362	2737
43362	2739
43362	2740
43362	2744
43362	2746
43362	2748
43362	2749
43362	2750
43362	2755
43362	2756
43362	2758
43362	2761
43362	2764
43362	2765
43362	2766
43362	2768
43362	2770
43362	2771
43362	2788
43362	2797
43362	2798
43362	2828
48570	2693
48570	2700
48570	2719
48570	2738
48570	2780
48570	2836
49279	2710
49279	2713
49279	2718
49279	2719
49279	2724
49279	2728
49279	2729
49279	2747
49279	2769
49279	2775
49279	2779
49279	2786
49279	2794
49279	2795
49279	2796
49279	2803
49279	2804
49279	2828
49279	2850
49279	2913
49508	2712
49508	2723
49508	2728
49508	2733
49508	2741
49508	2764
49508	2782
49508	2786
49508	2800
49508	2819
49508	2826
49508	2828
49508	2836
49508	2913
49763	2713
49763	2724
49763	2760
49763	2779
49763	2796
49763	2803
49763	2860
49939	2663
49939	2667
49939	2669
49939	2670
49939	2671
49939	2673
49939	2677
49939	2681
49939	2732
49939	2733
49939	2734
49939	2737
49939	2739
49939	2749
49939	2750
49939	2752
49939	2754
49939	2757
49939	2764
49939	2765
49939	2766
49939	2793
49939	2794
49939	2795
50354	2683
50354	2686
50354	2687
50354	2692
50354	2695
50354	2696
50354	2700
50354	2701
50354	2704
50354	2706
50354	2708
50354	2709
50354	2710
50354	2713
50354	2718
50354	2719
50354	2720
50354	2721
50354	2722
50354	2725
50354	2726
50354	2727
50354	2728
50354	2732
50354	2733
50354	2734
50354	2737
50354	2739
50354	2744
50354	2745
50354	2749
50354	2750
50354	2756
50354	2758
50354	2760
50354	2763
50354	2764
50354	2766
50354	2768
50354	2770
50354	2771
50354	2774
50354	2775
50354	2776
50354	2778
50354	2779
50354	2781
50354	2793
50714	2733
50714	2736
50714	2737
50714	2745
50714	2765
50714	2768
50714	2802
50714	2805
50714	2810
50714	2817
51394	2738
51394	2742
51394	2751
51394	2760
51394	2797
51394	2803
51394	2806
51394	2812
51394	2824
51394	2826
51394	2831
51394	2833
51394	2841
51394	2853
51394	2854
51394	2856
51394	2860
51394	2863
51394	2865
51394	2890
51394	2901
51408	2733
51408	2747
51408	2763
51408	2797
51408	2803
51566	2747
51566	2751
51566	2780
51566	2782
51566	2803
51566	2804
51566	2811
51566	2814
51566	2816
51566	2817
51566	2824
51566	2826
51566	2827
51566	2839
51566	2841
51566	2860
51581	2700
51581	2710
51581	2713
51581	2719
51581	2724
51581	2729
51581	2737
51581	2741
51581	2742
51581	2743
51581	2746
51581	2747
51581	2749
51581	2751
51581	2755
51581	2760
51581	2762
51581	2763
51581	2764
51581	2765
51581	2769
51581	2772
51581	2773
51581	2777
51581	2785
51581	2786
51581	2787
51581	2789
51581	2796
51581	2801
51581	2802
51581	2803
51581	2804
51581	2805
51581	2806
51581	2812
51581	2813
51581	2817
51581	2819
51581	2821
51581	2823
51581	2824
51581	2826
51581	2827
51581	2828
51581	2829
51581	2830
51581	2831
51581	2832
51581	2833
51581	2837
51581	2839
51581	2841
51581	2843
51581	2845
51581	2848
51581	2856
51581	2859
51581	2860
51581	2863
51581	2870
51581	2871
51581	2872
51581	2877
51581	2883
51581	2901
51581	2912
51581	2913
51581	3030
54970	2708
54970	2716
54970	2719
54970	2732
54970	2735
54970	2738
54970	2742
54970	2746
54970	2763
54970	2772
54970	2773
54970	2780
54970	2783
54970	2787
54970	2813
54970	2923
55063	2687
55063	2688
55063	2692
55063	2694
55063	2695
55063	2696
55063	2698
55063	2703
55063	2704
55063	2711
55063	2712
55063	2715
55063	2716
55063	2718
55063	2719
55063	2720
55063	2721
55063	2722
55063	2723
55063	2724
55063	2725
55063	2726
55063	2727
55063	2730
55063	2733
55063	2741
55063	2744
55063	2745
55063	2746
55063	2747
55063	2748
55063	2754
55063	2757
55063	2761
55063	2765
55063	2767
55063	2769
55063	2770
55063	2771
55063	2772
55063	2774
55063	2775
55063	2777
55063	2778
55063	2779
55063	2782
55063	2783
55063	2784
55063	2785
55063	2786
55063	2787
55063	2788
55063	2790
55063	2792
55063	2794
55063	2795
55063	2796
55063	2797
55063	2798
55063	2800
55063	2805
55063	2819
55063	2850
55063	2860
55063	2866
55401	2698
55401	2732
55401	2735
55401	2738
55401	2751
55401	2780
55634	2700
55634	2710
55634	2719
55634	2738
55634	2742
55634	2747
55634	2760
55634	2780
55634	2783
55634	2796
55634	2797
55634	2816
55828	2710
55828	2719
55828	2742
55828	2830
56783	2796
57311	2656
57311	2657
57311	2659
57311	2668
57311	2669
57311	2670
57311	2674
57311	2676
57311	2677
57311	2678
57311	2682
57311	2690
57311	2701
57311	2705
57311	2708
57311	2712
57311	2713
57311	2715
57311	2716
57311	2718
57311	2721
57311	2722
57311	2723
57311	2724
57311	2733
57311	2734
57311	2737
57311	2738
57311	2739
57311	2740
57311	2744
57311	2745
57311	2746
57311	2749
57311	2758
57311	2760
57311	2761
57311	2766
57311	2821
58236	2738
58236	2764
59154	2710
59154	2719
59154	2780
59154	2796
59154	2806
59154	2841
59154	2856
59266	2710
59266	2719
59266	2741
59266	2747
59266	2760
59266	2796
59266	2797
59266	2803
59266	2831
59266	2841
59266	2856
59266	2860
59323	2698
59323	2700
59323	2710
59323	2718
59323	2744
59323	2751
59323	2775
59323	2785
59323	2797
59323	2798
59323	2814
59323	2830
59733	2710
59733	2715
59733	2732
59733	2735
59733	2738
59733	2742
59733	2751
59733	2765
59733	2775
59733	2780
59733	2788
59733	2796
59733	2798
59733	2813
59733	2824
59733	2829
60244	2797
60244	2802
60244	2803
60244	2824
60244	2841
60244	2854
60244	2860
60244	3026
60244	3224
60597	2710
60597	2747
60597	2803
60597	2806
60597	2831
60597	2841
60597	2846
60597	2849
60597	2854
60597	2870
60986	2688
60986	2689
60986	2700
60986	2710
60986	2718
60986	2719
60986	2723
60986	2741
60986	2770
60986	2775
60986	2787
60986	2796
61760	2710
61892	2667
61892	2700
61892	2716
61892	2787
61892	2813
62161	2712
62161	2720
62161	2728
62161	2746
62161	2753
62161	2769
62161	2843
62161	2913
62341	2790
62341	2797
62341	2806
62341	2814
62341	2816
62341	2817
62341	2820
62341	2826
62341	2835
62341	2841
62341	2849
62341	2850
62341	2854
62341	2855
62341	2863
62341	2871
63772	2719
63772	2724
63772	2747
63772	2776
63772	2796
63772	2839
64080	2746
64080	2747
64080	2786
64080	2860
64829	2693
64829	2719
65398	2668
65398	2669
65398	2673
65398	2676
65398	2677
65398	2678
65398	2679
65398	2680
65398	2698
65398	2700
65398	2701
65398	2703
65398	2704
65398	2708
65398	2710
65398	2712
65398	2713
65398	2715
65398	2716
65398	2721
65398	2737
65398	2739
65398	2741
65398	2744
65398	2745
65398	2753
65398	2754
65398	2755
65398	2758
65398	2768
65398	2798
66068	2750
66068	2775
67353	2708
67353	2712
67353	2719
67353	2749
67353	2760
67353	2796
67461	2710
67461	2713
67461	2715
67461	2726
67461	2729
67461	2732
67461	2733
67461	2734
67461	2735
67461	2737
67461	2738
67461	2742
67461	2747
67461	2749
67461	2750
67461	2751
67461	2761
67461	2763
67461	2764
67461	2765
67461	2769
67461	2771
67461	2776
67461	2778
67461	2779
67461	2780
67461	2781
67461	2783
67461	2784
67461	2785
67461	2786
67461	2787
67461	2789
67461	2797
67461	2798
67461	2799
67461	2801
67461	2803
67461	2805
67461	2808
67461	2812
67461	2813
67461	2816
67461	2817
67461	2823
67461	2826
67461	2829
67461	2831
67461	2836
67461	2840
67461	2841
67461	2845
67461	2850
67461	2852
67461	2854
67461	2860
67461	2868
67461	2870
67461	2923
67976	2700
67976	2741
67976	2773
67976	2797
69326	2708
69326	2716
69326	2721
69326	2734
69326	2758
69326	2766
69326	2777
69326	2793
69326	2807
69326	2913
69326	2923
69326	3410
69367	2698
69367	2719
69367	2785
69367	2839
70527	2742
70527	2760
70527	2803
70527	2835
70527	2841
70725	2713
70725	2737
70725	2743
70725	2747
70725	2760
70725	2765
70725	2768
70725	2779
70725	2784
70725	2796
70725	2799
70725	2814
70725	2816
70725	2817
70725	2819
70725	2827
70725	2828
70725	2829
70725	2841
70725	2854
74146	2721
74146	2746
74146	2747
74146	2762
74489	2731
74489	2744
74489	2771
74489	2791
74489	2794
75277	2710
75277	2713
75277	2719
75277	2760
75277	2781
75277	2796
75277	2797
75277	2801
75729	2682
75729	2745
75729	2748
75729	2758
76710	2664
76710	2669
76710	2683
76710	2698
76710	2705
76710	2727
76710	2744
76710	2756
76710	2757
76710	2768
76710	2777
76710	2779
76710	2782
76770	2709
76770	2718
76770	2733
76770	2734
76770	2750
76770	2760
76770	2775
76770	2781
76770	2790
76770	2792
76770	2796
76770	2797
76770	2799
76770	2802
76903	2689
76903	2700
76903	2702
76903	2703
76903	2719
76903	2724
76903	2726
76903	2727
76903	2729
76903	2730
76903	2732
76903	2738
76903	2742
76903	2743
76903	2749
76903	2750
76903	2751
76903	2752
76903	2765
76903	2770
76903	2779
76903	2780
76903	2781
76903	2783
76903	2784
76903	2787
76903	2789
76903	2793
76903	2795
76903	2796
76903	2798
76903	2813
76903	2823
76903	2829
76903	2852
77722	2655
77722	2667
77722	2668
77722	2669
77722	2670
77722	2671
77722	2673
77722	2680
77722	2681
77722	2682
77722	2683
77722	2686
77722	2689
77722	2692
77722	2695
77722	2699
77722	2702
77722	2703
77722	2708
77722	2715
77722	2716
77722	2723
77722	2725
77722	2726
77722	2729
77722	2732
77722	2733
77722	2736
77722	2737
77722	2739
77722	2741
77722	2748
77722	2755
77735	2703
79123	2747
79123	2812
79123	2850
79123	2860
80640	2729
80640	2742
80640	2743
80640	2747
80640	2748
80640	2751
80640	2765
80640	2779
80640	2784
80640	2801
80640	2807
80640	2819
80640	2822
80640	2823
80640	2830
80640	2832
80640	2834
80640	2836
80640	2839
80640	2842
80640	2848
80640	2849
80640	2850
80640	2856
83962	2710
83962	2741
83962	2742
83962	2779
83962	2803
83962	2816
83962	2824
83962	3136
84151	2796
84151	2803
85202	2709
85202	2757
85202	2986
86243	2688
86243	2698
86243	2709
86243	2718
86243	2732
86243	2738
86243	2750
86243	2760
86243	2764
86243	2775
86243	2796
86243	2803
86809	2729
86809	2747
86809	2749
86809	2809
86809	2824
86809	2830
87923	2734
87923	2738
87923	2742
87923	2747
87923	2749
87923	2769
87923	2797
87923	2806
87923	2817
87923	2831
89465	2743
89465	2747
89465	2769
90015	2657
90015	2660
90015	2664
90015	2667
90015	2668
90015	2669
90015	2682
90015	2688
90015	2689
90015	2695
90015	2703
90015	2705
90015	2709
90015	2712
90015	2713
90015	2715
90015	2716
90015	2718
90015	2719
90015	2722
90015	2723
90015	2726
90015	2727
90015	2729
90015	2733
90015	2737
90015	2739
90015	2741
90015	2744
90015	2750
90015	2755
90015	2757
90015	2770
90015	2771
90015	2773
90015	2775
90015	2778
90015	2781
90015	2783
90015	2785
90015	2792
90015	2794
90015	2796
90015	2805
90015	2813
90015	3069
92675	2688
92675	2710
92675	2718
92675	2762
92675	2776
92675	2780
92675	2793
92675	2804
92675	2819
92675	2828
94173	2695
94173	2700
94173	2703
94173	2732
94173	2738
94173	2742
94173	2744
94173	2751
94173	2816
94528	2688
94528	2698
94528	2700
94528	2708
94528	2718
94528	2738
94528	2742
94528	2753
94528	2756
94528	2768
94528	2769
94528	2774
94528	2775
94528	2795
94528	2796
94528	2809
94528	2817
94528	2820
94528	2831
94528	2836
94528	2839
95924	2743
95924	2760
95947	2710
95947	2713
95947	2719
95947	2729
95947	2738
95947	2742
95947	2760
95947	2780
95947	2785
95947	2803
95947	2805
95947	2812
95947	2816
95947	2817
95947	2824
95947	2841
96523	2680
96523	2681
96523	2682
96523	2683
96523	2685
96523	2686
96523	2687
96523	2689
96523	2692
96523	2696
96523	2699
96523	2701
96523	2702
96523	2708
96523	2710
96523	2721
96523	2722
96523	2726
96523	2727
96523	2737
96523	2744
96523	2748
96523	2749
96523	2755
96523	2758
96523	2761
96523	2771
96523	2796
96523	2827
96523	2871
96523	2886
97254	2689
97254	2698
97254	2713
97254	2721
97254	2734
97254	2742
97254	2750
97254	2760
97254	2775
97254	2787
97254	2796
97254	2841
98300	2663
98300	2693
98300	2709
98300	2718
98300	2719
98300	2727
98300	2796
98300	2797
98300	2850
99994	2694
99994	2716
99994	2722
99994	2727
99994	2729
99994	2731
99994	2741
99994	2744
99994	2748
99994	2754
99994	2755
99994	2756
99994	2768
99994	2770
99994	2771
99994	2789
99994	2801
99994	2809
99994	2810
99994	2812
99994	2814
99994	2815
99994	2818
99994	2820
99994	2832
101035	2686
101035	2688
101035	2690
101035	2699
101035	2700
101035	2702
101035	2703
101035	2705
101035	2706
101035	2707
101035	2708
101035	2709
101035	2710
101035	2712
101035	2715
101035	2716
101035	2718
101035	2719
101035	2720
101035	2721
101035	2723
101035	2726
101035	2727
101035	2728
101035	2729
101035	2730
101035	2732
101035	2733
101035	2734
101035	2737
101035	2739
101035	2740
101035	2741
101035	2744
101035	2745
101035	2746
101035	2756
101035	2758
101035	2763
101035	2766
101035	2768
101035	2773
101035	2778
101035	2792
101035	2794
101035	2797
101035	2806
101035	2855
101035	3380
102218	2797
102218	2803
102431	2663
102431	2667
102431	2669
102431	2688
102431	2694
102431	2695
102431	2696
102431	2707
102431	2712
102431	2717
102431	2719
102431	2721
102431	2724
102431	2726
102431	2727
102431	2729
102431	2730
102431	2733
102431	2743
102431	2747
102431	2753
102431	2762
102431	2796
103576	2719
103576	2729
103576	2813
106844	2698
106844	2716
106844	2719
106844	2747
106844	2749
106844	2775
106844	2784
106844	2803
106844	2850
107086	2687
107086	2703
107086	2706
107086	2712
107086	2727
107086	2737
107086	2747
107086	2762
107086	2773
107086	2786
107086	2814
107086	2837
107086	2923
107155	2718
107155	2719
107155	2733
107155	2750
107155	2796
107155	2805
110238	2683
110238	2717
110238	2719
110238	2747
110238	2762
110238	2766
110238	2769
110238	2790
110238	2795
110238	2823
110510	2710
110510	2721
110510	2725
110510	2726
110510	2729
110510	2730
110510	2731
110510	2732
110510	2734
110510	2748
110510	2754
110510	2756
110510	2770
110510	2771
110510	2778
110510	2781
110510	2782
110510	2792
110510	2796
110510	2800
110510	2802
110510	2803
110510	2809
110510	2829
110545	2719
110545	2738
110545	2742
110545	2816
110545	2837
110545	2848
111058	2698
111058	2713
111058	2719
111058	2738
111058	2742
111058	2768
111058	2787
111058	2816
111058	2839
111290	2694
111290	2695
111290	2697
111290	2698
111290	2699
111290	2700
111290	2701
111290	2702
111290	2705
111290	2708
111290	2712
111290	2713
111290	2718
111290	2722
111290	2725
111290	2726
111290	2730
111290	2732
111290	2733
111290	2737
111290	2739
111290	2746
111290	2749
111290	2750
111290	2754
111290	2757
111290	2761
111290	2764
111290	2766
111290	2768
111290	2770
111290	2771
112430	2710
112430	2715
112430	2747
112430	2760
112430	2763
112430	2764
112430	2768
112430	2787
112430	2796
112430	2797
112430	2802
112430	2803
112430	2806
112430	2821
112430	2826
112430	2831
112430	2854
112430	2863
113007	2667
113007	2688
113007	2700
113007	2796
113007	2797
113007	2803
113007	2813
113007	2855
113007	2860
113173	2735
113173	2742
113173	2816
113173	2841
113217	2708
113217	2713
113217	2726
113217	2732
113217	2733
113217	2750
113217	2754
113217	2771
113217	2783
113217	2787
113217	2829
114161	2698
114161	2708
114161	2709
114161	2710
114161	2719
114161	2732
114161	2742
114161	2750
114161	2764
114161	2775
114161	2796
114161	2800
114161	2923
114908	2710
114908	2738
114908	2742
114908	2760
114908	2780
114908	2792
114908	2794
114908	2797
114908	2803
114908	2839
114908	2860
116322	2787
116322	2797
116322	2802
116322	2803
118125	2698
118125	2719
118125	2747
118125	2768
118125	2769
118125	2770
118125	2786
118125	2790
118125	2828
118125	2923
118320	2726
118320	2742
118320	2773
118320	2823
118476	2688
118476	2703
118476	2719
118476	2744
118476	2764
118476	2775
118476	2785
118476	2796
118476	2797
118476	2803
118522	2687
118522	2689
118522	2698
118522	2700
118522	2702
118522	2713
118522	2716
118522	2719
118522	2729
118522	2738
118522	2741
118522	2754
118522	2756
118522	2758
118522	2760
118522	2768
118522	2770
118522	2772
118522	2779
118522	2780
118522	2785
118522	2792
118522	2793
118522	2794
118522	2796
118522	2797
118522	2798
118522	2808
118522	2813
118522	2816
118522	2824
118522	2826
118522	2827
118522	2828
118522	2836
118522	2839
118522	2841
118522	2850
118522	2852
118522	2855
118522	2860
118522	2923
121103	2741
121103	2747
121103	2779
121103	2803
124345	2743
124345	2747
124345	2780
124345	2819
126485	2734
126485	2760
126485	2763
126485	2790
126485	2797
126485	2801
126485	2803
126485	2812
126485	2817
126485	2831
126485	2841
126485	2847
126485	2849
126485	2850
126485	2863
126485	2870
126485	2876
126485	2877
126606	2763
126606	2765
126606	2766
126606	2782
126606	2784
126606	2790
126606	2807
126606	2808
126606	2812
126606	2821
126606	2839
126606	2841
126623	2712
126623	2729
126623	2743
126623	2747
126623	2769
126623	2770
126623	2781
126623	2786
126623	2795
126623	2836
126623	2923
127739	2700
127739	2710
127739	2719
127739	2738
127739	2742
127739	2751
127739	2780
127739	2796
127739	2803
127771	2720
127771	2721
127771	2729
127771	2735
127771	2738
127771	2741
127771	2748
127771	2751
127771	2752
127771	2763
127771	2769
127771	2770
127771	2771
127771	2774
127771	2775
127771	2780
127771	2781
127771	2791
127771	2792
127771	2794
127771	2795
127771	2800
127771	2802
127771	2803
127771	2809
127771	2812
127771	2813
127771	2841
129511	2682
129511	2687
129511	2688
129511	2690
129511	2691
129511	2709
129511	2713
129511	2716
129511	2718
129511	2721
129511	2723
129511	2728
129511	2751
129511	2764
129511	2781
129511	2814
130091	2700
130091	2738
130091	2780
130091	2797
130091	2816
130099	2688
130099	2763
130099	2773
130099	2860
130316	2698
130316	2702
130316	2715
130316	2721
130316	2724
130316	2729
130316	2732
130316	2733
130316	2734
130316	2737
130316	2738
130316	2742
130316	2743
130316	2744
130316	2746
130316	2751
130316	2764
130316	2765
130316	2766
130316	2768
130316	2772
130316	2780
130316	2782
130316	2784
130316	2787
130316	2794
130316	2797
130316	2798
130316	2801
130316	2802
130316	2805
130316	2807
130316	2812
130316	2816
130316	2831
130316	2839
130316	2840
130838	2720
130838	2721
130838	2745
130838	2752
130838	2770
130838	2771
130838	2781
130838	2792
130838	2796
131285	2716
131285	2719
131285	2732
131285	2738
131285	2751
131285	2787
131285	2796
131285	2797
131285	2803
131285	2813
131285	2831
131285	2841
131285	2849
131285	2850
131285	2854
131532	2710
131532	2766
131532	2796
131532	2797
131532	2803
131532	2830
131532	2841
131594	2719
131594	2732
131594	2738
131594	2742
131594	2764
131594	2785
131594	2803
131594	2923
132423	2667
132423	2669
132423	2670
132423	2673
132423	2674
132423	2680
132423	2682
132423	2683
132423	2686
132423	2687
132423	2689
132423	2694
132423	2695
132423	2696
132423	2697
132423	2698
132423	2703
132423	2705
132423	2710
132423	2712
132423	2713
132423	2715
132423	2718
132423	2721
132423	2723
132423	2726
132423	2727
132423	2732
132423	2733
132423	2737
132423	2739
132423	2740
132423	2744
132423	2745
132423	2771
132423	2779
132423	2781
132423	2782
132423	2783
132423	2785
132423	2791
132423	2793
132740	2698
132740	2702
132740	2709
132740	2719
132740	2738
132740	2760
132740	2770
132740	2773
132740	2780
132740	2781
132740	2783
132740	2796
132740	2803
132740	2808
132740	2829
132740	2831
132740	2839
132740	2841
132740	2923
133195	2687
133195	2700
133195	2703
133195	2718
133195	2732
133195	2733
133195	2737
133195	2751
133195	2757
133195	2787
133195	2789
133195	2796
133378	2657
133378	2658
133378	2660
133378	2661
133378	2667
133378	2668
133378	2669
133378	2670
133378	2673
133378	2677
133378	2678
133378	2680
133378	2686
133378	2687
133378	2689
133378	2699
133378	2701
133378	2702
133378	2707
133378	2708
133378	2712
133378	2715
133378	2718
133378	2721
133378	2722
133378	2723
133378	2724
133378	2726
133378	2728
133378	2729
133378	2730
133378	2732
133378	2735
133378	2737
133378	2740
133378	2745
133378	2746
133378	2748
133378	2749
133378	2750
133378	2753
133378	2755
133378	2758
133378	2768
133378	2776
133378	2784
133378	2789
133378	2794
133378	2796
133378	2801
133378	2827
133512	2742
133512	2747
133746	2656
133746	2659
133746	2666
133746	2672
133746	2674
133746	2675
133746	2681
133746	2701
133746	2716
133746	2721
133746	2725
133746	2727
133746	2744
133746	2758
133746	2761
133746	2796
133746	2812
133788	2750
133788	2803
133788	2814
133788	2826
133788	2841
133788	2854
136252	2797
136252	2807
136252	2809
136953	2695
136953	2696
136953	2697
136953	2700
136953	2701
136953	2712
136953	2715
136953	2720
136953	2722
136953	2724
136953	2725
136953	2726
136953	2727
136953	2728
136953	2732
136953	2733
136953	2737
136953	2739
136953	2744
136953	2745
136953	2746
136953	2758
136953	2764
136953	2771
136953	2774
136953	2775
136953	2777
136953	2779
136953	2782
136953	2792
136953	2794
136953	2796
136953	2798
136953	2800
136953	2802
136953	2803
136953	2806
136953	2807
136953	2809
136953	2825
137467	2700
137467	2703
137467	2706
137467	2713
137467	2737
137467	2742
137467	2757
137467	2772
137467	2813
137504	2689
137504	2710
137504	2719
137504	2742
137504	2747
137504	2760
137504	2796
137504	2813
138950	2700
138950	2710
138950	2719
138950	2729
138950	2734
138950	2738
138950	2742
138950	2747
138950	2751
138950	2757
138950	2760
138950	2768
138950	2769
138950	2775
138950	2797
138950	2812
138950	2816
138950	2828
138950	2831
138950	2841
138950	2854
138950	2913
139033	2742
139033	2780
139033	2797
139033	2803
139033	2841
139033	2850
139033	2854
139650	2747
139650	2772
139650	2860
139650	3175
141168	2666
141168	2700
141168	2709
141168	2710
141168	2718
141168	2719
141168	2732
141168	2738
141168	2741
141168	2742
141168	2747
141168	2760
141168	2765
141168	2775
141168	2780
141168	2831
141168	3391
144296	2738
144296	2742
144296	2751
144296	2764
144296	2797
144296	2836
144459	2677
144459	2689
144459	2724
144459	2727
144459	2738
144459	2755
144459	2812
144459	2850
144913	2764
144913	2785
144913	2805
144913	2813
144913	2823
144913	2826
144913	2830
144913	2841
145460	2700
145460	2710
145460	2719
145460	2729
145460	2735
145460	2741
145460	2747
145460	2751
145460	2770
145460	2775
145460	2796
147848	2721
147848	2726
147848	2746
147848	2748
147848	2765
147848	2786
147848	2791
147848	2793
147848	2816
147848	3121
147939	2803
147939	2816
147939	2863
148237	2750
148237	2760
148237	2797
148237	2811
148237	2831
148237	2854
148237	2863
148293	2787
148293	2797
149516	2688
149516	2700
149516	2724
149516	2752
149516	2773
149516	2787
149516	2850
151016	2717
151016	2735
151016	2747
151016	2762
151016	2781
151685	2663
151685	2664
151685	2667
151685	2668
151685	2671
151685	2676
151685	2677
151685	2681
151685	2682
151685	2686
151685	2688
151685	2692
151685	2694
151685	2698
151685	2699
151685	2702
151685	2706
151685	2707
151685	2709
151685	2710
151685	2725
151685	2726
151685	2727
151685	2730
151685	2734
151685	2737
151685	2744
151685	2754
151685	2756
151685	2757
151685	2771
151685	2809
151685	2855
151685	3320
152331	2689
152331	2690
152331	2691
152331	2692
152331	2696
152331	2697
152331	2701
152331	2702
152331	2705
152331	2706
152331	2721
152331	2724
152331	2758
154558	2673
154558	2675
154558	2676
154558	2678
154558	2681
154558	2682
154558	2683
154558	2686
154558	2688
154558	2691
154558	2692
154558	2695
154558	2699
154558	2700
154558	2705
154558	2709
154558	2710
154558	2718
154558	2723
154558	2725
154558	2726
154558	2727
154558	2731
154558	2732
154558	2741
154558	2744
154558	2745
154558	2746
154558	2749
154558	2754
155063	2689
155063	2719
155063	2819
158890	2738
158890	2797
158890	2803
158890	2824
158890	2841
159912	2684
159912	2719
159912	2738
160024	2685
160024	2688
160024	2710
160024	2712
160024	2730
160024	2732
160024	2733
160024	2734
160024	2740
160024	2764
160024	2777
160024	2778
160024	2782
160024	2794
160024	2815
160024	2818
160024	2822
160024	2823
160024	2828
160024	2829
161106	2695
161106	2699
161106	2702
161106	2705
161106	2708
161106	2712
161106	2713
161106	2718
161106	2721
161106	2726
161106	2727
161106	2732
161106	2733
161106	2737
161106	2738
161106	2739
161106	2740
161106	2742
161106	2744
161106	2749
161106	2750
161106	2755
161106	2756
161106	2766
161106	2767
161106	2770
161106	2771
161106	2775
161106	2781
161106	2782
161106	2792
161106	2793
161106	2794
161106	2795
161106	2796
161106	2798
161106	2799
161106	2800
161106	2804
161106	2808
161333	2655
161333	2656
161333	2657
161333	2659
161333	2660
161333	2663
161333	2664
161333	2667
161333	2669
161333	2673
161333	2678
161333	2679
161333	2680
161333	2682
161333	2686
161333	2688
161333	2689
161333	2699
161333	2700
161333	2701
161333	2702
161333	2708
161333	2709
161333	2710
161333	2712
161333	2713
161333	2716
161333	2718
161333	2722
161333	2726
161333	2727
161333	2729
161333	2730
161333	2734
161333	2737
161333	2741
161333	2744
161333	2746
161333	2749
161333	2750
161333	2754
161333	2755
161333	2757
161541	2700
161541	2706
161541	2708
161541	2710
161541	2712
161541	2719
161541	2727
161541	2732
161541	2734
161541	2735
161541	2737
161541	2738
161541	2742
161541	2744
161541	2751
161541	2765
161541	2775
161541	2787
161541	2796
161541	2797
161541	2809
161541	2839
163175	2710
163175	2713
163175	2716
163175	2719
163175	2723
163175	2728
163175	2729
163175	2735
163175	2737
163175	2741
163175	2742
163175	2743
163175	2744
163175	2748
163175	2751
163175	2755
163175	2758
163175	2760
163175	2763
163175	2764
163175	2765
163175	2766
163175	2767
163175	2776
163175	2777
163175	2786
163175	2787
163175	2789
163175	2790
163175	2793
163175	2796
163175	2797
163175	2800
163175	2803
163175	2805
163175	2807
163175	2808
163175	2812
163175	2813
163175	2816
163175	2826
163175	2829
163175	2831
163175	2841
163175	2854
163175	2866
163175	2923
163727	2780
163727	2797
163727	2803
163727	2824
163727	2831
163727	2841
163727	2854
163727	2860
163727	2867
164644	2667
164644	2673
164644	2708
164644	2710
164644	2713
164644	2744
164644	2775
164644	2777
164644	2787
164644	2855
164644	2923
165054	2760
165054	2773
165054	2824
165054	2833
165054	2839
165054	2841
165054	2854
167435	2738
167435	2742
167435	2780
167435	2816
167649	2654
167649	2655
167649	2656
167649	2657
167649	2660
167649	2663
167649	2669
167649	2670
167649	2679
167649	2680
167649	2682
167649	2689
167649	2695
167649	2700
167649	2708
167649	2709
167649	2712
167649	2718
167649	2732
167649	2733
167649	2734
167649	2735
167649	2739
167649	2749
167649	2750
167649	2753
167649	2755
169665	2656
169665	2657
169665	2660
169665	2663
169665	2668
169665	2669
169665	2671
169665	2680
169665	2681
169665	2682
169665	2683
169665	2686
169665	2687
169665	2689
169665	2691
169665	2692
169665	2695
169665	2700
169665	2701
169665	2703
169665	2705
169665	2706
169665	2708
169665	2709
169665	2718
169665	2721
169665	2722
169665	2723
169665	2725
169665	2726
169665	2732
169665	2733
169665	2734
169665	2737
169665	2739
169665	2740
169665	2745
169665	2749
169665	2750
169665	2758
169665	2763
169665	2764
169665	2791
172863	2682
172863	2685
172863	2689
172863	2698
172863	2703
172863	2706
172863	2712
172863	2713
172863	2732
172863	2734
172863	2735
172863	2738
172863	2742
172863	2747
172863	2751
172863	2753
172863	2754
172863	2757
172863	2758
172863	2760
172863	2763
172863	2766
172863	2773
172863	2776
172863	2787
172863	2789
172863	2791
172863	2793
172863	2800
172863	2807
172863	2812
172863	2828
172863	2866
172863	2913
172863	2923
175937	2729
175937	2742
175937	2744
175937	2746
175937	2750
175937	2780
175937	2797
175937	2811
175937	2814
175937	2828
175937	2854
176333	2691
176333	2694
176333	2700
176333	2710
176333	2716
176333	2718
176333	2728
176333	2744
176333	2750
176333	2753
176333	2757
176333	2764
176333	2772
176333	2775
176333	2785
176333	2796
176333	2813
176333	2829
178196	2710
178196	2729
178196	2732
178196	2742
178196	2751
178196	2760
178196	2783
178196	2797
182008	2747
182008	2785
182008	2797
182008	2803
182883	2726
182883	2732
182883	2733
182883	2737
182883	2739
182883	2748
182883	2749
182883	2750
182883	2755
182883	2756
182883	2761
182883	2765
182883	2771
182883	2777
182883	2779
182883	2782
182883	2785
182883	2788
182883	2790
182883	2792
182883	2793
182883	2795
182883	2798
182883	2799
182883	2806
182883	2809
182883	2819
182883	2820
182883	2823
182883	2831
182883	2834
182883	2842
184695	2698
184695	2708
184695	2710
184695	2719
184695	2750
184695	2766
184695	2775
184695	2787
184695	2796
184695	2797
184695	2801
184695	2860
185072	2700
185072	2710
185072	2718
185072	2719
185072	2743
185072	2763
185072	2796
185072	2797
185072	2803
185072	2806
185072	2824
185072	2831
185072	2833
185072	2836
185072	2837
185072	2841
185072	2843
185072	2844
185072	2854
185072	2856
185072	2860
185072	2863
185072	2870
185072	2879
185072	2889
185072	2899
187049	2708
187049	2710
187049	2713
187049	2719
187049	2721
187049	2729
187049	2733
187049	2735
187049	2737
187049	2741
187049	2747
187049	2749
187049	2750
187049	2751
187049	2763
187049	2765
187049	2768
187049	2769
187049	2772
187049	2773
187049	2775
187049	2779
187049	2780
187049	2781
187049	2783
187049	2785
187049	2787
187049	2790
187049	2791
187049	2792
187049	2794
187049	2795
187049	2796
187049	2797
187049	2798
187049	2801
187049	2802
187049	2803
187049	2804
187049	2805
187049	2807
187049	2811
187049	2812
187049	2813
187049	2816
187049	2817
187049	2826
187049	2827
187049	2829
187049	2830
187049	2831
187049	2835
187049	2836
187049	2839
187049	2841
187049	2850
187049	2855
187049	2860
187049	2868
188222	2693
188222	2700
188222	2702
188222	2709
188222	2719
188222	2724
188222	2727
188222	2738
188222	2742
188222	2760
188222	2780
188222	2796
188222	2802
188222	2809
188222	2828
188222	2836
188222	2839
188718	2762
188718	2776
188724	2703
188724	2710
188724	2742
188724	2743
188724	2747
188724	2753
188724	2769
188724	2779
188724	2799
188724	2836
188724	2913
188948	2751
189288	2703
189288	2710
189288	2728
189288	2738
189288	2742
189288	2747
189288	2780
189288	2797
189288	2812
189288	2830
189978	2679
189978	2682
189978	2683
189978	2686
189978	2688
189978	2689
189978	2694
189978	2695
189978	2697
189978	2703
189978	2705
189978	2716
189978	2719
189978	2723
189978	2726
189978	2729
189978	2732
189978	2733
189978	2737
189978	2739
189978	2741
189978	2745
189978	2746
189978	2748
189978	2749
189978	2757
189978	2767
189978	2770
189978	2771
189978	2778
189978	2781
191503	2738
191503	2780
191503	2794
191503	2812
191503	2828
191503	2841
191503	2860
191902	2715
191902	2742
191902	2746
192992	2664
192992	2691
192992	2704
192992	2709
192992	2720
192992	2728
192992	2754
192992	2755
192992	2756
192992	2764
192992	2768
192992	2770
192992	2771
192992	2778
192992	2781
192992	2782
192992	2783
192992	2792
192992	2794
192992	2795
192992	2796
192992	2800
192992	2801
192992	2809
192992	2810
192992	2812
192992	2823
192992	2828
192992	2829
194952	2709
194952	2742
194952	2747
194952	2751
194952	2769
194952	2787
194952	2823
194952	2836
198256	2719
198256	2738
198256	2751
198256	2753
198256	2769
198256	2776
198256	2780
198256	2913
199007	2694
199007	2695
199007	2700
199007	2701
199007	2715
199007	2716
199007	2718
199007	2722
199007	2727
199007	2729
199007	2733
199007	2734
199007	2740
199007	2744
199007	2750
199007	2766
199007	2770
199007	2804
199007	2812
199007	2813
199069	2713
199069	2719
199069	2732
199069	2735
199069	2738
199069	2742
199069	2754
199069	2763
199069	2772
199069	2773
199069	2787
199069	2812
199069	2813
199069	2840
199339	2718
199339	2741
199339	2742
199339	2747
199339	2775
199339	2788
199339	2791
199339	2806
199339	2821
199339	2830
199339	2845
199339	2860
200126	2708
200126	2710
200126	2718
200126	2719
200126	2760
200126	2761
200126	2764
200126	2775
200126	2796
200126	2797
200126	2809
200126	2850
200126	2923
200665	2747
200665	2773
200665	2779
200665	2807
200665	2836
201865	2738
203295	2698
203295	2710
203295	2738
203295	2780
203295	2850
203506	2797
203506	2803
203506	2817
203506	2831
203506	2841
203506	2855
203506	2860
203506	2863
204895	2747
204895	2793
204895	3225
204895	3441
206404	2700
206404	2710
206404	2713
206404	2715
206404	2716
206404	2718
206404	2721
206404	2734
206404	2737
206404	2741
206404	2755
206404	2757
206404	2758
206404	2763
206404	2775
206404	2777
206404	2780
206404	2781
206404	2789
206404	2793
206404	2794
206404	2797
206404	2801
206404	2809
206404	2812
206404	2813
206404	2829
206557	2700
206557	2729
206557	2742
206557	2743
206557	2744
206557	2760
208070	2719
208070	2742
208070	2787
208598	2719
209308	2719
209308	2729
209308	2738
209308	2742
209308	2747
209308	2760
209308	2780
209308	2796
209308	2797
209308	2803
209308	2806
209308	2816
209308	2831
209308	2841
209308	2860
209308	2867
209308	2920
209375	2710
209375	2729
209375	2737
209375	2774
209375	2796
209375	2797
209375	2803
209375	2812
209375	2813
209375	2831
209375	2854
211747	2738
211825	2743
211825	2809
213035	2729
213035	2732
213035	2735
213035	2738
213035	2742
213035	2743
213035	2750
213035	2751
213035	2755
213035	2758
213035	2773
213035	2780
213035	2785
213035	2803
213035	2833
213035	2840
213035	2920
213035	2923
214461	2710
214461	2719
214461	2760
214461	2764
214461	2796
214461	2901
215493	2687
215493	2688
215493	2689
215493	2693
215493	2709
215493	2721
215493	2748
215493	2754
215493	2758
215493	2778
215493	2797
215493	2855
216738	2710
216738	2715
216738	2729
216738	2765
216738	2803
216738	2804
216738	2813
216738	2824
216738	2841
216738	2923
217248	2700
217248	2719
217248	2721
217248	2741
217248	2753
217248	2760
217248	2761
217248	2768
217248	2797
217248	2799
217248	2813
217814	2708
217814	2710
217814	2787
217814	2796
217814	2803
217814	2821
217814	2854
217814	2860
219202	2743
219202	2762
219202	2798
219202	2804
219202	2826
219202	2913
219202	3152
219369	2719
219369	2797
219369	2806
219369	2831
219516	2654
219516	2655
219516	2656
219516	2657
219516	2658
219516	2659
219516	2660
219516	2664
219516	2667
219516	2668
219516	2669
219516	2670
219516	2671
219516	2677
219516	2679
219516	2680
219516	2681
219516	2682
219516	2686
219516	2688
219516	2689
219516	2690
219516	2692
219516	2695
219516	2696
219516	2698
219516	2700
219516	2701
219516	2703
219516	2705
219516	2707
219516	2708
219516	2709
219516	2710
219516	2713
219516	2715
219516	2716
219516	2718
219516	2722
219516	2723
219516	2724
219516	2725
219516	2726
219516	2727
219516	2729
219516	2730
219516	2732
219516	2733
219516	2734
219516	2737
219516	2739
219516	2741
219516	2744
219516	2746
219516	2749
219516	2750
219516	2753
219516	2754
219516	2755
219516	2756
219516	2869
219516	2870
219516	3001
219516	3031
219516	3251
219516	3252
219719	2708
219719	2719
219719	2732
219719	2738
219719	2742
219719	2796
219719	2831
219719	2923
221564	2738
221564	2803
221746	2716
221746	2732
221746	2735
221746	2750
221746	2783
221746	2794
221746	2803
221746	2816
221746	2824
221746	2860
222886	2719
222886	2729
222886	2732
222886	2737
222886	2738
222886	2742
222886	2743
222886	2747
222886	2748
222886	2755
222886	2761
222886	2764
222886	2769
222886	2771
222886	2786
222886	2793
222886	2796
222886	2801
222886	2802
222886	2809
222886	2836
222886	2840
222886	2913
222886	2923
224073	2719
224073	2747
224661	2700
224661	2706
224661	2713
224661	2719
224661	2738
224661	2742
224661	2744
224661	2751
224661	2757
224661	2760
224661	2764
224661	2765
224661	2772
224661	2773
224661	2789
224661	2792
224661	2793
224661	2794
224661	2796
224661	2803
224661	2829
224661	2887
225204	2700
225204	2703
225204	2719
225204	2738
225204	2760
225204	2765
225204	2770
225204	2772
225204	2813
226264	2679
226264	2682
226264	2683
226264	2688
226264	2689
226264	2698
226264	2700
226264	2705
226264	2710
226264	2719
226264	2729
226264	2732
226264	2738
226264	2742
226264	2747
226264	2750
226264	2751
226264	2760
226264	2764
226264	2780
226264	2787
226264	2796
226264	2797
226264	2803
226264	2806
226264	2812
226264	2813
226264	2816
226264	2817
226264	2824
226264	2825
226264	2826
226264	2830
226264	2831
226264	2837
226264	2841
226264	2843
226264	2851
226264	2854
226264	2856
226264	2860
226264	2863
226264	2865
226264	2867
226264	2869
226264	2920
226264	2981
227249	2750
228053	2708
228053	2715
228053	2718
228053	2719
228053	2742
228053	2765
228053	2769
228053	2795
228053	2796
228053	2803
228053	2805
228053	3136
230291	2729
230291	2738
230291	2742
230291	2751
230291	2760
230291	2773
230291	2779
230291	2780
230291	2809
230291	2816
230291	2901
231583	2719
231583	2738
231583	2742
231583	2751
231583	2760
231583	2796
231583	2804
231583	2816
231583	2833
231583	2850
231583	2860
231583	2868
231583	2869
231583	2879
232511	2700
232511	2710
232511	2719
232511	2732
232511	2735
232511	2738
232511	2741
232511	2742
232511	2747
232511	2751
232511	2760
232511	2785
232511	2791
232511	2796
232511	2816
233252	2695
233252	2698
233252	2700
233252	2735
233252	2738
233252	2742
233252	2751
233252	2757
233252	2768
233252	2773
233252	2798
233252	2813
233252	2816
233252	2901
233252	2954
233739	2729
233739	2742
233739	2743
233739	2747
233739	2769
233739	2780
233739	2786
233739	2824
233739	2826
233739	2830
236270	2698
236270	2700
236270	2719
236270	2735
236270	2764
236270	2775
236270	2796
236270	2812
236270	2828
236270	2840
236493	2723
236493	2738
236493	2741
236493	2742
236493	2751
236493	2764
236493	2772
236493	2775
236493	2780
236493	2787
236493	2797
236493	2800
236493	2803
236493	2806
236493	2814
236493	2816
236493	2824
236493	2826
236493	2827
236493	2829
236493	2831
236493	2841
236493	2843
236493	2845
236493	2854
237810	2679
237810	2698
237810	2700
237810	2703
237810	2706
237810	2713
237810	2729
237810	2732
237810	2735
237810	2737
237810	2738
237810	2742
237810	2744
237810	2748
237810	2750
237810	2751
237810	2764
237810	2772
237810	2773
237810	2775
237810	2777
237810	2780
237810	2783
237810	2784
237810	2787
237810	2796
237810	2798
237810	2803
237810	2812
237810	2816
237810	2817
237810	2827
237810	2829
237810	2840
237810	2841
240042	2738
240042	2751
240042	2816
240042	2825
240042	2840
240229	2723
240229	2735
240229	2737
240229	2738
240229	2742
240229	2747
240229	2748
240229	2751
240229	2785
240229	2793
240229	2801
240229	2805
240229	2823
241441	2710
241441	2721
241441	2737
241441	2750
241441	2751
241441	2760
241441	2786
241441	2787
241441	2790
241441	2796
241441	2797
241441	2805
242159	2667
242159	2668
242159	2672
242159	2673
242159	2676
242159	2677
242159	2678
242159	2680
242159	2682
242159	2683
242159	2685
242159	2686
242159	2688
242159	2689
242159	2694
242159	2695
242159	2696
242159	2697
242159	2698
242159	2699
242159	2700
242159	2701
242159	2703
242159	2707
242159	2709
242159	2710
242159	2712
242159	2713
242159	2715
242159	2716
242159	2718
242159	2720
242159	2721
242159	2722
242159	2723
242159	2726
242159	2728
242159	2730
242159	2731
242159	2732
242159	2733
242159	2734
242159	2737
242159	2739
242159	2740
242159	2741
242159	2745
242159	2746
242159	2748
242159	2749
242159	2750
242159	2753
242159	2754
242159	2755
242159	2758
242159	2761
242159	2764
242159	2765
242159	2766
242159	2767
242159	2770
242159	2779
242159	2785
242159	2786
242159	2794
242159	2799
242159	2836
242159	3000
243236	2700
243236	2735
243236	2741
243236	2742
243236	2745
243236	2747
243236	2787
243236	2796
243236	2799
243236	2866
246132	2673
246132	2695
246132	2700
246132	2710
246132	2712
246132	2715
246132	2732
246132	2733
246132	2739
246132	2740
246132	2746
246132	2748
246132	2755
246132	2761
246132	2764
246632	2737
246632	2738
246632	2782
246632	2803
246632	2814
246632	2825
246632	2827
246632	2841
246632	2845
246632	2847
246632	2848
246632	2858
246632	2860
246632	2863
246632	2901
248665	2709
248665	2787
248665	2792
248665	2860
248755	2700
248755	2738
248755	2751
248755	2765
248755	2780
251084	2721
251084	2729
251084	2734
251084	2737
251084	2738
251084	2742
251084	2743
251084	2746
251084	2748
251084	2751
251084	2760
251084	2765
251084	2769
251084	2773
251084	2777
251084	2779
251084	2780
251084	2782
251084	2784
251084	2785
251084	2790
251084	2793
251084	2797
251084	2798
251084	2802
251084	2803
251084	2804
251084	2807
251084	2808
251084	2809
251084	2811
251084	2812
251084	2814
251084	2815
251084	2816
251084	2817
251084	2818
251084	2820
251084	2823
251084	2824
251084	2826
251084	2827
251084	2828
251084	2831
251084	2832
251084	2833
251084	2836
251084	2839
251084	2840
251084	2841
251084	2842
251084	2843
251084	2845
251084	2846
251084	2847
251084	2848
251084	2849
251084	2850
251084	2854
251084	2855
251084	2858
251084	2860
251084	2863
251084	2868
251084	2870
251084	2872
251084	2878
251084	2901
251084	2909
251084	2913
251084	2923
251407	2700
251407	2710
251407	2738
251407	2742
251407	2749
251407	2780
251407	2785
251407	2796
251407	2797
251407	2800
251407	2831
251407	2839
251940	2703
251940	2706
251940	2727
251940	2732
251940	2742
251940	2764
251940	2796
251940	2805
251940	2836
251940	2913
252984	2664
252984	2673
252984	2698
252984	2700
252984	2723
252984	2727
252984	2737
252984	2747
252984	2752
252984	2753
252984	2760
252984	2769
252984	2770
252984	2782
252984	2793
252984	2812
252984	2813
254673	2689
254673	2698
254673	2700
254673	2709
254673	2710
254673	2713
254673	2719
254673	2729
254673	2733
254673	2741
254673	2744
254673	2745
254673	2750
254673	2754
254673	2758
254673	2760
254673	2763
254673	2764
254673	2771
254673	2772
254673	2775
254673	2779
254673	2781
254673	2783
254673	2787
254673	2788
254673	2792
254673	2794
254673	2795
254673	2796
254673	2797
254673	2798
254673	2803
254673	2804
254673	2812
254673	2814
254673	2816
254673	2819
254673	2826
254673	2839
254673	2855
254673	2860
254673	3263
255195	2689
255195	2710
255195	2718
255195	2734
255195	2738
255195	2741
255195	2751
255195	2764
255195	2766
255195	2770
255195	2775
255195	2776
255195	2781
255195	2785
255195	2787
255195	2790
255195	2796
255195	2797
255195	2802
255195	2813
255195	2840
255195	2860
255377	2718
255377	2729
255377	2780
255377	2823
255693	2686
255693	2687
255693	2699
255693	2702
255693	2725
255693	2737
255693	2746
255693	2749
255693	2750
255693	2752
255693	2757
255693	2761
255693	2765
255693	2766
255693	2774
255693	2790
255693	2791
255693	2798
255693	2802
255693	2824
255693	2894
255961	2700
255961	2718
255961	2719
255961	2738
255961	2741
255961	2742
255961	2747
255961	2784
255961	2796
255961	2797
255961	2813
256126	2693
256126	2700
256126	2735
256126	2743
256126	2836
258734	2688
258734	2719
258734	2741
258734	2841
259847	2765
259847	2793
259952	2687
259952	2698
259952	2700
259952	2703
259952	2712
259952	2713
259952	2715
259952	2718
259952	2724
259952	2733
259952	2744
259952	2747
259952	2757
259952	2768
259952	2772
259952	2775
259952	2777
259952	2779
259952	2784
259952	2785
259952	2786
259952	2788
259952	2798
259952	2805
259952	2836
259952	2866
261982	2742
261982	2780
261982	2797
261982	2816
262445	2700
262445	2709
262445	2713
262445	2719
262445	2729
262445	2743
262445	2750
262445	2757
262445	2765
262445	2789
262445	2796
262445	2797
262445	2802
262445	2809
262445	2828
262445	2829
262445	3047
262445	3132
262726	2738
262726	2742
262726	2749
262726	2755
263454	2747
263454	2769
263454	2860
263856	2740
263856	2750
263856	2761
263856	2770
263856	2771
263856	2773
263856	2774
263856	2775
263856	2777
263856	2781
263856	2782
263856	2788
263856	2792
263856	2793
263856	2795
263856	2798
263856	2799
263856	2800
263856	2802
263856	2804
263856	2805
263856	2806
263856	2807
263856	2808
263856	2809
263856	2811
263856	2813
263856	2817
263856	2820
263856	2821
264025	2709
264025	2710
264025	2718
264025	2719
264025	2728
264025	2750
264025	2796
264025	2813
264090	2683
264090	2685
264090	2687
264090	2688
264090	2689
264090	2692
264090	2697
264090	2712
264090	2729
264090	2740
264090	2744
264090	2753
264090	2766
264090	2768
264090	2776
264090	2784
264090	2791
264090	2797
264090	2808
264090	2809
264090	2867
264090	2923
264135	2738
264135	2758
264135	2760
264135	2763
264135	2768
264135	2773
264135	2779
264135	2780
264135	2790
264135	2793
264135	2797
264135	2798
264135	2804
264135	2806
264135	2807
264135	2808
264135	2809
264135	2811
264135	2812
264135	2814
264135	2816
264135	2817
264135	2818
264135	2819
264135	2820
264135	2821
264135	2822
264135	2824
264135	2825
264135	2826
264135	2827
264135	2828
264135	2830
264135	2831
264135	2832
264135	2833
264135	2834
264135	2835
264135	2836
264135	2837
264135	2838
264135	2839
264135	2840
264135	2841
264135	2842
264135	2843
264135	2844
264135	2845
264135	2846
264135	2847
264135	2848
264135	2849
264135	2850
264135	2851
264135	2853
264135	2854
264135	2855
264135	2856
264135	2857
264135	2858
264135	2859
264135	2860
264135	2862
264135	2863
264135	2864
264135	2865
264135	2867
264135	2868
264135	2869
264135	2870
264135	2871
264135	2872
264135	2873
264135	2874
264135	2875
264135	2876
264135	2877
264135	2878
264135	2879
264135	2880
264135	2883
264135	2884
264135	2889
264135	2890
264135	2892
264135	2897
264135	2901
264135	2904
264135	2908
264135	2909
264135	2912
264135	2913
264135	2920
264135	2923
264135	2927
264490	2738
264490	2742
264490	2751
264490	2780
266031	2710
266031	2719
266031	2741
266031	2764
266031	2796
266031	2803
266031	2806
266031	2841
266031	2856
266031	2865
266031	2870
266031	2895
266031	2899
266031	2912
266031	2920
266031	2928
266356	2691
266356	2700
266356	2731
266356	2757
266356	2771
266356	2829
266837	2719
266837	2723
266837	2741
266837	2775
266837	2784
266837	2788
266837	2796
266837	2797
266837	2803
266837	2830
266837	2841
266837	2856
266837	2920
267590	2710
267590	2738
267590	2780
267590	2807
267590	2816
267590	2860
267783	2747
267783	2755
267783	2770
267783	2796
267783	2797
267783	2823
267783	2836
267783	2913
268762	2689
268762	2700
268762	2713
268762	2764
268762	2765
268762	2773
268762	2792
268762	2803
268762	2837
268891	2719
268891	2729
268891	2732
268891	2738
268891	2809
268991	2719
268991	2742
268991	2760
268991	2806
268991	2841
268991	2854
269720	2797
269720	2803
269720	2831
269720	2841
271089	2742
271089	2747
271089	2764
271089	2785
271089	2786
271089	2836
271089	2860
271966	2724
271966	2770
271966	2788
271966	2791
271966	2793
271966	2836
271966	2913
271976	2708
271976	2719
271976	2733
271976	2737
271976	2746
271976	2755
271976	2758
271976	2764
271976	2769
271976	2779
271976	2784
271976	2787
271976	2796
271976	2797
271976	2798
271976	2803
271976	2807
271976	2809
271976	2830
271976	2841
271976	2842
271976	2845
271976	2854
271976	2855
271976	2868
272179	2698
272179	2700
272179	2702
272179	2713
272179	2716
272179	2719
272179	2723
272179	2735
272179	2758
272179	2764
272179	2785
272179	2786
272179	2790
272179	2793
272179	2794
272179	2923
272805	2688
272805	2719
272805	2860
272805	2865
273258	2719
273258	2727
273258	2747
273258	2796
273258	2826
273691	2687
273691	2700
273691	2703
273691	2719
273691	2729
273691	2735
273691	2738
273691	2742
273691	2744
273691	2747
273691	2751
273691	2757
273691	2780
273691	2795
273691	2796
273691	2803
273691	2806
273691	2812
273691	2813
273691	2816
273691	2823
273691	2913
274161	2709
274161	2746
274161	2763
274161	2770
274161	2774
275246	2691
275246	2732
275246	2738
275246	2742
275246	2772
275246	2780
275246	2816
275246	2824
275246	2835
276034	2700
276034	2718
276034	2742
276034	2751
276034	2760
276034	2775
276034	2780
276034	2802
276034	2816
277439	2684
277439	2688
277439	2710
277439	2719
277439	2735
277439	2738
277439	2796
278559	2667
278559	2668
278559	2669
278559	2676
278559	2695
278559	2700
278559	2706
278559	2732
278559	2746
278559	2756
278559	2764
278559	2771
278559	2782
278559	2801
278559	2808
281734	2653
281734	2685
281734	2691
281734	2698
281734	2699
281734	2700
281734	2702
281734	2704
281734	2705
281734	2708
281734	2709
281734	2710
281734	2716
281734	2720
281734	2726
281734	2727
281734	2729
281734	2733
281734	2737
281734	2741
281734	2744
281734	2748
281734	2756
281734	2764
281734	2765
281734	2784
281734	2787
281734	2799
282486	2719
282486	2769
282486	2797
282486	2806
282486	2817
282486	2831
284565	2708
284565	2719
284565	2750
284565	2797
284565	2993
290703	2710
290703	2718
290703	2719
290703	2735
290703	2738
290703	2742
290703	2751
290703	2765
290703	2774
290703	2775
290703	2780
290703	2784
290703	2797
290977	2684
290977	2700
290977	2709
290977	2710
290977	2712
290977	2718
290977	2729
290977	2734
290977	2735
290977	2738
290977	2741
290977	2742
290977	2744
290977	2756
290977	2765
290977	2769
290977	2775
290977	2780
290977	2787
290977	2793
290977	2797
290977	2798
290977	2810
290977	2811
290977	2812
290977	2813
290977	2816
290977	2837
290977	2841
290977	2860
290977	2865
292663	2698
292663	2700
292663	2708
292663	2709
292663	2710
292663	2713
292663	2715
292663	2716
292663	2719
292663	2721
292663	2723
292663	2724
292663	2727
292663	2729
292663	2734
292663	2737
292663	2738
292663	2741
292663	2742
292663	2743
292663	2744
292663	2747
292663	2749
292663	2751
292663	2754
292663	2755
292663	2760
292663	2761
292663	2764
292663	2766
292663	2767
292663	2769
292663	2775
292663	2777
292663	2780
292663	2784
292663	2785
292663	2787
292663	2797
292663	2798
292663	2800
292663	2801
292663	2805
292663	2812
292663	2813
292663	2816
292663	2826
292663	2839
292663	2860
294461	2738
294461	2742
294461	2763
294461	2803
294461	2806
294461	2824
294461	2837
294461	2843
296242	2709
296242	2711
296242	2770
296242	2783
296242	2790
296242	2823
296242	2857
296244	2698
296244	2738
296244	2742
296244	2816
297061	2700
297061	2710
297061	2719
297061	2724
297061	2755
297061	2760
297061	2768
297061	2771
297061	2775
297061	2796
297061	2836
297623	2723
297623	2747
297623	2753
297623	2787
297623	2796
297623	2814
297623	2826
298825	2700
298825	2710
298825	2713
298825	2719
298825	2729
298825	2732
298825	2735
298825	2747
298825	2796
299210	2718
299210	2726
299210	2734
299210	2741
299210	2787
299210	2796
299210	2797
299210	2812
299884	2718
299884	2755
299884	2760
299884	2775
299884	2788
299884	2797
299884	2803
299884	2811
299884	2836
299884	2854
299884	2863
299884	2868
299884	2923
300562	2660
300562	2664
300562	2667
300562	2668
300562	2670
300562	2676
300562	2677
300562	2678
300562	2679
300562	2680
300562	2682
300562	2683
300562	2686
300562	2687
300562	2688
300562	2689
300562	2696
300562	2697
300562	2699
300562	2701
300562	2702
300562	2705
300562	2708
300562	2710
300562	2712
300562	2713
300562	2715
300562	2721
300562	2722
300562	2724
300562	2726
300562	2727
300562	2730
300562	2731
300562	2740
300562	2746
300562	2748
300562	2749
300562	2755
300562	2757
300562	2758
301487	2698
301487	2700
301487	2718
301487	2719
301487	2732
301487	2738
301487	2760
301487	2796
301487	2797
301487	2825
301487	2860
302110	2653
302110	2654
302110	2658
302110	2659
302110	2663
302110	2687
302110	2688
302110	2691
302110	2692
302110	2695
302110	2696
302110	2698
302110	2699
302110	2700
302110	2701
302110	2702
302110	2703
302110	2705
302110	2706
302110	2707
302110	2708
302110	2709
302110	2710
302110	2712
302110	2713
302110	2719
302110	2722
302110	2723
302110	2725
302110	2726
302110	2730
302110	2731
302110	2732
302110	2764
302110	2765
302110	2766
302110	2768
302110	2771
302110	2777
302110	2778
302110	2781
302110	2786
302488	2656
302488	2662
302488	2681
302488	2682
302488	2683
302488	2686
302488	2692
302488	2694
302488	2701
302488	2712
302488	2715
302488	2723
302488	2726
302488	2727
302488	2733
302488	2740
302488	2748
302488	2753
302488	2782
302488	2830
302488	2904
302645	2684
302645	2700
302645	2702
302645	2706
302645	2709
302645	2710
302645	2713
302645	2719
302645	2750
302645	2772
302645	2787
302645	2839
302645	3288
303269	2687
303269	2700
303269	2706
303269	2708
303269	2710
303269	2715
303269	2718
303269	2719
303269	2721
303269	2724
303269	2729
303269	2732
303269	2735
303269	2738
303269	2741
303269	2742
303269	2746
303269	2750
303269	2755
303269	2760
303269	2765
303269	2769
303269	2773
303269	2774
303269	2775
303269	2782
303269	2784
303269	2787
303269	2789
303269	2794
303269	2796
303269	2797
303269	2798
303269	2804
303269	2807
303269	2809
303269	2812
303269	2813
303269	2831
303269	2839
303269	2841
303269	2845
303269	2854
303269	2856
303269	2870
303269	2909
305182	2664
305182	2676
305182	2698
305182	2700
305182	2727
305182	2729
305182	2735
305182	2740
305182	2744
305182	2746
305182	2764
305182	2766
305182	2770
305182	2779
305182	2792
305182	2801
305182	2804
305182	2896
306282	2708
306282	2713
306282	2719
306282	2732
306282	2737
306282	2738
306282	2742
306282	2751
306282	2758
306282	2773
306282	2787
306282	2793
306282	2796
306282	2798
306282	2816
306282	2817
306282	2826
306282	2827
306282	2830
306282	2841
306282	2845
306688	2710
306688	2712
306688	2719
306688	2721
306688	2726
306688	2729
306688	2738
306688	2741
306688	2742
306688	2744
306688	2750
306688	2754
306688	2775
306688	2780
306688	2787
306688	2791
306688	2796
306688	2797
306688	2801
306688	2803
306688	2809
306688	2813
306688	2829
306688	2841
306688	2854
307201	2656
307201	2657
307201	2659
307201	2660
307201	2663
307201	2667
307201	2668
307201	2669
307201	2670
307201	2673
307201	2679
307201	2680
307201	2682
307201	2683
307201	2686
307201	2687
307201	2688
307201	2689
307201	2690
307201	2692
307201	2695
307201	2696
307201	2698
307201	2699
307201	2702
307201	2708
307201	2712
307201	2713
307201	2715
307201	2718
307201	2720
307201	2721
307201	2724
307201	2725
307201	2726
307201	2730
307201	2731
307201	2732
307201	2734
307201	2736
307201	2737
307201	2745
307201	2746
307201	2750
307201	2754
307201	2755
307201	2758
307706	2719
307706	2729
307706	2742
307706	2747
307706	2749
307706	2797
307706	2801
307706	2828
308453	2692
308453	2695
308453	2697
308453	2699
308453	2700
308453	2701
308453	2702
308453	2706
308453	2708
308453	2709
308453	2712
308453	2713
308453	2715
308453	2749
308834	2660
308834	2661
308834	2667
308834	2669
308834	2672
308834	2679
308834	2680
308834	2682
308834	2683
308834	2687
308834	2688
308834	2689
308834	2690
308834	2691
308834	2692
308834	2694
308834	2695
308834	2696
308834	2697
308834	2698
308834	2699
308834	2700
308834	2701
308834	2702
308834	2703
308834	2705
308834	2706
308834	2708
308834	2712
308834	2713
308834	2715
308834	2720
308834	2721
308834	2722
308834	2725
308834	2728
308834	2729
308834	2732
308834	2733
308834	2737
308834	2746
308834	2748
308834	2749
308834	2754
308834	2755
308834	2758
308834	2761
308834	2764
308834	2767
308834	2771
308834	2791
308834	2800
308834	2801
308834	2805
309162	2710
309162	2729
309162	2734
309162	2747
309162	2763
309162	2787
309162	2797
309162	2803
309162	2804
309162	2806
309162	2824
309162	2825
309162	2831
309162	2833
309162	2839
309162	2841
309162	2847
309162	2854
309162	2856
309162	2863
309162	2865
309162	2879
309162	2901
309926	2710
309926	2749
309926	2765
309926	2801
309926	2813
309926	2826
309926	2827
309926	2829
309926	2841
309926	2843
309926	2860
310354	2675
310354	2700
310354	2703
310354	2707
310354	2708
310354	2715
310354	2716
310354	2718
310354	2721
310354	2724
310354	2726
310354	2727
310354	2729
310354	2732
310354	2733
310354	2734
310354	2737
310354	2738
310354	2739
310354	2741
310354	2742
310354	2743
310354	2744
310354	2745
310354	2746
310354	2749
310354	2750
310354	2751
310354	2752
310354	2754
310354	2755
310354	2758
310354	2763
310354	2765
310354	2766
310354	2767
310354	2768
310354	2773
310354	2774
310354	2775
310354	2777
310354	2778
310354	2780
310354	2782
310354	2783
310354	2785
310354	2786
310354	2789
310354	2790
310354	2793
310354	2795
310354	2797
310354	2798
310354	2801
310354	2805
310354	2808
310354	2836
310354	2850
310354	2913
310461	2700
310461	2728
310461	2796
310461	2797
310461	2855
310461	2860
310461	2923
310499	2765
310499	2773
310499	2831
312108	2713
312108	2738
312108	2742
312108	2797
312108	2812
312108	2817
312497	2667
312497	2668
312497	2669
312497	2670
312497	2671
312497	2672
312497	2673
312497	2674
312497	2675
312497	2676
312497	2694
312497	2695
312497	2696
312497	2698
312497	2699
312497	2700
312497	2701
312497	2702
312497	2703
312497	2705
312497	2706
312497	2707
312497	2708
312497	2709
312497	2710
312497	2712
312497	2715
312497	2716
312497	2718
312497	2720
312497	2721
312497	2722
312497	2723
312497	2724
312497	2725
312497	2726
312497	2727
312497	2728
312497	2729
312497	2732
312497	2733
312497	2734
312497	2737
312497	2739
312497	2742
312497	2743
312497	2744
312497	2746
312497	2747
312497	2748
312497	2749
312497	2750
312497	2753
312497	2756
312497	2760
312497	2765
312497	2767
312497	2768
312497	2769
312497	2770
312497	2771
312497	2772
312497	2774
312497	2775
312497	2777
312497	2781
312497	2782
312497	2783
312497	2784
312497	2785
312497	2789
312497	2791
312497	2793
312497	2795
312497	2800
312497	2801
312497	2805
312497	2808
313893	2765
313893	2803
313893	2811
313893	2833
313893	2876
313893	2877
313893	2923
314302	2700
314302	2738
314302	2742
314302	2791
315749	2709
315749	2710
315749	2718
315749	2719
315749	2813
316528	2721
316528	2732
316528	2742
316528	2749
316528	2769
316528	2800
316528	2806
316528	2827
316528	2836
316528	2850
316528	2859
316528	2872
316528	2913
318503	2687
318503	2698
318503	2702
318503	2703
318503	2708
318503	2709
318503	2712
318503	2715
318503	2716
318503	2719
318503	2724
318503	2727
318503	2729
318503	2734
318503	2737
318503	2742
318503	2743
318503	2745
318503	2750
318503	2757
318503	2758
318503	2764
318503	2765
318503	2770
318503	2773
318503	2775
318503	2782
318503	2783
318503	2784
318503	2785
318503	2787
318503	2789
318503	2790
318503	2791
318503	2793
318503	2794
318503	2795
318503	2797
318503	2800
318503	2801
318503	2805
318503	2808
318503	2812
318503	2813
318503	2829
318503	2836
318503	2839
318503	2850
318503	2852
318503	2866
318518	2741
318518	2747
318518	2797
318518	2803
318518	2824
318518	2831
318518	2850
318518	2860
318518	2867
318518	2890
318993	2708
318993	2710
318993	2713
318993	2716
318993	2719
318993	2726
318993	2729
318993	2732
318993	2734
318993	2735
318993	2737
318993	2738
318993	2742
318993	2748
318993	2750
318993	2751
318993	2759
318993	2764
318993	2766
318993	2771
318993	2772
318993	2773
318993	2776
318993	2777
318993	2778
318993	2780
318993	2781
318993	2783
318993	2797
318993	2798
318993	2799
318993	2801
318993	2803
318993	2804
318993	2809
318993	2813
318993	2816
318993	2817
318993	2819
318993	2827
318993	2829
318993	2831
318993	2839
318993	2846
318993	2849
318993	2850
318993	2852
318993	2854
318993	2855
318993	2860
318993	2923
318993	2977
319194	2698
319194	2700
319194	2719
319194	2742
319194	2774
319194	2775
319194	2799
320537	2672
320537	2673
320537	2675
320537	2682
320537	2686
320537	2687
320537	2688
320537	2690
320537	2692
320537	2694
320537	2695
320537	2696
320537	2697
320537	2699
320537	2703
320537	2706
320537	2708
320537	2712
320537	2716
320537	2718
320537	2720
320537	2723
320537	2746
320537	2749
320537	2756
321036	2710
321036	2713
321036	2719
321036	2729
321036	2737
321036	2741
321036	2769
321036	2786
321036	2796
321036	2797
321036	2841
321235	2700
321235	2710
321235	2719
321235	2727
321235	2729
321235	2741
321235	2747
321235	2765
321235	2773
321235	2796
321235	2803
321235	2806
321235	2839
321235	2854
321346	2703
321346	2744
321346	2840
321348	2738
321348	2741
321348	2742
321348	2770
321348	2775
321348	2782
321348	2792
321348	2797
321348	2798
321348	2854
321348	2860
321348	2923
321491	2743
321491	2747
321491	2764
321491	2767
321491	2769
321491	2785
321491	2796
321491	2803
321491	2826
321491	2830
321491	2837
322216	2664
322216	2667
322216	2676
322216	2706
322216	2727
322216	2744
322216	2746
322216	2756
322216	2774
322216	2775
322216	2776
322216	2781
322216	2784
322216	2787
322216	2792
322216	2795
322216	2800
322216	2802
322216	2805
322465	2699
322465	2700
322465	2701
322465	2709
322465	2710
322465	2713
322465	2715
322465	2716
322465	2718
322465	2721
322465	2729
322465	2742
322465	2748
322465	2767
322465	2776
322465	2777
322465	2782
322465	2785
322465	2794
322465	2805
322465	2831
322531	2667
322531	2670
322531	2671
322531	2677
322531	2678
322531	2682
322531	2683
322531	2687
322531	2688
322531	2689
322531	2694
322531	2695
322531	2696
322531	2698
322531	2699
322531	2700
322531	2710
322531	2712
322531	2719
322531	2727
322531	2729
322531	2735
322531	2742
322531	2747
322531	2752
322531	2753
322531	2765
322531	2782
322531	2805
322531	2809
322531	2816
322531	2839
324280	2710
324280	2751
324280	2797
324280	2813
325823	2806
326002	2735
326002	2760
326002	2797
326768	2743
326768	2764
326768	2769
326768	2823
326768	2826
326768	2828
326768	2830
326915	2863
327130	2688
327130	2698
327130	2700
327130	2706
327130	2709
327130	2710
327130	2713
327130	2715
327130	2716
327130	2718
327130	2719
327130	2726
327130	2729
327130	2732
327130	2735
327130	2737
327130	2738
327130	2742
327130	2746
327130	2748
327130	2750
327130	2751
327130	2752
327130	2753
327130	2757
327130	2758
327130	2761
327130	2764
327130	2771
327130	2772
327130	2773
327130	2774
327130	2775
327130	2777
327130	2780
327130	2782
327130	2784
327130	2785
327130	2786
327130	2788
327130	2792
327130	2793
327130	2796
327130	2797
327130	2798
327130	2801
327130	2802
327130	2803
327130	2805
327130	2807
327130	2808
327130	2810
327130	2813
327130	2814
327130	2816
327130	2817
327130	2821
327130	2827
327130	2829
327130	2839
327130	2840
327130	2841
327130	2854
327130	2855
327130	2923
327999	2715
327999	2734
327999	2777
327999	2787
327999	2852
329126	2699
329126	2822
329126	2987
330387	2719
330387	2732
330387	2785
330387	2790
330387	2923
330407	2689
330407	2698
330407	2700
330407	2708
330407	2710
330407	2713
330407	2719
330407	2729
330407	2734
330407	2737
330407	2742
330407	2744
330407	2749
330407	2750
330407	2758
330407	2760
330407	2763
330407	2764
330407	2771
330407	2775
330407	2780
330407	2781
330407	2783
330407	2784
330407	2787
330407	2790
330407	2796
330407	2797
330407	2839
330407	2860
330407	2866
332101	2710
332101	2719
332101	2747
332101	2797
332101	2816
332204	2700
332204	2708
332204	2719
332204	2732
332204	2751
332204	2780
332204	2790
332204	2923
332346	2688
332346	2704
332346	2705
332346	2707
332346	2708
332346	2709
332346	2710
332346	2715
332346	2716
332346	2718
332346	2720
332346	2721
332346	2728
332346	2730
332346	2731
332346	2732
332346	2733
332346	2739
332346	2740
332346	2741
332346	2752
332346	2753
332346	2754
332346	2756
332346	2757
332346	2761
332346	2770
332346	2771
332346	2781
332346	2782
332346	2794
332346	2795
332346	2796
332346	2800
332346	2805
332346	2827
332346	2837
332346	3010
334571	2700
334571	2732
334571	2735
334571	2738
334571	2742
334571	2744
334571	2747
334571	2766
334571	2787
334571	2793
334571	2797
334571	2813
334571	2830
334705	2684
334705	2710
334705	2718
334705	2720
334705	2725
334705	2741
334705	2783
334705	2787
334705	2796
334998	2851
334998	2876
334998	2879
