1750	799
1750	801
1750	814
1750	817
1750	818
1750	822
1750	824
1750	827
1750	830
1750	836
1750	844
1750	846
1750	847
1750	852
1750	856
1750	878
1750	911
1750	913
1750	936
1750	940
1750	943
1750	963
1750	964
1750	965
1750	975
1750	985
1750	990
1750	997
1750	1003
1750	1011
1750	1025
1750	1073
1750	1133
1791	847
1791	857
1791	860
1791	872
1791	876
1791	883
1791	936
1791	951
1791	959
1791	994
1791	1002
1791	1028
1791	1035
1791	1042
1791	1053
2068	810
2068	814
2068	846
2068	869
2068	876
2068	880
2068	881
2068	913
2068	919
2068	922
2068	923
2068	933
2068	955
2068	958
2068	969
2068	980
2068	981
2068	988
2068	1001
2068	1021
3306	814
3306	818
3306	830
3306	836
3306	846
3306	851
3306	857
3306	869
3306	884
3306	911
3306	929
3306	936
3306	947
3306	949
3306	950
3306	951
3306	954
3306	1001
3306	1004
3306	1021
3306	1035
3306	1044
3651	908
3651	980
3651	1003
3892	818
3892	824
3892	836
3892	844
3892	846
3892	884
3892	887
3892	902
3892	913
3892	920
3892	954
3892	958
3892	971
3892	981
3892	982
3892	1000
3892	1003
4805	807
4805	822
4805	835
4805	836
4805	838
4805	846
4805	860
4805	884
4805	917
4805	923
4805	957
4805	970
4805	980
4805	988
4966	814
4966	846
4966	876
4966	911
4966	955
4966	981
4966	982
4966	1004
4966	1030
4966	1044
6237	985
6237	990
6237	1004
6237	1073
6237	1361
6648	824
6648	827
6648	844
6648	911
6648	920
6648	929
6690	811
6690	814
6690	821
6690	839
6690	850
6690	854
6690	864
6690	869
6690	871
6690	872
6690	874
6690	876
6690	880
6690	883
6690	885
6690	895
6690	909
6690	911
6690	915
6690	917
6690	919
6690	929
6690	939
6690	946
6690	949
6690	963
6690	964
6690	969
6690	975
6690	997
6690	1015
6690	1021
6690	1025
6935	818
6935	846
6935	963
7146	929
7146	951
7146	981
7146	985
7146	997
7146	1001
7146	1003
7146	1004
7146	1023
7146	1044
7146	1143
7146	1190
7490	854
7490	923
7490	925
7490	929
7490	956
7490	965
7490	2824
7784	815
7784	983
7808	810
7808	811
7808	814
7808	818
7808	824
7808	834
7808	836
7808	839
7808	849
7808	887
7808	889
7808	900
7808	902
7808	906
7808	909
7808	913
7808	920
7808	932
7808	936
7808	940
7808	943
7808	944
7808	949
7808	954
7808	975
7808	981
7808	990
7808	997
7808	1004
7808	1021
7808	1044
7886	814
7886	822
7886	824
7886	827
7886	834
7886	836
7886	846
7886	847
7886	854
7886	865
7886	875
7886	880
7886	884
7886	885
7886	902
7886	921
7886	929
7886	947
7886	948
7886	957
7886	959
7886	981
7886	985
7886	986
7886	997
7886	998
7886	1021
7886	1023
7886	1025
9386	760
9386	764
9386	766
9386	769
9386	771
9386	774
9386	782
9386	784
9386	787
9386	788
9386	790
9386	792
9386	793
9386	798
9386	801
9386	802
9386	803
9386	804
9386	805
9386	808
9386	812
9386	814
9386	817
9386	818
9386	820
9386	822
9386	823
9386	826
9386	827
9386	829
9386	833
9386	836
9386	837
9386	838
9386	839
9386	842
9386	844
9386	845
9386	849
9386	850
9386	853
9386	860
9386	861
9386	862
9386	864
9386	865
9386	866
9386	868
9386	871
9386	872
9386	873
9386	874
9386	876
9386	877
9386	882
9386	883
9386	891
9386	894
9386	895
9386	896
9386	899
9386	901
9386	902
9386	906
9386	907
9386	910
9386	912
9386	914
9386	916
9386	918
9386	920
9386	921
9919	892
9919	940
9919	990
10031	814
10031	836
10031	846
10031	869
10031	913
10031	929
10031	940
10031	947
10031	981
10223	796
10223	797
10223	799
10223	813
10223	814
10223	816
10223	818
10223	821
10223	824
10223	825
10223	826
10223	827
10223	828
10223	834
10223	836
10223	837
10223	847
10223	850
10223	861
10223	868
10223	870
10223	871
10223	874
10223	882
10223	883
10223	893
10223	902
10223	905
10223	906
10223	907
10223	910
10223	912
10223	916
10223	918
10223	919
10223	922
10223	927
10223	932
10252	857
10252	880
10252	883
10252	890
10252	971
10252	981
10252	986
10252	994
10252	995
10252	1000
10252	1003
10252	1004
10252	1014
10252	1025
10252	1035
10252	1044
10252	1133
11945	869
11945	933
11945	949
11945	984
12604	884
12604	1105
13361	818
13361	830
13361	833
13361	836
13361	846
13361	901
13361	913
13361	1542
13361	1640
15947	890
15947	922
15947	936
15947	954
15947	962
15947	964
15947	1001
15947	1003
16033	814
16033	898
16033	913
16033	963
16033	1004
16339	800
16339	801
16339	878
16339	896
16339	897
16339	905
16339	912
16339	914
16339	921
16339	922
16339	923
16339	928
16339	933
16339	936
16339	946
16339	948
16339	964
16339	968
16339	977
16339	997
16385	814
16385	824
16385	827
16385	852
16385	858
16385	873
16385	906
16385	920
16385	941
16385	963
16385	975
16385	985
16385	990
16385	1003
16385	1010
16385	1014
16385	1025
16385	1026
16385	1044
16385	1073
16385	1076
16385	1104
17064	807
17064	846
17064	850
17064	865
17064	872
17064	881
17064	906
17064	913
17064	927
17064	935
17064	936
17064	948
17064	954
17064	960
17064	969
17064	990
18825	848
19141	814
19141	818
19141	824
19141	836
19141	846
19141	852
19141	857
19141	869
19141	943
19141	1073
19141	1133
20447	836
20447	852
20447	854
20447	869
20447	883
20447	892
20447	904
20447	909
20447	911
20447	913
20447	929
20447	938
20447	963
20447	964
20447	999
20447	1003
20447	1004
20447	1010
20447	1023
20447	1025
20447	1044
20447	1122
23192	846
23192	854
23192	857
23192	869
23192	899
23192	918
23192	922
23192	929
23192	936
23192	940
23192	942
23192	946
23192	951
23192	963
23192	986
23192	1001
23192	1025
24134	814
24134	833
24134	836
24134	852
24134	918
24134	936
24134	937
24134	955
24134	978
24134	981
24134	997
24134	1101
24217	846
24217	869
24217	1001
24217	1028
24217	1043
24371	798
24371	799
24371	801
24371	807
24371	810
24371	811
24371	818
24371	819
24371	830
24371	831
24371	832
24371	835
24371	846
24371	848
24371	849
24371	850
24371	852
24371	854
24371	856
24371	857
24371	860
24371	863
24371	864
24371	865
24371	869
24371	872
24371	880
24371	881
24371	887
24371	888
24371	890
24371	899
24371	900
24371	915
24371	918
24371	919
24371	922
24371	923
24371	927
24371	928
24371	929
24371	935
24371	936
24371	937
24371	939
24371	940
24371	943
24371	945
24371	946
24371	947
24371	948
24371	949
24371	950
24371	951
24371	954
24371	955
24371	956
24371	960
24371	962
24371	963
24371	965
24371	966
24371	968
24371	969
24371	972
24371	978
24371	980
24371	981
24371	984
24371	989
24371	991
24371	992
24371	993
24371	997
24371	1001
24371	1021
24371	1101
26712	795
26712	802
26712	813
26712	817
26712	818
26712	820
26712	824
26712	853
26712	854
26712	858
26712	860
26712	863
26712	878
26712	880
26712	888
26712	903
26712	909
26712	935
26712	937
26712	946
26712	1005
26712	1026
27321	846
27321	901
27321	954
27321	968
27321	1001
27321	1015
27321	1044
27321	1053
27321	1073
27321	1075
27501	872
29255	771
29255	774
29255	776
29255	780
29255	785
29255	786
29255	787
29255	788
29255	790
29255	792
29255	799
29255	800
29255	801
29255	802
29255	803
29255	804
29255	806
29255	807
29255	808
29255	809
29255	810
29255	812
29255	813
29255	814
29255	816
29255	817
29255	818
29255	819
29255	821
29255	822
29255	823
29255	824
29255	826
29255	827
29255	829
29255	834
29255	835
29255	836
29255	837
29255	840
29255	841
29255	847
29255	848
29255	849
29255	850
29255	853
29255	858
29255	865
29255	870
29255	874
29255	877
29255	878
29255	879
29255	882
29255	887
29255	889
29255	891
29255	892
29255	893
29255	897
29255	901
29255	902
29255	903
29255	905
29255	907
29255	910
29255	912
29255	915
29255	916
29255	926
29255	927
29255	943
29255	953
29255	978
29778	857
29778	869
29778	911
29778	929
29778	933
29778	963
29778	964
29778	981
29778	997
29778	1003
29778	1010
29778	1025
29778	1044
30733	846
30733	939
30733	1143
33540	921
33540	950
33540	1000
33540	1025
34154	818
34154	824
34154	836
34154	846
34154	861
34154	869
34154	920
34154	924
34154	940
34154	951
34154	955
34154	1003
34154	1023
34154	1025
34154	1044
34611	857
34611	869
34611	872
34611	898
34611	922
34611	927
34611	936
34611	980
34611	1024
35478	813
35478	814
35478	816
35478	818
35478	822
35478	823
35478	824
35478	826
35478	829
35478	833
35478	837
35478	839
35478	842
35478	843
35478	847
35478	848
35478	850
35478	852
35478	853
35478	857
35478	861
35478	862
35478	866
35478	868
35478	870
35478	873
35478	881
35478	882
35478	883
35478	885
35478	886
35478	888
35478	889
35478	891
35478	892
35478	893
35478	894
35478	895
35478	898
35478	899
35478	902
35478	906
35478	907
35478	911
35478	914
35478	918
35478	919
35478	921
35478	926
35478	927
35478	960
35478	972
35478	978
35713	818
35713	830
35713	887
35713	922
35713	943
35713	1003
35713	1004
35713	1133
35966	814
35966	818
35966	836
35966	846
35966	869
35966	929
35966	936
35966	940
35966	949
35966	960
35966	963
35966	981
35966	1003
35966	1021
35966	1025
35966	1044
36790	814
36790	818
36790	824
36790	830
36790	884
36790	911
36790	1044
37043	832
37043	889
37043	917
37043	923
37043	940
37043	948
37043	957
37043	993
37043	1001
38013	827
38013	836
38013	846
38013	851
38013	857
38013	864
38013	870
38013	877
38013	882
38013	889
38013	899
38013	902
38013	906
38013	909
38013	910
38013	920
38013	927
38013	928
38013	953
38013	957
38479	803
38479	807
38479	810
38479	816
38479	817
38479	818
38479	821
38479	822
38479	824
38479	827
38479	830
38479	831
38479	832
38479	835
38479	836
38479	838
38479	841
38479	844
38479	846
38479	847
38479	849
38479	850
38479	852
38479	856
38479	858
38479	860
38479	862
38479	863
38479	864
38479	865
38479	866
38479	869
38479	871
38479	872
38479	877
38479	879
38479	880
38479	881
38479	883
38479	885
38479	887
38479	888
38479	889
38479	893
38479	894
38479	895
38479	896
38479	898
38479	899
38479	900
38479	902
38479	904
38479	908
38479	911
38479	914
38479	915
38479	916
38479	918
38479	919
38479	922
38479	923
38479	925
38479	928
38479	929
38479	933
38479	934
38479	935
38479	936
38479	937
38479	938
38479	939
38479	940
38479	941
38479	942
38479	943
38479	946
38479	947
38479	948
38479	949
38479	950
38479	951
38479	953
38479	954
38479	955
38479	956
38479	960
38479	962
38479	963
38479	964
38479	965
38479	968
38479	969
38479	970
38479	972
38479	973
38479	975
38479	976
38479	977
38479	978
38479	979
38479	980
38479	981
38479	983
38479	984
38479	986
38479	987
38479	988
38479	989
38479	991
38479	992
38479	993
38479	994
38479	997
38479	1000
38479	1001
38479	1002
38479	1003
38479	1004
38479	1005
38479	1006
38479	1008
38479	1009
38479	1010
38479	1014
38479	1015
38479	1021
38479	1025
38479	1026
38479	1028
38479	1031
38479	1034
38479	1042
38479	1043
38479	1044
38479	1057
38479	1066
38479	1071
38479	1083
38479	1086
38479	1101
38479	1104
38479	1133
39142	810
39142	818
39142	836
39142	846
39142	884
39142	886
39142	892
39142	902
39142	906
39142	911
39142	915
39142	917
39142	920
39142	963
39142	964
39142	971
39142	976
39142	981
39142	999
39275	861
39275	911
39275	914
39275	936
39275	949
39275	963
39275	970
39275	1001
40242	769
40242	771
40242	775
40242	789
40242	790
40242	792
40242	822
40242	825
40242	831
40242	832
40242	844
40242	892
40556	818
40556	846
40556	894
40556	911
40556	913
40556	928
40556	963
40556	968
40556	1025
40556	1133
40963	807
40963	810
40963	814
40963	817
40963	818
40963	829
40963	833
40963	836
40963	841
40963	846
40963	848
40963	849
40963	850
40963	865
40963	874
40963	884
40963	887
40963	889
40963	893
40963	906
40963	916
40963	917
40963	920
40963	926
40963	939
40963	949
40963	951
40963	971
40963	974
40963	975
43096	830
43096	857
43362	787
43362	792
43362	801
43362	803
43362	807
43362	816
43362	821
43362	823
43362	824
43362	826
43362	827
43362	828
43362	829
43362	830
43362	831
43362	832
43362	834
43362	835
43362	836
43362	838
43362	839
43362	841
43362	843
43362	844
43362	845
43362	846
43362	847
43362	848
43362	849
43362	850
43362	852
43362	860
43362	861
43362	862
43362	863
43362	864
43362	865
43362	868
43362	871
43362	873
43362	874
43362	877
43362	878
43362	880
43362	886
43362	889
43362	891
43362	894
43362	896
43362	897
43362	898
43362	899
43362	901
43362	904
43362	906
43362	907
43362	910
43362	912
43362	913
43362	914
43362	918
43362	919
43362	920
43362	921
43362	922
43362	924
43362	925
43362	927
43362	928
43362	943
43362	956
43362	957
43362	962
43362	963
43362	965
43362	966
43362	967
43362	968
43362	970
43362	973
43362	975
43362	976
43362	977
43362	978
43362	979
43362	981
43362	982
43362	993
48570	836
48570	846
48570	887
48570	1023
48570	1025
48570	1044
49279	810
49279	814
49279	822
49279	846
49279	847
49279	856
49279	862
49279	869
49279	881
49279	911
49279	913
49279	915
49279	927
49279	940
49279	950
49279	951
49279	953
49279	962
49279	963
49279	980
49279	981
49279	1001
49279	1021
49508	850
49508	872
49508	893
49508	911
49508	928
49508	954
49508	969
49508	980
49508	993
49508	1001
49508	1024
49763	810
49763	814
49763	846
49763	856
49763	865
49763	902
49939	776
49939	785
49939	787
49939	788
49939	793
49939	799
49939	800
49939	803
49939	804
49939	805
49939	807
49939	820
49939	868
49939	871
49939	880
49939	889
49939	892
49939	894
49939	899
49939	901
49939	906
49939	907
49939	912
49939	914
49939	919
49939	922
49939	923
49939	927
50354	802
50354	803
50354	804
50354	807
50354	808
50354	810
50354	812
50354	813
50354	816
50354	817
50354	818
50354	819
50354	821
50354	823
50354	826
50354	827
50354	828
50354	829
50354	833
50354	834
50354	837
50354	844
50354	846
50354	847
50354	850
50354	852
50354	853
50354	858
50354	861
50354	862
50354	864
50354	868
50354	870
50354	871
50354	873
50354	874
50354	876
50354	877
50354	880
50354	883
50354	886
50354	891
50354	892
50354	893
50354	895
50354	899
50354	901
50354	906
50354	907
50354	910
50354	912
50354	916
50354	918
50354	919
50354	924
50354	926
50354	929
50354	937
50354	938
50354	940
50354	957
50354	959
50354	960
50714	914
50714	923
50714	937
50714	940
50714	955
50714	961
50714	984
51394	836
51394	846
51394	852
51394	869
51394	883
51394	911
51394	936
51394	951
51394	955
51394	964
51394	981
51394	997
51394	1003
51394	1004
51394	1022
51394	1023
51394	1025
51394	1027
51394	1029
51394	1030
51394	1032
51394	1038
51394	1044
51394	1075
51394	1133
51394	1143
51408	814
51408	836
51408	838
51408	846
51408	913
51408	936
51408	962
51408	986
51408	1004
51566	814
51566	818
51566	822
51566	824
51566	834
51566	835
51566	849
51566	860
51566	889
51566	893
51566	911
51566	918
51566	927
51566	929
51566	936
51566	962
51566	963
51566	974
51566	981
51566	1004
51566	1044
51581	836
51581	846
51581	857
51581	869
51581	880
51581	911
51581	929
51581	935
51581	942
51581	946
51581	954
51581	960
51581	962
51581	964
51581	980
51581	986
51581	1001
51581	1010
51581	1021
51581	1025
51581	1044
51581	1101
51581	1133
54970	814
54970	846
54970	847
54970	861
54970	876
54970	886
54970	893
54970	901
54970	913
54970	919
54970	936
54970	942
54970	946
54970	954
54970	965
54970	975
54970	981
54970	994
54970	1002
54970	1003
54970	1008
54970	1025
54970	1031
54970	1044
54970	1076
54970	1104
55063	822
55063	824
55063	827
55063	835
55063	850
55063	878
55063	885
55063	887
55063	892
55063	895
55063	936
55063	937
55063	939
55063	944
55063	954
55063	958
55063	959
55063	962
55063	964
55063	976
55063	981
55063	989
55063	992
55063	997
55063	999
55063	1001
55063	1021
55401	936
55401	1001
55634	814
55634	836
55634	911
55634	981
55634	1025
55634	1044
55828	807
55828	818
55828	836
55828	846
55828	887
55828	889
55828	929
55828	940
55828	947
55828	949
55828	950
55828	971
55828	1025
55828	1035
55828	1348
56783	846
57311	764
57311	769
57311	771
57311	772
57311	776
57311	780
57311	782
57311	786
57311	787
57311	790
57311	792
57311	793
57311	796
57311	800
57311	807
57311	816
57311	817
57311	818
57311	820
57311	821
57311	822
57311	824
57311	826
57311	829
57311	832
57311	834
57311	835
57311	836
57311	837
57311	838
57311	839
57311	840
57311	841
57311	842
57311	843
57311	844
57311	845
57311	846
57311	847
57311	848
57311	849
57311	852
57311	853
57311	857
57311	858
57311	861
57311	862
57311	864
57311	865
57311	870
57311	874
57311	878
57311	880
57311	882
57311	885
57311	886
57311	891
57311	892
57311	893
57311	895
57311	901
57311	905
57311	906
57311	907
57311	909
57311	910
57311	911
57311	912
57311	913
57311	914
57311	922
57311	978
57311	988
57311	1000
57311	1009
57311	1012
57311	1013
57311	1039
57311	1046
58236	854
58236	857
58236	892
58236	893
58236	895
58236	922
58236	936
58236	955
58236	995
58236	1025
59154	814
59154	836
59154	846
59154	869
59154	911
59154	913
59154	940
59154	981
59154	1001
59154	1025
59154	1044
59266	814
59266	836
59266	846
59266	936
59266	940
59266	981
59266	1044
59323	814
59323	926
59323	940
59323	943
59323	949
59323	981
59323	1025
59323	1044
59733	810
59733	814
59733	827
59733	830
59733	849
59733	863
59733	884
59733	887
59733	888
59733	893
59733	894
59733	920
59733	923
59733	928
59733	935
59733	940
59733	949
59733	960
59733	964
59733	971
59733	981
59733	997
59733	1001
59733	1004
59733	1044
60244	846
60244	869
60244	981
60244	985
60244	1003
60244	1004
60244	1025
60244	1044
60244	1073
60244	1133
60597	810
60597	818
60597	822
60597	834
60597	836
60597	852
60597	869
60597	880
60597	898
60597	911
60597	913
60597	922
60597	939
60597	963
60597	1001
60597	1003
60597	1025
60597	1044
60986	911
60986	946
60986	965
60986	970
60986	1023
60986	1730
60986	2516
60986	2895
61760	846
61760	869
61760	963
61760	981
61760	1044
61892	821
61892	822
61892	824
61892	831
61892	875
61892	914
61892	919
62161	856
62161	865
62161	881
62161	933
62161	949
62161	975
62341	818
62341	822
62341	838
62341	849
62341	857
62341	858
62341	864
62341	875
62341	883
62341	886
62341	889
62341	898
62341	903
62341	911
62341	929
62341	933
62341	944
62341	951
62341	954
62341	958
62341	968
62341	972
62341	977
62341	980
62341	981
62341	983
62341	987
62341	995
62341	999
62341	1000
63772	860
63772	869
63772	922
63772	1044
64080	846
64080	896
64080	928
64080	951
64080	964
64080	1001
64080	1002
64080	1009
64080	1023
64080	1025
64080	1030
64080	1035
64080	1044
64080	1143
64829	981
65398	774
65398	781
65398	782
65398	785
65398	787
65398	788
65398	790
65398	792
65398	793
65398	799
65398	818
65398	819
65398	820
65398	822
65398	823
65398	826
65398	829
65398	832
65398	834
65398	835
65398	838
65398	839
65398	849
65398	861
65398	862
65398	870
65398	871
65398	873
65398	877
65398	879
65398	880
65398	887
65398	889
65398	891
65398	895
65398	901
65398	909
65398	913
65398	916
65398	920
65398	968
65398	1057
66068	810
66068	881
66068	963
66068	981
66068	2688
66068	2906
67353	903
67353	904
67353	918
67353	939
67353	956
67461	814
67461	818
67461	821
67461	822
67461	824
67461	827
67461	834
67461	836
67461	843
67461	846
67461	849
67461	850
67461	852
67461	858
67461	861
67461	862
67461	864
67461	869
67461	872
67461	873
67461	874
67461	883
67461	884
67461	886
67461	889
67461	892
67461	893
67461	894
67461	895
67461	902
67461	906
67461	909
67461	911
67461	913
67461	915
67461	917
67461	918
67461	919
67461	920
67461	921
67461	922
67461	923
67461	924
67461	927
67461	931
67461	936
67461	939
67461	940
67461	942
67461	946
67461	947
67461	954
67461	957
67461	959
67461	963
67461	968
67461	969
67461	971
67461	974
67461	975
67461	977
67461	981
67461	982
67461	984
67461	990
67461	992
67461	997
67461	1000
67461	1001
67461	1003
67461	1004
67461	1015
67461	1025
67461	1028
67461	1035
67461	1043
67461	1044
67461	1053
67461	1076
67461	1083
67461	1086
67461	1133
67976	857
67976	869
67976	917
67976	935
67976	939
67976	946
67976	950
67976	951
67976	980
67976	986
67976	1009
67976	1019
67976	1028
67976	1042
67976	1143
69326	834
69326	839
69326	858
69326	880
69326	888
69326	896
69326	898
69326	913
69326	1025
69367	830
69367	846
69367	892
69367	911
69367	934
69367	1001
69367	2081
70527	836
70527	869
70527	896
70527	898
70527	913
70527	929
70527	954
70527	964
70527	976
70527	997
70725	852
70725	864
70725	873
70725	901
70725	913
70725	981
70725	982
70725	986
70725	990
70725	1000
70725	1003
70725	1009
70725	1025
70725	1042
74146	869
74489	814
74489	834
74489	846
74489	849
74489	880
74489	883
74489	911
74489	917
74489	921
74489	926
74489	935
74489	937
74489	952
74489	954
74489	955
74489	980
74489	982
74489	991
74489	999
74489	1024
75277	818
75277	827
75277	834
75277	836
75277	846
75277	849
75277	850
75277	857
75277	858
75277	866
75277	880
75277	883
75277	889
75277	892
75277	894
75277	903
75277	904
75277	911
75277	915
75277	919
75277	921
75277	923
75277	936
75277	946
75277	947
75277	960
75277	968
75277	995
75277	1024
75277	1025
75277	1044
75277	1101
75729	834
75729	852
75729	853
75729	861
75729	866
75729	869
75729	871
75729	888
75729	895
75729	903
75729	911
75729	913
75729	925
75729	932
75729	935
75729	942
75729	944
75729	954
75729	958
75729	962
75729	976
75729	977
75729	981
75729	983
75729	987
75729	989
75729	997
75729	999
75729	1001
75729	1021
76710	799
76710	808
76710	809
76710	810
76710	820
76710	822
76710	826
76710	829
76710	840
76710	854
76710	864
76710	878
76710	895
76710	905
76710	913
76710	919
76710	930
76710	935
76710	938
76710	946
76770	808
76770	810
76770	878
76770	887
76770	902
76770	911
76770	943
76770	949
76770	964
76770	981
76770	985
76770	997
76770	1003
76770	1089
76903	774
76903	814
76903	818
76903	825
76903	827
76903	836
76903	839
76903	846
76903	870
76903	873
76903	879
76903	880
76903	894
76903	896
76903	902
76903	905
76903	906
76903	909
76903	911
76903	912
76903	913
76903	914
76903	922
76903	923
76903	935
76903	943
76903	948
76903	949
76903	958
76903	971
76903	972
76903	976
76903	978
76903	980
76903	981
76903	982
76903	991
76903	1003
76903	1004
76903	1021
77722	771
77722	778
77722	785
77722	786
77722	790
77722	792
77722	799
77722	800
77722	803
77722	806
77722	808
77722	812
77722	817
77722	819
77722	820
77722	822
77722	824
77722	827
77722	829
77722	831
77722	832
77722	835
77722	837
77722	838
77722	839
77722	841
77722	844
77722	848
77722	850
77722	860
77722	861
77722	863
77722	864
77722	879
77722	880
77722	883
77722	886
77722	887
77722	892
77722	895
77722	896
77722	897
77722	907
77722	916
77722	919
77722	922
77735	814
77735	1014
77735	1037
77735	1058
77735	1108
79123	822
79123	854
79123	902
79123	911
79123	940
80640	839
80640	846
80640	852
80640	854
80640	861
80640	862
80640	866
80640	869
80640	879
80640	885
80640	888
80640	890
80640	892
80640	894
80640	895
80640	898
80640	911
80640	919
80640	924
80640	925
80640	929
80640	936
80640	941
80640	942
80640	947
80640	950
80640	951
80640	952
80640	953
80640	955
80640	960
80640	962
80640	970
80640	971
80640	980
80640	982
80640	986
80640	988
80640	991
80640	994
80640	995
80640	1008
80640	1015
80640	1021
80640	1024
80640	1025
80640	1101
83962	894
83962	911
83962	954
83962	981
83962	985
83962	1044
84151	836
84151	846
84151	852
84151	921
84151	981
84151	997
84151	1004
85202	781
85202	808
86243	810
86243	814
86243	818
86243	887
86243	902
86243	943
86243	949
86243	964
86243	981
86243	987
86243	997
86809	824
86809	846
86809	854
86809	857
86809	876
86809	894
86809	913
86809	922
86809	937
86809	951
86809	954
86809	962
86809	1001
86809	1004
86809	1035
86809	1044
87923	831
87923	836
87923	846
87923	857
87923	861
87923	865
87923	869
87923	881
87923	883
87923	885
87923	890
87923	911
87923	913
87923	922
87923	923
87923	940
87923	943
87923	945
87923	951
87923	963
87923	972
87923	986
87923	993
87923	1001
87923	1003
87923	1004
87923	1021
87923	1025
87923	1035
87923	1044
87923	1101
89465	846
89465	1001
89465	1025
90015	780
90015	784
90015	807
90015	828
90015	861
90015	881
90015	882
90015	883
90015	885
90015	886
90015	891
90015	892
90015	895
90015	897
90015	898
90015	899
90015	901
90015	902
90015	904
90015	905
90015	906
90015	910
90015	911
90015	912
90015	913
90015	916
90015	918
90015	919
90015	920
90015	921
90015	922
90015	926
90015	927
90015	929
90015	941
90015	942
90015	953
90015	955
90015	959
90015	970
90015	980
90015	987
90015	990
90015	996
90015	998
90015	1125
92675	801
92675	832
92675	850
92675	857
92675	869
92675	874
92675	881
92675	935
92675	939
92675	951
92675	955
92675	972
92675	982
94173	971
94173	1044
94173	1095
94528	836
94528	852
94528	854
94528	862
94528	892
94528	895
94528	898
94528	909
94528	922
94528	928
94528	933
94528	940
94528	947
94528	951
94528	956
94528	960
94528	969
94528	981
94528	997
94528	1001
94528	1025
94528	1044
95924	836
95924	846
95924	872
95924	929
95924	964
95924	972
95924	980
95947	911
95947	913
95947	922
95947	929
95947	963
95947	1044
96523	758
96523	798
96523	800
96523	807
96523	826
96523	838
96523	870
96523	883
96523	896
96523	897
96523	910
96523	913
96523	922
96523	923
96523	925
96523	932
96523	942
96523	948
96523	953
96523	973
96523	976
96523	987
96523	1001
96523	1064
97254	814
97254	824
97254	836
97254	846
97254	852
97254	854
97254	871
97254	902
97254	911
97254	916
97254	943
97254	949
97254	981
97254	1133
98300	814
98300	836
98300	851
98300	936
98300	939
98300	941
98300	963
99994	808
99994	845
99994	846
99994	871
99994	889
99994	893
99994	894
99994	896
99994	902
99994	905
99994	921
99994	926
99994	927
99994	930
99994	932
99994	935
99994	937
99994	938
99994	943
99994	962
99994	964
99994	973
99994	975
99994	976
99994	979
99994	983
99994	1000
99994	1013
99994	1018
99994	1021
101035	808
101035	809
101035	810
101035	812
101035	813
101035	815
101035	817
101035	827
101035	838
101035	840
101035	843
101035	887
101035	910
101035	911
101035	912
101035	914
101035	919
101035	920
101035	922
101035	923
101035	925
101035	926
101035	930
101035	932
101035	935
101035	937
101035	955
101035	956
101035	959
101035	960
101035	962
101035	966
101035	968
101035	1025
102218	836
102218	880
102218	1004
102218	1029
102218	1093
102218	1096
102431	767
102431	785
102431	805
102431	808
102431	810
102431	811
102431	816
102431	817
102431	841
102431	849
102431	850
102431	851
102431	855
102431	857
102431	860
102431	862
102431	866
102431	869
102431	872
102431	874
102431	879
102431	881
102431	890
102431	894
102431	895
102431	896
102431	903
102431	905
102431	909
102431	914
102431	917
102431	922
102431	933
102431	934
102431	939
102431	967
102431	972
102431	981
102431	997
102431	998
102431	1001
102431	1021
102431	1024
102431	1828
102431	1863
103576	811
103576	857
103576	929
103576	936
103576	940
103576	951
103576	954
103576	986
103576	1001
103576	1004
106844	821
106844	836
106844	838
106844	858
106844	861
106844	886
106844	889
106844	903
106844	911
106844	923
106844	929
106844	946
106844	949
106844	982
106844	999
107086	846
107086	872
107086	892
107155	822
107155	849
107155	940
107155	949
107155	981
110238	850
110238	869
110238	872
110238	935
110238	963
110238	1044
110238	1071
110238	1295
110510	836
110510	838
110510	839
110510	840
110510	842
110510	851
110510	858
110510	860
110510	861
110510	862
110510	866
110510	873
110510	878
110510	879
110510	882
110510	887
110510	889
110510	892
110510	912
110510	918
110510	920
110510	926
110510	932
110510	937
110510	940
110510	949
110510	957
110510	959
110510	967
110510	974
110510	979
110510	993
110545	814
110545	846
110545	936
110545	955
110545	981
110545	1001
110545	1023
110545	1031
111058	836
111058	894
111058	895
111058	1004
111058	1025
111058	1044
111058	1104
111290	817
111290	819
111290	822
111290	824
111290	827
111290	829
111290	834
111290	835
111290	840
111290	841
111290	842
111290	844
111290	847
111290	849
111290	850
111290	852
111290	854
111290	858
111290	860
111290	861
111290	862
111290	863
111290	864
111290	870
111290	871
111290	877
111290	881
111290	883
111290	885
111290	886
111290	889
111290	892
111290	893
111290	895
111290	898
111290	905
111290	911
111290	912
111290	914
111290	916
111290	918
111290	919
111290	920
111290	926
111290	932
111290	933
111290	937
111290	938
111290	955
111290	957
111290	960
111290	962
111290	968
111290	973
111290	976
112430	836
112430	846
112430	869
112430	911
112430	923
112430	936
112430	940
112430	1001
112430	1003
112430	1004
112430	1025
112430	1044
112430	1133
113007	849
113007	889
113007	964
113007	981
113173	913
113173	976
113173	981
113173	1004
113173	1044
113217	814
113217	817
113217	818
113217	821
113217	830
113217	834
113217	836
113217	838
113217	843
113217	845
113217	848
113217	849
113217	854
113217	858
113217	862
113217	864
113217	874
113217	877
113217	884
113217	886
113217	887
113217	889
113217	893
113217	898
113217	899
113217	902
113217	907
113217	909
113217	911
113217	914
113217	916
113217	918
113217	919
113217	920
113217	926
113217	927
113217	929
113217	932
113217	940
113217	945
113217	948
113217	957
113217	962
113217	964
113217	965
113217	971
113217	975
113217	976
113217	983
113217	984
113217	986
113217	990
113217	997
113217	1002
113217	1003
113217	1004
113217	1005
113217	1015
113217	1042
113217	1043
113217	1044
113217	1057
113217	1066
113217	1071
113217	1083
113217	1104
114161	814
114161	818
114161	836
114161	862
114161	887
114161	895
114161	913
114161	954
114161	963
114161	964
114161	971
114161	972
114161	990
114161	997
114908	811
114908	824
114908	836
114908	846
114908	849
114908	892
114908	940
114908	981
114908	1025
114908	1044
116322	814
116322	846
116322	852
116322	892
116322	900
116322	913
118125	770
118125	773
118125	872
118125	883
118125	913
118125	939
118320	846
118320	847
118320	872
118320	934
118320	936
118320	939
118320	950
118320	969
118320	992
118476	814
118476	818
118476	836
118476	846
118476	849
118476	869
118476	872
118476	883
118476	887
118476	889
118476	900
118476	913
118476	926
118476	940
118476	947
118476	949
118476	952
118476	981
118476	997
118476	1003
118476	1004
118476	1025
118476	1044
118522	811
118522	827
118522	835
118522	836
118522	839
118522	841
118522	844
118522	846
118522	847
118522	850
118522	857
118522	858
118522	862
118522	869
118522	889
118522	893
118522	899
118522	907
118522	917
118522	922
118522	923
118522	929
118522	936
118522	937
118522	940
118522	963
118522	975
118522	1001
121103	814
121103	850
121103	922
121103	929
121103	936
121103	955
121103	962
121103	963
121103	978
121103	990
121103	991
121103	1044
121103	2442
124345	1022
124345	1027
126485	810
126485	814
126485	818
126485	824
126485	827
126485	835
126485	836
126485	838
126485	846
126485	852
126485	869
126485	887
126485	889
126485	902
126485	911
126485	915
126485	943
126485	944
126485	947
126485	949
126485	953
126485	955
126485	963
126485	964
126485	981
126485	985
126485	1003
126485	1036
126485	1040
126606	814
126606	830
126606	883
126606	884
126606	950
126606	981
126606	3180
126623	860
126623	896
127739	814
127739	836
127739	869
127739	884
127739	939
127739	940
127739	955
127739	982
127771	774
127771	800
127771	824
127771	827
127771	828
127771	830
127771	835
127771	836
127771	841
127771	843
127771	847
127771	849
127771	852
127771	854
127771	862
127771	866
127771	871
127771	877
127771	882
127771	884
127771	887
127771	893
127771	901
127771	902
127771	903
127771	911
127771	912
127771	919
127771	925
127771	926
127771	927
127771	937
127771	943
127771	945
127771	947
127771	955
127771	959
127771	960
127771	966
127771	967
127771	970
127771	975
127771	979
127771	993
129511	802
129511	803
129511	805
129511	807
129511	808
129511	809
129511	813
129511	814
129511	817
129511	818
129511	820
129511	822
129511	829
129511	836
129511	842
129511	845
129511	847
129511	849
129511	862
129511	911
129511	944
129511	949
129511	950
129511	953
129511	968
129511	995
130091	814
130091	818
130091	846
130091	884
130091	889
130091	981
130091	985
130091	1003
130091	1011
130091	1025
130091	1029
130091	1038
130099	814
130099	929
130316	1011
130316	1136
130838	778
130838	780
130838	785
130838	787
130838	788
130838	792
130838	801
130838	807
130838	814
130838	816
130838	823
130838	826
130838	827
130838	829
130838	833
130838	834
130838	835
130838	836
130838	837
130838	838
130838	841
130838	843
130838	845
130838	846
130838	850
130838	851
130838	852
130838	854
130838	862
130838	865
130838	870
130838	872
130838	874
130838	877
130838	882
130838	884
130838	888
130838	889
130838	892
130838	895
130838	898
130838	902
130838	903
130838	904
130838	907
130838	910
130838	920
130838	923
130838	926
130838	927
130838	929
130838	933
130838	934
130838	937
130838	943
130838	953
130838	957
130838	966
131285	814
131285	846
131285	883
131285	884
131285	889
131285	892
131285	902
131285	921
131285	929
131285	940
131285	958
131285	963
131285	981
131285	985
131285	997
131285	1002
131285	1003
131285	1004
131285	1042
131285	1044
131532	814
131532	836
131532	895
131532	913
131532	927
131532	936
131532	940
131532	943
131532	963
131532	969
131532	1025
131532	1044
131532	1738
131594	810
131594	822
131594	824
131594	836
131594	846
131594	854
131594	861
131594	876
131594	902
131594	923
131594	957
131594	962
131594	969
131594	970
131594	1021
132423	758
132423	759
132423	760
132423	761
132423	764
132423	775
132423	778
132423	780
132423	782
132423	783
132423	787
132423	788
132423	790
132423	792
132423	799
132423	800
132423	801
132423	802
132423	804
132423	805
132423	806
132423	809
132423	810
132423	814
132423	816
132423	821
132423	823
132423	826
132423	827
132423	828
132423	829
132423	834
132423	835
132423	836
132423	837
132423	838
132423	839
132423	841
132423	842
132423	844
132423	846
132423	849
132423	853
132423	858
132423	860
132423	861
132423	862
132423	866
132423	868
132423	870
132423	871
132423	874
132423	876
132423	880
132423	882
132423	883
132423	884
132423	886
132423	889
132423	891
132423	892
132423	893
132423	895
132423	896
132423	897
132423	899
132423	901
132423	902
132423	904
132423	906
132423	907
132423	910
132423	912
132423	925
132423	926
132423	928
132423	929
132423	937
132423	938
132740	810
132740	814
132740	818
132740	824
132740	830
132740	836
132740	838
132740	846
132740	864
132740	865
132740	877
132740	887
132740	902
132740	914
132740	915
132740	940
132740	943
132740	949
132740	1409
133195	814
133195	841
133195	849
133195	858
133195	884
133195	903
133195	910
133195	916
133195	918
133195	920
133378	769
133378	771
133378	775
133378	778
133378	780
133378	787
133378	793
133378	795
133378	799
133378	800
133378	806
133378	807
133378	808
133378	810
133378	816
133378	820
133378	821
133378	823
133378	824
133378	827
133378	828
133378	831
133378	832
133378	834
133378	835
133378	837
133378	838
133378	839
133378	841
133378	843
133378	844
133378	846
133378	852
133378	854
133378	857
133378	864
133378	866
133378	870
133378	871
133378	873
133378	880
133378	881
133378	883
133378	885
133378	886
133378	889
133378	892
133378	893
133378	894
133378	896
133378	901
133378	907
133378	909
133378	910
133378	913
133378	915
133378	920
133378	922
133378	923
133378	925
133378	933
133378	957
133378	960
133378	983
133512	833
133512	869
133512	1001
133512	1023
133512	1044
133512	1133
133746	773
133746	783
133746	794
133746	803
133746	812
133746	813
133746	823
133746	840
133746	845
133746	847
133746	849
133746	884
133746	901
133746	902
133746	904
133746	912
133746	921
133746	925
133746	968
133746	1000
133746	1021
133788	846
133788	869
133788	911
133788	922
133788	929
133788	936
133788	963
133788	965
133788	1185
136252	999
136252	1001
136252	1035
136252	1143
136953	817
136953	818
136953	819
136953	820
136953	822
136953	823
136953	824
136953	825
136953	826
136953	827
136953	829
136953	831
136953	832
136953	834
136953	837
136953	838
136953	839
136953	840
136953	844
136953	855
136953	858
136953	859
136953	860
136953	863
136953	864
136953	866
136953	868
136953	870
136953	871
136953	874
136953	876
136953	880
136953	881
136953	883
136953	885
136953	893
136953	895
136953	896
136953	897
136953	901
136953	906
136953	908
136953	910
136953	912
136953	916
136953	920
136953	925
136953	929
136953	930
136953	932
136953	940
136953	957
136953	959
136953	960
136953	964
136953	973
136953	975
136953	976
136953	978
136953	979
136953	1025
137467	830
137467	847
137467	883
137467	970
137467	985
137504	814
137504	869
137504	929
137504	940
137504	949
138950	857
138950	860
138950	862
138950	869
138950	881
138950	892
138950	922
138950	951
138950	969
138950	1001
138950	1025
139033	869
139033	901
139033	985
139033	1003
139033	1004
139033	1025
139033	1036
139033	1133
139650	873
139650	923
139650	1044
139650	1133
141168	814
141168	836
141168	883
141168	913
141168	920
141168	958
141168	971
141168	985
141168	1003
141168	1010
141168	1025
141168	1083
144296	850
144296	854
144296	859
144296	860
144296	868
144296	870
144296	871
144296	881
144296	885
144296	888
144296	892
144296	893
144296	895
144296	897
144296	901
144296	904
144296	905
144296	906
144296	912
144296	913
144296	915
144296	918
144296	925
144296	930
144296	932
144296	944
144459	839
144459	863
144459	879
144459	906
144459	929
144459	934
144459	1001
144459	1021
144913	827
144913	935
144913	989
144913	1001
144913	1037
144913	1057
144913	1059
144913	1102
144913	1143
145460	947
145460	960
145460	1044
147848	843
147848	846
147848	847
147848	849
147848	866
147848	872
147848	873
147848	876
147848	892
147848	898
147848	901
147848	911
147848	912
147848	913
147848	935
147848	941
147848	955
147848	956
147848	959
147848	970
147848	979
147848	982
147848	1089
147848	1133
147848	1167
147848	1386
147848	2081
147848	2692
147848	3322
147939	814
147939	846
147939	900
147939	947
147939	991
148237	814
148237	818
148237	836
148237	849
148237	904
148237	911
148237	928
148237	940
148237	949
148237	955
148237	963
148237	1003
148237	1004
148293	814
148293	846
148293	849
148293	889
148293	981
149516	980
151016	846
151016	855
151016	860
151016	880
151016	890
151016	922
151685	771
151685	772
151685	775
151685	776
151685	787
151685	788
151685	790
151685	792
151685	793
151685	798
151685	803
151685	806
151685	808
151685	809
151685	812
151685	814
151685	818
151685	823
151685	826
151685	836
151685	854
151685	860
151685	864
151685	868
151685	871
151685	873
151685	878
151685	880
151685	883
151685	901
151685	902
151685	906
151685	913
151685	922
151685	923
151685	927
151685	929
151685	932
151685	935
151685	937
151685	944
151685	951
151685	954
151685	958
151685	962
151685	964
151685	981
151685	983
151685	987
151685	989
151685	990
151685	992
151685	994
151685	997
151685	999
151685	1001
151685	1003
151685	1005
151685	1006
151685	1008
151685	1015
151685	1019
151685	1021
151685	1025
151685	1028
151685	1031
151685	1041
151685	1044
151685	1053
151685	1066
151685	1071
151685	1083
151685	1086
151685	1104
152331	776
152331	780
152331	782
152331	784
152331	785
152331	786
152331	787
152331	788
152331	798
152331	802
152331	803
152331	804
152331	805
152331	806
152331	807
152331	808
152331	809
152331	861
152331	866
152331	888
152331	891
152331	901
152331	902
152331	905
152331	906
152331	907
152331	909
152331	910
152331	911
152331	912
152331	913
152331	914
154558	784
154558	790
154558	795
154558	799
154558	801
154558	803
154558	809
154558	810
154558	812
154558	813
154558	814
154558	816
154558	818
154558	820
154558	822
154558	826
154558	829
154558	833
154558	837
154558	838
154558	842
154558	847
154558	859
154558	860
154558	861
154558	862
154558	865
154558	866
154558	870
154558	872
154558	873
154558	876
154558	879
154558	880
154558	882
154558	891
154558	892
154558	895
154558	896
154558	899
154558	901
154558	907
154558	909
154558	920
154558	921
155063	1025
158890	943
158890	1011
158890	1025
158890	1027
158890	1030
158890	1032
158890	1068
158890	1073
158890	1103
158890	1133
159912	827
159912	836
159912	843
159912	846
159912	847
159912	852
159912	862
159912	892
159912	913
159912	963
160024	819
160024	826
160024	853
160024	855
160024	858
160024	870
160024	904
160024	913
160024	916
160024	919
160024	920
160024	925
160024	945
160024	946
160024	949
160024	952
160024	953
160024	955
160024	957
160024	960
160024	987
160024	988
160024	991
160024	993
160024	995
160024	1012
160024	1013
160024	1151
161106	764
161106	765
161106	769
161106	771
161106	772
161106	774
161106	778
161106	780
161106	782
161106	785
161106	787
161106	788
161106	796
161106	797
161106	799
161106	800
161106	801
161106	827
161106	828
161106	843
161106	844
161106	848
161106	849
161106	857
161106	861
161106	866
161106	868
161106	871
161106	872
161106	875
161106	878
161106	880
161106	882
161106	883
161106	886
161106	889
161106	892
161333	774
161333	776
161333	780
161333	782
161333	786
161333	787
161333	788
161333	790
161333	792
161333	795
161333	799
161333	800
161333	801
161333	802
161333	803
161333	804
161333	812
161333	813
161333	814
161333	817
161333	818
161333	819
161333	820
161333	823
161333	824
161333	826
161333	829
161333	833
161333	836
161333	838
161333	840
161333	843
161333	844
161333	845
161333	846
161333	847
161333	848
161333	849
161333	850
161333	853
161333	860
161333	861
161333	862
161333	863
161333	868
161333	870
161333	871
161333	876
161333	877
161333	879
161333	880
161333	881
161333	882
161333	883
161333	885
161333	886
161333	887
161333	891
161333	892
161333	893
161333	894
161333	895
161333	897
161333	901
161333	902
161333	905
161333	906
161333	909
161333	910
161333	912
161333	975
161333	1025
161333	1044
161541	814
161541	818
161541	830
161541	833
161541	884
161541	910
161541	954
161541	958
161541	962
161541	964
161541	981
161541	997
161541	999
163175	803
163175	814
163175	852
163175	879
163175	902
163175	911
163175	921
163175	929
163175	937
163175	939
163175	949
163175	950
163175	960
163175	963
163175	980
163175	1024
163727	814
163727	818
163727	836
163727	846
163727	857
163727	869
163727	911
163727	929
163727	936
163727	940
163727	947
163727	955
163727	962
163727	963
163727	964
163727	981
163727	1001
163727	1044
164644	798
164644	806
164644	836
164644	865
164644	887
164644	889
164644	940
164644	964
164644	979
164644	981
164644	993
164644	997
165054	836
165054	846
165054	911
165054	913
165054	928
165054	936
165054	946
165054	948
165054	963
165054	977
165054	984
165054	1025
165054	1044
167435	818
167435	836
167435	846
167435	913
167435	1133
167649	775
167649	778
167649	780
167649	784
167649	787
167649	788
167649	790
167649	792
167649	799
167649	800
167649	813
167649	822
167649	823
167649	824
167649	827
167649	833
167649	840
167649	844
167649	847
167649	848
167649	849
167649	861
167649	862
167649	863
167649	866
167649	871
167649	874
167649	883
167649	886
167649	889
167649	896
167649	897
167649	898
167649	901
167649	903
167649	904
167649	905
167649	909
167649	910
167649	911
167649	912
167649	913
167649	920
167649	922
167649	941
167649	967
167649	971
167649	988
169665	769
169665	771
169665	772
169665	774
169665	775
169665	778
169665	780
169665	784
169665	785
169665	787
169665	788
169665	790
169665	792
169665	793
169665	798
169665	799
169665	801
169665	804
169665	807
169665	808
169665	810
169665	813
169665	814
169665	816
169665	817
169665	820
169665	821
169665	822
169665	824
169665	827
169665	828
169665	831
169665	832
169665	834
169665	836
169665	837
169665	840
169665	847
169665	852
169665	862
169665	868
169665	871
169665	874
169665	879
169665	883
169665	886
169665	888
169665	893
169665	896
169665	897
169665	899
169665	902
169665	903
169665	904
169665	906
169665	907
169665	911
169665	913
169665	919
169665	920
169665	922
169665	923
169665	926
169665	927
169665	930
169665	931
169665	932
169665	933
169665	935
169665	941
172863	811
172863	813
172863	816
172863	819
172863	822
172863	823
172863	825
172863	827
172863	829
172863	831
172863	832
172863	833
172863	834
172863	835
172863	837
172863	838
172863	839
172863	840
172863	841
172863	843
172863	844
172863	845
172863	847
172863	848
172863	849
172863	850
172863	852
172863	853
172863	854
172863	855
172863	856
172863	857
172863	858
172863	860
172863	861
172863	862
172863	863
172863	866
172863	870
172863	871
172863	872
172863	873
172863	874
172863	875
172863	876
172863	877
172863	880
172863	881
172863	882
172863	883
172863	884
172863	885
172863	886
172863	888
172863	892
172863	893
172863	895
172863	896
172863	897
172863	898
172863	901
172863	904
172863	906
172863	910
172863	912
172863	913
172863	918
172863	925
172863	927
172863	933
172863	935
172863	936
172863	938
172863	941
172863	945
172863	953
172863	956
172863	957
172863	958
172863	959
172863	969
172863	970
172863	972
172863	974
172863	975
172863	980
172863	981
172863	991
172863	999
172863	1020
172863	1025
172863	1027
172863	1042
172863	1101
172863	1168
172863	1257
172863	1816
172863	1876
172863	2050
172863	2215
175937	803
175937	810
175937	847
175937	849
175937	869
175937	872
175937	874
175937	884
175937	889
175937	899
175937	917
175937	920
175937	927
175937	936
175937	939
175937	948
175937	969
175937	984
175937	1001
175937	1044
175937	1071
176333	810
176333	818
176333	822
176333	838
176333	846
176333	847
176333	849
176333	850
176333	852
176333	866
176333	880
176333	889
176333	894
176333	899
176333	911
176333	913
176333	917
176333	919
176333	921
176333	922
176333	923
176333	934
176333	936
176333	939
176333	945
176333	946
176333	948
176333	949
176333	954
176333	957
176333	958
176333	959
176333	963
176333	964
176333	965
176333	977
176333	984
176333	989
176333	995
176333	997
176333	999
178196	824
178196	836
178196	846
178196	913
178196	940
178196	964
178196	1003
178196	1004
178196	1025
182008	869
182008	1001
182008	1004
182008	1021
182008	1025
182008	1028
182883	841
182883	843
182883	844
182883	850
182883	852
182883	861
182883	863
182883	866
182883	870
182883	877
182883	878
182883	881
182883	883
182883	885
182883	886
182883	891
182883	893
182883	895
182883	896
182883	897
182883	901
182883	905
182883	912
182883	913
182883	914
182883	919
182883	922
182883	923
182883	930
182883	935
182883	937
182883	938
182883	942
182883	946
182883	948
182883	953
182883	970
182883	973
182883	978
182883	980
182883	986
182883	991
182883	992
182883	996
182883	997
182883	998
182883	1000
182883	1003
184695	814
184695	818
184695	836
184695	846
184695	849
184695	852
184695	864
184695	887
184695	913
184695	915
184695	928
184695	929
184695	940
184695	943
184695	947
184695	963
184695	1004
185072	836
185072	846
185072	922
185072	936
185072	940
185072	951
185072	964
185072	980
185072	981
185072	997
185072	1001
185072	1003
185072	1004
185072	1008
185072	1010
185072	1025
185072	1027
185072	1028
185072	1029
185072	1044
185072	1060
185072	1073
187049	801
187049	810
187049	811
187049	814
187049	818
187049	822
187049	824
187049	830
187049	836
187049	838
187049	843
187049	846
187049	847
187049	848
187049	849
187049	852
187049	854
187049	856
187049	857
187049	858
187049	863
187049	869
187049	873
187049	883
187049	884
187049	886
187049	887
187049	888
187049	889
187049	890
187049	892
187049	894
187049	898
187049	901
187049	902
187049	911
187049	913
187049	915
187049	916
187049	917
187049	918
187049	920
187049	922
187049	926
187049	927
187049	928
187049	929
187049	930
187049	933
187049	935
187049	936
187049	939
187049	940
187049	943
187049	946
187049	947
187049	950
187049	953
187049	955
187049	957
187049	962
187049	963
187049	964
187049	966
187049	968
187049	969
187049	970
187049	971
187049	972
187049	975
187049	978
187049	980
187049	981
187049	982
187049	984
187049	987
187049	991
187049	993
187049	995
187049	997
187049	1000
187049	1001
188222	808
188222	861
188222	873
188222	892
188222	908
188222	960
188222	993
188222	997
188222	1001
188718	801
188718	829
188718	856
188718	869
188718	881
188718	883
188718	901
188718	950
188718	969
188718	989
188718	1001
188718	1044
188718	1101
188718	1772
188724	799
188724	801
188724	814
188724	819
188724	866
188724	873
188724	923
188724	970
188724	978
188948	810
188948	814
188948	818
188948	849
188948	884
188948	911
188948	960
188948	962
188948	964
188948	971
188948	972
188948	2049
189288	783
189288	810
189288	814
189288	817
189288	818
189288	846
189288	884
189288	893
189288	902
189288	917
189288	939
189288	940
189288	947
189288	954
189288	960
189288	980
189288	981
189978	801
189978	804
189978	815
189978	817
189978	819
189978	825
189978	834
189978	835
189978	836
189978	838
189978	841
189978	845
189978	848
189978	850
189978	853
189978	854
189978	858
189978	862
189978	863
189978	865
189978	873
189978	879
189978	881
189978	882
189978	884
189978	885
189978	887
189978	892
189978	897
189978	899
189978	902
189978	904
189978	905
189978	919
189978	925
189978	926
189978	937
191503	869
191503	883
191503	886
191503	894
191503	895
191503	922
191503	930
191503	957
191503	1001
191503	1044
191503	1284
191503	2362
191902	846
191902	869
191902	933
191902	1001
191902	1025
192992	813
192992	829
192992	835
192992	840
192992	845
192992	846
192992	850
192992	852
192992	853
192992	861
192992	862
192992	866
192992	871
192992	874
192992	877
192992	882
192992	889
192992	895
192992	899
192992	902
192992	904
192992	911
192992	912
192992	914
192992	918
192992	920
192992	925
192992	926
192992	935
192992	937
192992	940
192992	955
192992	957
192992	959
192992	960
192992	967
192992	968
192992	971
192992	974
192992	975
192992	978
192992	983
192992	988
192992	995
192992	997
192992	1000
194952	810
194952	836
194952	860
194952	869
194952	881
194952	896
194952	929
194952	943
194952	951
194952	965
194952	981
194952	1001
198256	818
198256	836
198256	845
198256	856
198256	863
198256	873
198256	876
198256	958
198256	962
198256	963
198256	971
198256	1021
199007	818
199007	822
199007	823
199007	826
199007	829
199007	832
199007	834
199007	835
199007	836
199007	839
199007	847
199007	849
199007	862
199007	978
199069	834
199069	836
199069	846
199069	883
199069	971
199069	980
199069	982
199069	1000
199339	857
199339	872
199339	951
199339	972
199339	1001
199339	1021
200126	810
200126	818
200126	827
200126	831
200126	846
200126	856
200126	911
200126	928
200126	936
200126	950
200126	963
200126	997
200126	999
200126	1044
200665	846
200665	939
200665	951
200665	969
200665	1025
200665	1044
200665	1073
201865	810
201865	811
201865	814
201865	818
201865	836
201865	839
201865	857
201865	902
201865	906
201865	949
201865	1025
203295	846
203295	869
203295	920
203295	929
203295	1004
203506	836
203506	913
203506	964
203506	1004
203506	1025
204895	846
204895	862
204895	869
204895	908
204895	922
204895	972
204895	980
204895	1021
206404	811
206404	824
206404	827
206404	834
206404	835
206404	836
206404	839
206404	841
206404	843
206404	852
206404	865
206404	885
206404	887
206404	888
206404	901
206404	902
206404	903
206404	911
206404	915
206404	918
206404	920
206404	922
206404	925
206404	941
206404	949
206404	951
206404	953
206404	954
206404	962
206404	964
206404	971
206404	976
206404	982
206404	983
206404	987
206404	989
206404	990
206404	1000
206404	1003
206404	1010
206404	1015
206404	1025
206404	1044
206557	857
206557	911
206557	917
206557	936
206557	951
206557	985
206557	1001
208070	810
208070	824
208070	836
208070	846
208070	862
208070	864
208070	886
208070	913
208070	936
208070	947
208070	1021
208598	810
208598	838
208598	846
208598	888
208598	913
208598	947
209308	836
209308	846
209308	869
209308	911
209308	913
209308	964
209308	981
209308	985
209308	986
209308	1001
209308	1003
209308	1004
209308	1021
209308	1025
209308	1035
209308	1036
209308	1044
209308	1073
209308	1133
209375	807
209375	836
209375	850
209375	856
209375	921
209375	940
209375	943
209375	971
211747	846
211747	913
211747	929
211747	963
211747	1004
211747	1025
211747	1044
211825	808
211825	831
211825	832
211825	839
211825	841
211825	857
211825	862
211825	864
211825	866
211825	869
211825	874
211825	893
211825	896
211825	928
211825	942
211825	977
211825	979
211825	983
211825	1766
213035	811
213035	834
213035	857
213035	869
213035	883
213035	884
213035	918
213035	972
214461	846
214461	869
214461	950
214461	1070
215493	804
215493	813
215493	814
215493	818
215493	823
215493	827
215493	828
215493	829
215493	833
215493	834
215493	835
215493	836
215493	840
215493	846
215493	849
215493	850
215493	852
215493	853
215493	857
215493	862
215493	866
215493	875
215493	882
215493	886
215493	887
215493	889
215493	891
215493	893
215493	895
215493	902
215493	904
215493	909
215493	911
215493	915
215493	920
215493	926
215493	927
215493	949
215493	962
215493	964
215493	1025
216738	883
216738	888
216738	936
216738	942
216738	946
216738	981
216738	985
216738	1066
216738	1083
216738	1104
217248	846
217248	847
217248	850
217248	857
217248	862
217248	899
217248	913
217248	915
217248	929
217248	943
217248	1044
217248	1205
217248	3007
217814	811
217814	814
217814	836
217814	846
217814	852
217814	857
217814	892
217814	902
217814	958
217814	962
217814	975
217814	976
217814	990
217814	1025
219202	850
219202	869
219202	872
219202	914
219202	917
219202	922
219202	939
219202	973
219202	1021
219202	1256
219369	964
219369	986
219369	1003
219369	1004
219369	1133
219516	757
219516	760
219516	764
219516	766
219516	769
219516	771
219516	772
219516	774
219516	778
219516	780
219516	782
219516	787
219516	788
219516	790
219516	792
219516	793
219516	798
219516	799
219516	801
219516	802
219516	803
219516	804
219516	805
219516	806
219516	807
219516	808
219516	809
219516	810
219516	812
219516	813
219516	814
219516	816
219516	817
219516	818
219516	819
219516	821
219516	822
219516	823
219516	824
219516	826
219516	827
219516	828
219516	829
219516	831
219516	833
219516	835
219516	836
219516	839
219516	840
219516	841
219516	842
219516	845
219516	847
219516	848
219516	849
219516	850
219516	853
219516	860
219516	861
219516	862
219516	864
219516	868
219516	870
219516	871
219516	872
219516	874
219516	877
219516	878
219516	879
219516	880
219516	882
219516	883
219516	886
219516	887
219516	891
219516	892
219516	893
219516	897
219516	899
219516	901
219516	902
219516	905
219516	906
219516	909
219516	910
219516	911
219516	912
219516	966
219516	1049
219516	1165
219719	799
219719	810
219719	818
219719	830
219719	846
219719	864
219719	884
219719	943
219719	949
219719	950
219719	978
219719	981
219719	985
219719	1025
219719	1044
221564	836
221564	852
221564	871
221564	887
221564	889
221564	921
221564	928
221564	938
221564	940
221564	954
221564	963
221564	976
221564	981
221564	991
221564	1003
221564	1004
221564	1010
221564	1011
221564	1044
221564	1095
221564	1105
221564	1168
221564	1306
221564	1650
221746	818
221746	844
221746	846
221746	858
221746	911
221746	913
221746	920
221746	929
221746	940
221746	963
221746	986
221746	988
221746	992
221746	995
221746	997
221746	999
221746	1004
222886	821
222886	822
222886	838
222886	857
222886	874
222886	875
222886	880
222886	883
222886	886
222886	894
222886	896
222886	915
222886	920
222886	939
222886	951
222886	954
222886	957
222886	965
222886	972
222886	973
222886	974
222886	975
222886	981
222886	989
222886	994
222886	1001
222886	1021
222886	1024
222886	1026
222886	1071
224073	836
224073	846
224073	857
224073	882
224073	911
224073	913
224073	947
224073	1003
224073	1025
224661	834
224661	843
224661	846
224661	847
224661	849
224661	850
224661	861
224661	862
224661	869
224661	875
224661	883
224661	884
224661	889
224661	892
224661	893
224661	895
224661	896
224661	901
224661	915
224661	922
224661	927
224661	928
224661	930
224661	940
224661	951
224661	958
224661	964
224661	969
224661	980
224661	982
224661	983
224661	986
224661	992
224661	995
224661	1004
224661	1015
224661	1025
224661	1028
224661	1426
225204	814
225204	846
225204	915
225204	929
226264	814
226264	818
226264	828
226264	836
226264	838
226264	843
226264	846
226264	851
226264	852
226264	857
226264	861
226264	869
226264	870
226264	876
226264	882
226264	886
226264	894
226264	898
226264	902
226264	911
226264	913
226264	922
226264	928
226264	929
226264	933
226264	936
226264	940
226264	943
226264	947
226264	950
226264	953
226264	955
226264	957
226264	963
226264	978
226264	980
226264	995
227249	810
227249	814
227249	816
227249	818
227249	849
227249	864
227249	889
227249	894
227249	914
227249	918
227249	940
227249	955
227249	960
227249	965
227249	974
227249	997
227249	1044
228053	818
228053	823
228053	824
228053	830
228053	836
228053	843
228053	844
228053	845
228053	846
228053	849
228053	872
228053	874
228053	877
228053	878
228053	880
228053	881
228053	887
228053	889
228053	891
228053	892
228053	893
228053	901
228053	902
228053	914
228053	915
228053	922
228053	937
228053	949
228053	955
228053	959
228053	967
228053	982
228053	1004
230291	849
230291	854
230291	884
230291	904
230291	1004
230291	1025
231583	811
231583	814
231583	857
231583	922
231583	929
231583	942
231583	960
231583	964
231583	981
231583	1025
231583	1044
232511	814
232511	846
232511	857
232511	869
232511	902
232511	911
232511	940
232511	963
232511	1133
233252	880
233252	882
233252	929
233252	952
233252	985
233739	832
233739	846
233739	936
233739	939
233739	1004
233739	1021
233739	1394
236270	810
236270	814
236270	817
236270	846
236270	869
236270	872
236270	929
236270	936
236270	944
236270	949
236270	950
236270	962
236270	963
236270	981
236270	1021
236270	1133
236270	1947
236493	814
236493	818
236493	824
236493	836
236493	838
236493	846
236493	857
236493	873
236493	883
236493	884
236493	889
236493	893
236493	907
236493	911
236493	913
236493	929
236493	936
236493	943
236493	947
236493	955
236493	960
236493	968
236493	971
236493	975
236493	980
236493	982
236493	984
236493	1025
236493	1133
236493	1227
237810	810
237810	814
237810	816
237810	818
237810	834
237810	849
237810	852
237810	866
237810	876
237810	883
237810	884
237810	889
237810	902
237810	906
237810	920
237810	921
237810	929
237810	947
237810	949
237810	952
237810	959
237810	960
237810	962
237810	964
237810	970
237810	981
237810	990
237810	997
237810	1003
237810	1024
237810	1028
237810	1035
237810	1104
240042	818
240042	830
240042	834
240042	865
240042	873
240042	876
240042	883
240042	906
240042	911
240042	920
240042	971
240042	983
240042	1000
240042	1075
240042	1133
240229	835
240229	846
240229	869
240229	873
240229	880
240229	888
240229	896
240229	906
240229	935
240229	937
240229	940
240229	947
240229	958
240229	959
240229	962
240229	963
240229	964
240229	975
240229	980
240229	986
240229	991
240229	1001
240229	1014
240229	1101
241441	981
242159	769
242159	771
242159	784
242159	795
242159	800
242159	807
242159	810
242159	816
242159	820
242159	821
242159	822
242159	823
242159	824
242159	828
242159	829
242159	831
242159	832
242159	834
242159	835
242159	837
242159	838
242159	839
242159	841
242159	844
242159	846
242159	847
242159	850
242159	853
242159	858
242159	861
242159	862
242159	865
242159	870
242159	871
242159	873
242159	874
242159	880
242159	883
242159	886
242159	889
242159	893
242159	894
242159	895
242159	896
242159	897
242159	899
242159	901
242159	907
242159	910
242159	912
242159	913
242159	918
242159	919
242159	922
242159	923
242159	925
242159	926
242159	927
242159	930
242159	932
242159	937
242159	938
242159	948
242159	949
242159	953
242159	956
242159	957
242159	960
242159	961
242159	962
242159	964
242159	965
242159	968
242159	973
242159	975
242159	978
242159	982
242159	983
242159	986
242159	987
242159	1028
243236	810
243236	836
243236	846
243236	883
243236	899
243236	913
243236	922
243236	925
243236	929
243236	940
243236	947
243236	963
243236	968
243236	981
243236	1003
246132	780
246132	786
246132	787
246132	790
246132	792
246132	793
246132	800
246132	801
246132	802
246132	806
246132	807
246132	808
246132	813
246132	816
246132	820
246132	822
246132	823
246132	837
246132	838
246132	839
246132	844
246132	847
246132	848
246132	850
246132	852
246132	854
246132	861
246132	864
246132	866
246132	868
246132	878
246132	883
246132	891
246132	896
246132	897
246132	901
246132	906
246132	907
246132	910
246132	915
246132	922
246132	923
246132	925
246632	803
246632	807
246632	808
246632	829
246632	831
246632	833
246632	839
246632	863
246632	865
246632	916
246632	929
246632	934
246632	940
246632	950
246632	978
248665	944
248665	987
248755	818
248755	836
248755	869
248755	892
248755	936
248755	1133
251084	807
251084	810
251084	811
251084	814
251084	816
251084	818
251084	821
251084	822
251084	824
251084	827
251084	834
251084	835
251084	836
251084	839
251084	841
251084	844
251084	846
251084	847
251084	848
251084	849
251084	852
251084	854
251084	857
251084	858
251084	861
251084	863
251084	864
251084	865
251084	869
251084	873
251084	874
251084	875
251084	876
251084	879
251084	880
251084	883
251084	884
251084	885
251084	887
251084	888
251084	889
251084	892
251084	894
251084	896
251084	898
251084	900
251084	901
251084	902
251084	903
251084	906
251084	907
251084	909
251084	911
251084	914
251084	915
251084	916
251084	918
251084	920
251084	921
251084	922
251084	926
251084	928
251084	929
251084	931
251084	934
251084	936
251084	939
251084	940
251084	941
251084	942
251084	943
251084	944
251084	946
251084	947
251084	948
251084	949
251084	950
251084	953
251084	955
251084	956
251084	957
251084	958
251084	960
251084	963
251084	964
251084	965
251084	966
251084	968
251084	969
251084	970
251084	971
251084	975
251084	976
251084	978
251084	979
251084	980
251084	981
251084	982
251084	983
251084	984
251084	986
251084	988
251084	990
251084	991
251084	994
251084	995
251084	997
251084	999
251084	1000
251084	1005
251084	1008
251084	1015
251084	1021
251084	1025
251084	1026
251084	1044
251084	1057
251084	1101
251407	822
251407	824
251407	827
251407	834
251407	836
251407	846
251407	847
251407	869
251407	880
251407	885
251407	892
251407	911
251407	920
251407	936
251407	954
251407	960
251407	962
251407	971
251407	976
251407	981
251407	982
251407	997
251407	1004
251407	1101
251940	811
251940	846
251940	847
251940	850
251940	861
251940	869
251940	906
251940	911
252984	822
252984	831
252984	852
252984	856
252984	865
252984	872
252984	883
252984	908
252984	921
252984	948
252984	964
252984	969
252984	979
252984	982
252984	983
254673	807
254673	810
254673	814
254673	816
254673	824
254673	827
254673	830
254673	832
254673	836
254673	848
254673	849
254673	857
254673	863
254673	864
254673	881
254673	884
254673	889
254673	893
254673	902
254673	903
254673	914
254673	916
254673	918
254673	926
254673	927
254673	929
254673	940
254673	943
254673	949
254673	966
254673	978
254673	993
255195	814
255195	827
255195	834
255195	836
255195	846
255195	849
255195	852
255195	854
255195	884
255195	886
255195	887
255195	894
255195	898
255195	911
255195	913
255195	918
255195	923
255195	928
255195	929
255195	940
255195	941
255195	955
255195	964
255195	976
255195	979
255195	981
255195	982
255377	857
255377	861
255377	869
255377	987
255377	1001
255377	1013
255377	1022
255377	1030
255377	1050
255377	1075
255377	1086
255377	1122
255693	891
255693	892
255693	923
255693	929
255693	934
255693	940
255693	948
255693	951
255693	956
255693	961
255693	965
255693	967
255693	968
255693	970
255693	971
255693	972
255693	978
255693	982
255693	997
255693	1042
255693	1045
255961	869
255961	929
255961	933
255961	981
255961	986
255961	993
255961	1004
255961	1025
255961	1044
255961	1133
256126	846
256126	857
256126	911
256126	1001
256126	1004
258734	814
258734	911
258734	940
258734	1004
259847	880
259847	898
259847	911
259847	922
259847	923
259847	935
259847	936
259847	937
259847	940
259847	942
259847	948
259847	964
259847	974
259847	997
259847	1025
259847	1035
259952	810
259952	814
259952	816
259952	821
259952	836
259952	846
259952	848
259952	849
259952	850
259952	860
259952	865
259952	869
259952	872
259952	875
259952	881
259952	900
259952	901
259952	917
259952	919
259952	923
259952	928
259952	929
259952	933
259952	936
259952	943
259952	946
259952	950
259952	954
259952	955
259952	958
259952	963
259952	969
259952	980
259952	997
259952	1001
259952	1004
259952	1021
259952	1101
261982	836
261982	857
261982	869
261982	1044
262445	810
262445	824
262445	836
262445	847
262445	857
262445	869
262445	889
262445	911
262445	922
262445	936
262445	937
262445	940
262445	949
262445	963
262445	1025
262726	911
263454	869
263454	892
263454	951
263454	1025
263454	1133
263856	829
263856	831
263856	832
263856	837
263856	846
263856	848
263856	853
263856	860
263856	862
263856	864
263856	865
263856	868
263856	870
263856	873
263856	874
263856	876
263856	886
263856	891
263856	893
263856	897
263856	899
263856	906
263856	907
263856	912
263856	916
263856	919
263856	937
263856	938
263856	942
264025	814
264025	818
264025	830
264025	846
264025	847
264025	849
264025	856
264025	857
264025	869
264025	884
264025	887
264025	889
264025	894
264025	895
264025	911
264025	923
264025	929
264025	936
264025	940
264025	943
264025	950
264025	963
264025	968
264025	978
264025	990
264025	1003
264025	1095
264025	1123
264025	1182
264025	1295
264025	1542
264090	817
264090	827
264090	834
264090	854
264090	858
264090	864
264090	868
264090	869
264090	876
264090	892
264090	902
264090	903
264090	904
264090	922
264135	852
264135	857
264135	860
264135	861
264135	869
264135	871
264135	880
264135	883
264135	885
264135	886
264135	888
264135	890
264135	894
264135	895
264135	896
264135	898
264135	901
264135	911
264135	913
264135	921
264135	922
264135	925
264135	928
264135	929
264135	930
264135	932
264135	933
264135	935
264135	938
264135	941
264135	942
264135	944
264135	946
264135	947
264135	951
264135	952
264135	954
264135	958
264135	960
264135	962
264135	963
264135	964
264135	965
264135	968
264135	970
264135	971
264135	972
264135	973
264135	976
264135	977
264135	980
264135	981
264135	983
264135	985
264135	986
264135	987
264135	988
264135	989
264135	990
264135	991
264135	992
264135	994
264135	995
264135	996
264135	997
264135	998
264135	999
264135	1000
264135	1001
264135	1002
264135	1003
264135	1004
264135	1005
264135	1006
264135	1007
264135	1008
264135	1009
264135	1010
264135	1011
264135	1012
264135	1013
264135	1015
264135	1016
264135	1017
264135	1018
264135	1019
264135	1020
264135	1021
264135	1022
264135	1023
264135	1024
264135	1025
264135	1026
264135	1027
264135	1028
264135	1029
264135	1030
264135	1031
264135	1032
264135	1034
264135	1035
264135	1036
264135	1037
264135	1038
264135	1040
264135	1041
264135	1042
264135	1043
264135	1044
264135	1046
264135	1047
264135	1048
264135	1049
264135	1052
264135	1053
264135	1054
264135	1056
264135	1057
264135	1058
264135	1059
264135	1060
264135	1061
264135	1063
264135	1064
264135	1066
264135	1067
264135	1070
264135	1071
264135	1073
264135	1075
264135	1076
264135	1080
264135	1082
264135	1083
264135	1085
264135	1086
264135	1089
264135	1098
264135	1100
264135	1101
264135	1102
264135	1104
264135	1110
264135	1113
264135	1122
264135	1129
264135	1131
264135	1139
264135	1141
264135	1143
264490	811
264490	814
264490	818
264490	849
264490	874
264490	883
264490	889
264490	893
264490	906
264490	954
264490	994
264490	1028
266031	836
266031	846
266031	929
266031	955
266031	963
266031	981
266031	985
266031	1003
266031	1010
266031	1025
266031	1030
266031	1038
266356	833
266356	950
266356	954
266356	958
266356	959
266837	801
266837	836
266837	846
266837	869
266837	886
266837	911
266837	924
266837	936
266837	943
266837	947
266837	955
266837	963
266837	1001
266837	1011
266837	1021
266837	1025
266837	1044
266837	1054
266837	1133
267590	814
267590	817
267590	830
267590	883
267590	902
267590	909
267590	916
267590	921
267590	928
267590	929
267590	949
267590	955
267590	981
267783	767
267783	860
267783	869
267783	922
267783	969
268762	846
268762	850
268762	936
268762	940
268762	963
268762	1004
268762	1348
268762	2362
268891	814
268891	854
268891	857
268891	869
268891	884
268891	903
268891	911
268891	913
268891	926
268891	936
268891	943
268891	951
268891	982
268891	1003
268891	1025
268891	1044
268891	1073
268991	838
268991	889
268991	911
268991	913
268991	928
268991	964
268991	1004
268991	1023
268991	1025
268991	1133
269720	836
269720	846
269720	854
269720	869
269720	911
269720	913
269720	951
269720	953
269720	980
269720	981
269720	985
269720	997
269720	1001
269720	1003
269720	1004
269720	1025
269720	1027
269720	1029
269720	1030
269720	1038
269720	1060
269720	1143
271089	846
271089	848
271089	869
271089	872
271089	873
271089	922
271089	929
271089	939
271089	957
271089	980
271966	835
271966	862
271966	863
271966	880
271966	887
271966	900
271966	914
271966	917
271966	923
271966	927
271966	935
271966	937
271966	939
271966	945
271966	950
271966	965
271966	966
271966	969
271966	972
271966	979
271966	980
271966	999
271966	1024
271976	810
271976	817
271976	846
271976	857
271976	872
271976	888
271976	951
271976	1025
272179	834
272179	847
272179	876
272179	883
272179	911
272179	946
272179	950
272179	954
272179	977
272179	995
272179	999
272179	1001
272805	943
272805	946
273258	864
273258	869
273258	946
273258	980
273258	1044
273691	836
273691	846
273691	862
273691	869
273691	911
273691	913
273691	922
273691	936
273691	969
273691	1001
274161	836
274161	843
274161	851
274161	857
274161	861
274161	871
274161	882
274161	888
275246	833
275246	834
275246	875
275246	906
275246	915
275246	920
275246	958
275246	985
275246	1025
276034	846
276034	852
276034	869
276034	904
276034	909
276034	921
276034	928
276034	929
276034	940
276034	960
276034	963
276034	965
276034	971
276034	973
276034	979
276034	981
276034	983
276034	994
276034	997
276034	1001
276034	1015
276034	1025
277439	814
277439	846
277439	880
277439	987
277439	1004
277439	1101
277439	1133
278559	817
278559	819
278559	820
278559	822
278559	825
278559	834
278559	849
278559	854
278559	873
278559	891
278559	892
278559	899
278559	901
278559	919
278559	920
278559	930
278559	941
278559	960
278559	970
278559	1001
281734	771
281734	774
281734	776
281734	798
281734	799
281734	801
281734	806
281734	807
281734	809
281734	810
281734	812
281734	814
281734	816
281734	817
281734	818
281734	819
281734	823
281734	826
281734	827
281734	829
281734	835
281734	838
281734	841
281734	843
281734	874
281734	877
281734	878
281734	879
281734	880
281734	882
281734	886
281734	887
281734	892
281734	895
281734	898
281734	901
281734	902
281734	909
281734	911
281734	918
281734	920
281734	923
281734	926
281734	927
281734	935
281734	937
281734	945
281734	946
282486	846
282486	869
282486	883
282486	888
282486	911
282486	913
282486	939
282486	963
282486	1001
282486	1044
282486	1133
284565	911
284565	913
284565	928
284565	960
284565	970
284565	985
284565	1004
284565	1025
290703	814
290703	836
290703	846
290703	852
290703	887
290703	939
290703	943
290703	954
290703	964
290703	985
290703	989
290703	997
290703	1044
290977	810
290977	814
290977	834
290977	836
290977	846
290977	849
290977	856
290977	857
290977	862
290977	869
290977	881
290977	883
290977	884
290977	899
290977	902
290977	922
290977	923
290977	927
290977	939
290977	940
290977	943
290977	948
290977	950
290977	952
290977	954
290977	962
290977	977
290977	986
290977	1001
290977	1004
290977	1044
290977	1133
292663	809
292663	810
292663	811
292663	814
292663	816
292663	817
292663	818
292663	819
292663	834
292663	836
292663	838
292663	839
292663	848
292663	849
292663	852
292663	860
292663	864
292663	866
292663	869
292663	874
292663	880
292663	883
292663	884
292663	889
292663	892
292663	893
292663	902
292663	914
292663	915
292663	916
292663	917
292663	923
292663	925
292663	932
292663	933
292663	936
292663	938
292663	940
292663	947
292663	953
292663	963
292663	979
292663	982
292663	983
292663	1024
294461	951
294461	980
294461	981
294461	997
294461	1001
294461	1004
294461	1011
294461	1030
294461	1038
294461	1044
294461	1046
294461	1047
294461	1060
294461	1143
296242	816
296242	856
296242	892
296242	893
296242	895
296242	911
296242	915
296242	921
296242	947
296242	1004
296242	1133
296244	1025
297061	810
297061	825
297061	831
297061	832
297061	836
297061	838
297061	861
297061	884
297061	885
297061	888
297061	889
297061	897
297061	908
297061	929
297061	939
297061	955
297061	956
297061	970
297061	986
297061	1025
297623	857
297623	922
297623	929
297623	936
297623	947
297623	949
297623	951
297623	955
297623	975
298825	814
298825	818
298825	846
298825	857
298825	911
298825	940
298825	969
299210	818
299210	822
299210	824
299210	836
299210	858
299210	908
299210	928
299210	939
299210	943
299210	976
299210	1003
299210	1044
299210	1122
299884	902
299884	926
299884	928
299884	938
299884	947
299884	962
299884	963
299884	965
299884	997
299884	1004
299884	1010
300562	760
300562	771
300562	775
300562	776
300562	778
300562	780
300562	785
300562	787
300562	788
300562	793
300562	795
300562	796
300562	797
300562	798
300562	800
300562	801
300562	802
300562	804
300562	807
300562	813
300562	814
300562	815
300562	823
300562	825
300562	826
300562	831
300562	841
300562	842
300562	846
300562	847
300562	850
300562	852
300562	853
300562	856
300562	861
300562	865
300562	866
300562	868
300562	870
300562	871
300562	874
300562	876
300562	880
300562	882
300562	883
300562	886
300562	889
300562	891
300562	893
300562	895
300562	896
300562	897
300562	899
300562	901
300562	902
300562	903
300562	904
300562	906
300562	907
300562	910
300562	911
300562	915
300562	925
300562	930
300562	932
300562	942
300562	964
301487	814
301487	836
301487	913
301487	1044
301487	1133
302110	803
302110	805
302110	806
302110	807
302110	808
302110	809
302110	810
302110	812
302110	813
302110	814
302110	817
302110	818
302110	819
302110	822
302110	823
302110	824
302110	826
302110	827
302110	829
302110	833
302110	835
302110	836
302110	840
302110	841
302110	842
302110	844
302110	848
302110	854
302110	864
302110	869
302110	870
302110	880
302110	883
302110	902
302110	903
302110	924
302110	927
302110	941
302110	965
302110	972
302488	771
302488	772
302488	775
302488	783
302488	785
302488	786
302488	787
302488	788
302488	800
302488	803
302488	805
302488	810
302488	812
302488	818
302488	822
302488	823
302488	826
302488	829
302488	838
302488	854
302488	858
302488	860
302488	863
302488	866
302488	896
302488	897
302488	912
302488	914
302488	931
302645	777
302645	799
302645	808
302645	817
302645	818
302645	834
302645	836
302645	838
302645	846
302645	847
302645	849
302645	883
302645	893
302645	929
302645	940
302645	955
302645	963
302645	1023
302645	1033
302645	2195
302645	2932
303269	810
303269	814
303269	818
303269	824
303269	827
303269	836
303269	843
303269	849
303269	852
303269	855
303269	857
303269	862
303269	873
303269	874
303269	880
303269	885
303269	887
303269	889
303269	894
303269	902
303269	904
303269	909
303269	915
303269	916
303269	918
303269	920
303269	921
303269	928
303269	929
303269	940
303269	943
303269	949
303269	950
303269	962
303269	963
303269	978
303269	987
303269	997
303269	1001
305182	788
305182	815
305182	822
305182	864
305182	873
305182	920
305182	979
305182	993
305182	997
305182	1000
306282	814
306282	818
306282	822
306282	834
306282	846
306282	847
306282	849
306282	852
306282	857
306282	860
306282	861
306282	869
306282	873
306282	876
306282	880
306282	889
306282	892
306282	893
306282	901
306282	906
306282	913
306282	917
306282	920
306282	922
306282	926
306282	928
306282	929
306282	932
306282	952
306282	954
306282	956
306282	958
306282	962
306282	964
306282	965
306282	971
306282	977
306282	980
306282	982
306282	986
306282	990
306282	994
306282	995
306282	997
306282	1000
306282	1002
306282	1004
306282	1010
306282	1015
306282	1021
306282	1025
306282	1026
306282	1028
306282	1035
306282	1040
306282	1042
306282	1043
306282	1044
306282	1076
306282	1086
306282	1101
306688	808
306688	810
306688	814
306688	818
306688	824
306688	827
306688	832
306688	834
306688	836
306688	846
306688	849
306688	852
306688	864
306688	869
306688	879
306688	887
306688	889
306688	902
306688	904
306688	909
306688	911
306688	920
306688	922
306688	926
306688	940
306688	943
306688	955
306688	963
306688	964
306688	978
306688	979
306688	981
306688	984
306688	997
306688	1035
307201	758
307201	760
307201	761
307201	769
307201	771
307201	780
307201	782
307201	785
307201	787
307201	790
307201	792
307201	796
307201	797
307201	799
307201	800
307201	803
307201	806
307201	807
307201	809
307201	812
307201	813
307201	818
307201	820
307201	821
307201	822
307201	823
307201	824
307201	828
307201	831
307201	832
307201	833
307201	835
307201	836
307201	838
307201	839
307201	840
307201	841
307201	844
307201	847
307201	848
307201	850
307201	851
307201	861
307201	862
307201	865
307201	874
307201	880
307201	882
307201	883
307201	894
307201	896
307201	897
307201	901
307201	902
307201	906
307201	907
307201	909
307201	910
307201	912
307201	915
307201	918
307201	919
307201	926
307201	927
307201	930
307201	932
307201	938
307201	939
307201	945
307201	952
307201	964
307201	968
307201	973
307201	975
307201	976
307201	983
307706	830
307706	836
307706	843
307706	846
307706	851
307706	857
307706	862
307706	865
307706	869
307706	881
307706	886
307706	927
307706	928
307706	936
307706	943
307706	955
307706	958
307706	990
308453	812
308453	813
308453	814
308453	817
308453	818
308453	820
308453	821
308453	824
308453	827
308453	828
308453	832
308453	834
308453	835
308453	837
308453	838
308453	839
308453	844
308453	846
308453	861
308453	864
308453	865
308453	868
308453	871
308453	874
308453	878
308453	880
308453	882
308453	883
308453	886
308453	889
308453	892
308453	893
308453	894
308453	896
308453	897
308453	901
308453	902
308453	903
308453	906
308453	907
308453	910
308453	911
308453	915
308453	919
308453	926
308453	927
308453	930
308453	935
308453	938
308453	957
308834	759
308834	778
308834	780
308834	782
308834	785
308834	787
308834	788
308834	790
308834	792
308834	796
308834	797
308834	798
308834	800
308834	801
308834	803
308834	804
308834	805
308834	806
308834	807
308834	808
308834	809
308834	810
308834	812
308834	813
308834	814
308834	816
308834	817
308834	818
308834	819
308834	821
308834	823
308834	824
308834	826
308834	827
308834	834
308834	835
308834	836
308834	838
308834	839
308834	840
308834	841
308834	844
308834	845
308834	847
308834	848
308834	849
308834	850
308834	854
308834	858
308834	862
308834	864
308834	870
308834	874
308834	876
308834	877
308834	879
308834	882
308834	889
308834	893
308834	897
308834	899
308834	902
308834	912
308834	914
308834	918
308834	919
308834	926
308834	937
308834	940
308834	956
308834	975
309162	824
309162	846
309162	852
309162	854
309162	857
309162	862
309162	869
309162	892
309162	895
309162	904
309162	911
309162	928
309162	940
309162	943
309162	946
309162	947
309162	951
309162	955
309162	962
309162	963
309162	964
309162	981
309162	997
309162	999
309162	1001
309162	1003
309162	1009
309162	1010
309162	1021
309162	1025
309162	1044
309926	836
309926	869
309926	911
309926	1004
309926	1006
309926	1021
309926	1025
309926	1026
309926	1035
309926	1044
309926	1057
309926	1133
310354	785
310354	798
310354	807
310354	810
310354	813
310354	814
310354	816
310354	817
310354	818
310354	821
310354	822
310354	823
310354	824
310354	827
310354	834
310354	835
310354	836
310354	839
310354	840
310354	841
310354	843
310354	844
310354	847
310354	849
310354	850
310354	854
310354	860
310354	862
310354	863
310354	864
310354	865
310354	871
310354	872
310354	874
310354	876
310354	877
310354	879
310354	880
310354	881
310354	882
310354	883
310354	884
310354	886
310354	887
310354	889
310354	892
310354	893
310354	894
310354	895
310354	899
310354	901
310354	902
310354	903
310354	904
310354	906
310354	907
310354	909
310354	911
310354	912
310354	913
310354	914
310354	915
310354	916
310354	917
310354	918
310354	919
310354	920
310354	921
310354	922
310354	923
310354	925
310354	926
310354	927
310354	929
310354	930
310354	932
310354	933
310354	935
310354	937
310354	938
310354	939
310354	940
310354	942
310354	943
310354	944
310354	945
310354	946
310354	948
310354	949
310354	950
310354	951
310354	952
310354	956
310354	962
310354	963
310354	965
310354	966
310354	967
310354	968
310354	972
310354	973
310354	974
310354	975
310354	976
310354	978
310354	979
310354	980
310354	981
310354	982
310354	983
310354	984
310354	987
310354	988
310354	990
310354	992
310354	999
310354	1001
310354	1026
310354	1071
310354	1101
310461	872
310461	947
310499	997
310499	1001
310499	1004
310499	1070
312108	814
312108	836
312108	894
312108	911
312108	913
312108	920
312108	929
312108	933
312108	936
312108	953
312108	963
312108	981
312108	982
312108	1025
312108	1133
312497	802
312497	804
312497	806
312497	807
312497	808
312497	809
312497	810
312497	811
312497	814
312497	816
312497	817
312497	818
312497	819
312497	820
312497	821
312497	822
312497	823
312497	824
312497	826
312497	827
312497	829
312497	831
312497	832
312497	835
312497	836
312497	837
312497	838
312497	839
312497	841
312497	845
312497	846
312497	850
312497	852
312497	860
312497	861
312497	862
312497	864
312497	866
312497	868
312497	869
312497	870
312497	871
312497	874
312497	876
312497	877
312497	878
312497	879
312497	880
312497	881
312497	882
312497	883
312497	885
312497	886
312497	891
312497	892
312497	893
312497	894
312497	895
312497	896
312497	898
312497	901
312497	902
312497	905
312497	906
312497	907
312497	909
312497	911
312497	912
312497	913
312497	919
312497	921
312497	932
312497	938
312497	948
312497	953
312497	956
312497	957
312497	960
312497	966
312497	1025
313893	857
313893	860
313893	880
313893	923
313893	1015
313893	1024
313893	1025
313893	1044
314302	846
314302	857
314302	942
314302	1035
314302	1133
315749	814
315749	818
315749	836
315749	846
315749	852
315749	864
315749	884
315749	921
315749	929
315749	952
315749	964
315749	1004
315749	1025
316528	801
316528	860
316528	906
316528	923
316528	933
316528	952
316528	1001
316528	1027
316528	1047
318503	818
318503	821
318503	827
318503	838
318503	839
318503	844
318503	848
318503	852
318503	854
318503	858
318503	864
318503	874
318503	880
318503	883
318503	885
318503	888
318503	889
318503	892
318503	893
318503	894
318503	899
318503	900
318503	903
318503	911
318503	914
318503	922
318503	923
318503	925
318503	928
318503	931
318503	934
318503	936
318503	941
318503	942
318503	943
318503	944
318503	945
318503	949
318503	955
318503	956
318503	963
318503	966
318503	968
318503	973
318503	975
318503	977
318503	994
318503	995
318503	1008
318503	1019
318503	1024
318503	1025
318503	1044
318503	1057
318503	1071
318503	1086
318503	1101
318518	1011
318993	814
318993	818
318993	821
318993	824
318993	830
318993	834
318993	838
318993	843
318993	844
318993	847
318993	849
318993	854
318993	856
318993	858
318993	861
318993	864
318993	873
318993	875
318993	876
318993	880
318993	883
318993	884
318993	886
318993	892
318993	895
318993	898
318993	901
318993	906
318993	911
318993	913
318993	915
318993	923
318993	925
318993	927
318993	928
318993	930
318993	931
318993	941
318993	947
318993	950
318993	953
318993	954
318993	957
318993	958
318993	959
318993	970
318993	971
318993	978
318993	981
318993	982
318993	983
318993	990
318993	994
318993	995
318993	997
318993	999
318993	1000
318993	1004
318993	1006
318993	1009
318993	1014
318993	1019
318993	1026
318993	1028
318993	1035
318993	1040
318993	1042
318993	1104
318993	1133
318993	1269
319194	830
319194	833
319194	881
319194	887
319194	929
319194	964
319194	978
319194	997
320537	790
320537	800
320537	802
320537	803
320537	807
320537	808
320537	809
320537	810
320537	813
320537	821
320537	822
320537	824
320537	828
320537	829
320537	830
320537	833
320537	834
320537	836
320537	842
320537	846
320537	847
320537	849
320537	850
320537	854
320537	858
320537	861
320537	864
320537	866
320537	870
320537	871
320537	874
320537	877
320537	878
320537	880
320537	882
320537	883
320537	886
320537	887
320537	889
320537	891
320537	892
320537	893
320537	894
320537	895
320537	902
320537	904
320537	905
320537	912
320537	960
321036	810
321036	814
321036	818
321036	846
321036	864
321036	903
321036	911
321036	940
321036	943
321036	947
321036	949
321036	978
321036	1004
321235	807
321235	814
321235	822
321235	827
321235	830
321235	846
321235	847
321235	857
321235	869
321235	911
321235	929
321235	936
321235	940
321235	947
321235	951
321235	963
321235	978
321235	1004
321235	1044
321346	930
321346	971
321346	983
321348	814
321348	824
321348	834
321348	836
321348	838
321348	844
321348	846
321348	849
321348	862
321348	884
321348	887
321348	893
321348	906
321348	911
321348	919
321348	929
321348	940
321348	963
321348	971
321348	981
321348	985
321348	1004
321348	1044
321348	1133
321491	855
321491	862
321491	869
321491	881
321491	890
321491	912
321491	922
321491	969
321491	997
322216	801
322216	815
322216	826
322216	853
322216	868
322216	871
322216	873
322216	878
322216	921
322465	814
322465	816
322465	821
322465	822
322465	823
322465	824
322465	829
322465	830
322465	832
322465	833
322465	836
322465	837
322465	838
322465	840
322465	845
322465	849
322465	853
322465	870
322465	874
322465	881
322465	884
322465	889
322465	891
322465	897
322465	902
322465	910
322465	912
322465	914
322465	915
322465	926
322465	927
322465	940
322465	1025
322465	1044
322465	2474
322531	785
322531	796
322531	798
322531	799
322531	800
322531	801
322531	803
322531	804
322531	805
322531	806
322531	808
322531	812
322531	813
322531	828
322531	832
322531	840
322531	853
322531	855
322531	857
322531	868
322531	870
322531	878
322531	886
322531	890
322531	894
322531	905
322531	912
322531	914
322531	921
322531	942
322531	950
322531	952
322531	977
322531	989
322531	992
322531	1001
322531	1024
322531	1057
324280	814
324280	830
324280	846
324280	852
324280	887
324280	911
324280	913
324280	920
324280	940
324280	950
324280	1044
325823	814
325823	929
325823	964
325823	1073
326002	814
326002	818
326002	830
326002	833
326002	877
326002	911
326002	913
326002	936
326002	963
326002	965
326002	1044
326768	922
326768	950
326768	954
326768	1021
326768	1057
326915	997
326915	1060
326915	1073
327130	798
327130	807
327130	810
327130	814
327130	818
327130	819
327130	821
327130	824
327130	827
327130	834
327130	835
327130	836
327130	838
327130	846
327130	847
327130	849
327130	850
327130	852
327130	854
327130	858
327130	860
327130	861
327130	865
327130	866
327130	873
327130	880
327130	883
327130	884
327130	887
327130	888
327130	889
327130	892
327130	893
327130	894
327130	896
327130	899
327130	900
327130	902
327130	907
327130	910
327130	915
327130	918
327130	920
327130	921
327130	922
327130	923
327130	925
327130	926
327130	928
327130	929
327130	930
327130	940
327130	941
327130	942
327130	943
327130	946
327130	947
327130	949
327130	952
327130	954
327130	955
327130	956
327130	957
327130	958
327130	959
327130	960
327130	962
327130	963
327130	964
327130	968
327130	970
327130	971
327130	972
327130	975
327130	979
327130	981
327130	982
327130	983
327130	989
327130	992
327130	997
327130	1000
327130	1001
327130	1024
327130	1101
327999	869
327999	904
329126	841
329126	903
330387	846
330387	847
330387	883
330387	913
330387	948
330387	977
330387	981
330387	1046
330387	1189
330407	814
330407	818
330407	821
330407	824
330407	827
330407	836
330407	844
330407	849
330407	852
330407	880
330407	883
330407	884
330407	889
330407	892
330407	895
330407	902
330407	903
330407	904
330407	911
330407	915
330407	926
330407	930
330407	947
330407	949
330407	963
330407	982
332101	1025
332101	1133
332204	846
332204	911
332204	948
332204	1000
332204	1025
332204	1044
332346	813
332346	814
332346	816
332346	821
332346	823
332346	826
332346	827
332346	832
332346	833
332346	837
332346	838
332346	848
332346	849
332346	852
332346	853
332346	858
332346	862
332346	864
332346	865
332346	874
332346	882
332346	884
332346	887
332346	888
332346	889
332346	891
332346	893
332346	897
332346	902
332346	905
332346	914
332346	916
332346	918
332346	949
332346	957
332346	966
332346	967
334571	884
334571	911
334571	913
334705	836
334705	923
334705	940
334998	860
334998	922
334998	943
334998	946
334998	947
334998	995
334998	1284
334998	2326
