1750	2585
1750	2590
1750	2593
1750	2597
1750	2626
1750	2671
1750	2682
1750	2688
1750	2693
1750	2759
1791	2553
1791	2621
1791	2653
1791	2670
1791	2691
1791	2694
1791	2705
1791	2730
2068	2608
2068	2611
2068	2632
2068	2641
2068	2642
2068	2665
2068	2669
2068	2678
2068	2682
2068	2693
2068	2711
2068	2731
3306	2559
3306	2565
3306	2576
3306	2593
3306	2596
3306	2597
3306	2600
3306	2608
3306	2611
3306	2618
3306	2626
3306	2639
3306	2641
3306	2643
3306	2661
3306	2666
3306	2668
3306	2675
3306	2679
3306	2682
3306	2685
3306	2688
3306	2691
3306	2693
3306	2700
3306	2705
3306	2720
3306	2722
3306	2731
3306	2759
3306	2762
3651	2522
3651	2593
3651	2597
3651	2605
3651	2641
3651	2648
3651	2695
3651	2700
3651	2741
3651	2787
3651	2796
3651	2813
3892	2576
3892	2578
3892	2580
3892	2590
3892	2597
3892	2610
3892	2614
3892	2618
3892	2626
3892	2639
3892	2641
3892	2666
3892	2685
3892	2700
3892	2718
3892	2720
4805	2585
4805	2608
4805	2612
4805	2651
4805	2666
4805	2707
4805	2762
4966	2562
4966	2565
4966	2605
4966	2626
4966	2634
4966	2663
4966	2666
4966	2684
4966	2700
4966	2709
4966	2710
4966	2718
4966	2719
4966	2729
4966	2747
6237	2596
6237	2719
6237	2787
6237	2796
6648	2580
6648	2585
6648	2688
6648	2718
6648	2730
6690	2576
6690	2578
6690	2580
6690	2590
6690	2593
6690	2598
6690	2606
6690	2608
6690	2611
6690	2612
6690	2634
6690	2643
6690	2650
6690	2657
6690	2665
6690	2666
6690	2672
6690	2678
6690	2684
6690	2685
6690	2693
6690	2694
6690	2695
6690	2697
6690	2699
6690	2730
6690	2739
6935	2663
6935	2682
6935	2688
6935	2709
6935	2718
7146	2639
7146	2695
7146	2710
7146	2718
7146	2729
7146	2741
7146	2787
7146	2796
7490	2658
7490	2659
7490	2666
7490	2670
7490	2673
7490	2695
7490	2796
7784	2537
7784	2563
7784	2642
7784	2672
7808	2625
7808	2664
7808	2682
7808	2685
7808	2688
7808	2697
7808	2700
7808	2708
7808	2709
7808	2710
7808	2713
7808	2718
7808	2719
7808	2720
7808	2732
7808	2733
7808	2741
7808	2745
7808	2761
7808	2774
7808	2775
7808	2777
7808	2783
7808	2784
7808	2785
7808	2792
7808	2796
7808	2852
7886	2585
7886	2597
7886	2616
7886	2619
7886	2626
7886	2630
7886	2641
7886	2642
7886	2654
7886	2657
7886	2668
7886	2682
7886	2685
7886	2686
7886	2687
7886	2688
7886	2692
7886	2700
7886	2709
7886	2718
7886	2759
9386	2520
9386	2521
9386	2523
9386	2524
9386	2527
9386	2528
9386	2530
9386	2534
9386	2543
9386	2545
9386	2549
9386	2551
9386	2557
9386	2558
9386	2559
9386	2564
9386	2568
9386	2572
9386	2576
9386	2585
9386	2586
9386	2587
9386	2589
9386	2595
9386	2600
9386	2601
9386	2606
9386	2607
9386	2609
9386	2610
9386	2614
9386	2615
9386	2617
9386	2618
9386	2619
9386	2621
9386	2622
9386	2623
9386	2625
9386	2630
9386	2631
9386	2632
9386	2638
9386	2641
9386	2643
9386	2646
9386	2647
9386	2649
9386	2653
9386	2654
9919	2597
9919	2625
9919	2641
9919	2682
9919	2688
9919	2700
9919	2709
9919	2714
10031	2544
10031	2576
10031	2585
10031	2593
10031	2597
10031	2622
10031	2626
10031	2634
10031	2649
10031	2659
10031	2663
10031	2675
10031	2693
10031	2695
10031	2704
10031	2759
10223	2553
10223	2557
10223	2559
10223	2563
10223	2567
10223	2573
10223	2577
10223	2589
10223	2590
10223	2592
10223	2593
10223	2599
10223	2613
10223	2615
10223	2619
10223	2620
10223	2627
10223	2629
10223	2630
10223	2631
10223	2642
10223	2656
10223	2659
10223	2663
10223	2664
10223	2667
10223	2668
10223	2669
10223	2670
10223	2673
10223	2683
10223	2686
10252	2622
10252	2639
10252	2644
10252	2682
10252	2684
10252	2685
10252	2688
10252	2693
10252	2698
10252	2700
10252	2706
10252	2718
10252	2731
10252	2732
10252	2744
10252	2759
10252	2813
10252	2829
11945	2576
11945	2611
11945	2639
11945	2688
11945	2722
12604	2585
12604	2672
12604	2796
13361	2576
13361	2663
13361	2682
13361	2695
13361	2757
13361	2759
15947	2576
15947	2639
15947	2643
15947	2665
15947	2688
16033	2641
16339	2539
16339	2546
16339	2553
16339	2555
16339	2561
16339	2564
16339	2569
16339	2571
16339	2578
16339	2584
16339	2595
16339	2597
16339	2600
16339	2608
16339	2610
16339	2613
16339	2615
16339	2620
16339	2626
16339	2627
16339	2639
16339	2644
16339	2647
16339	2648
16339	2649
16339	2653
16339	2656
16339	2658
16339	2671
16339	2677
16339	2681
16339	2690
16339	2692
16339	2695
16339	2705
16339	2725
16339	2796
16339	2802
16385	2616
16385	2618
16385	2625
16385	2626
16385	2632
16385	2639
16385	2641
16385	2666
16385	2684
16385	2730
16385	2739
16385	2796
17064	2578
17064	2593
17064	2663
17064	2668
17064	2673
17064	2675
17064	2679
17064	2682
17064	2695
17064	2718
17064	2722
17064	2752
17064	2762
18825	2648
18825	2694
19141	2693
19141	2698
19141	2710
19141	2719
19141	2722
19141	2741
20447	2585
20447	2593
20447	2598
20447	2603
20447	2611
20447	2614
20447	2618
20447	2619
20447	2622
20447	2626
20447	2632
20447	2655
20447	2657
20447	2663
20447	2679
20447	2682
20447	2684
20447	2693
20447	2699
20447	2700
20447	2708
20447	2709
20447	2714
20447	2718
20447	2719
20447	2720
20447	2722
20447	2733
20447	2750
20447	2787
20447	2796
23192	2607
23192	2622
23192	2626
23192	2639
23192	2641
23192	2682
23192	2688
23192	2693
23192	2694
23192	2700
23192	2705
23192	2718
23192	2759
23192	2787
23192	2796
24134	2559
24134	2576
24134	2593
24134	2596
24134	2597
24134	2626
24134	2637
24134	2639
24134	2655
24134	2666
24134	2694
24134	2720
24134	2759
24134	2774
24217	2608
24217	2643
24217	2660
24371	2597
24371	2608
24371	2614
24371	2616
24371	2626
24371	2639
24371	2643
24371	2647
24371	2651
24371	2654
24371	2655
24371	2658
24371	2661
24371	2663
24371	2664
24371	2665
24371	2669
24371	2670
24371	2673
24371	2675
24371	2677
24371	2680
24371	2682
24371	2683
24371	2684
24371	2687
24371	2692
24371	2695
24371	2696
24371	2700
24371	2703
24371	2706
24371	2707
24371	2709
24371	2712
24371	2718
24371	2719
24371	2720
24371	2722
24371	2733
24371	2750
24371	2753
24371	2759
24371	2775
24371	2787
24371	2788
24371	2791
24371	2795
24371	2796
24371	2866
26712	2551
26712	2559
26712	2574
26712	2580
26712	2585
26712	2589
26712	2590
26712	2595
26712	2597
26712	2610
26712	2615
26712	2616
26712	2622
26712	2630
26712	2632
26712	2638
26712	2647
26712	2648
26712	2656
26712	2668
26712	2692
26712	2699
26712	2720
27321	2608
27321	2659
27321	2682
27321	2688
27321	2695
27321	2725
27501	2641
27501	2674
27501	2686
27501	2739
29255	2537
29255	2538
29255	2553
29255	2554
29255	2555
29255	2556
29255	2557
29255	2559
29255	2563
29255	2564
29255	2567
29255	2568
29255	2569
29255	2572
29255	2573
29255	2574
29255	2576
29255	2578
29255	2579
29255	2580
29255	2581
29255	2587
29255	2593
29255	2601
29255	2613
29255	2615
29255	2617
29255	2627
29255	2631
29255	2634
29255	2645
29255	2648
29255	2649
29255	2653
29778	2626
29778	2639
29778	2643
29778	2644
29778	2663
29778	2682
29778	2688
29778	2693
29778	2695
29778	2698
29778	2700
29778	2705
29778	2711
29778	2718
29778	2757
29778	2762
29778	2774
30733	2644
30733	2658
30733	2663
33540	2549
33540	2576
33540	2580
33540	2604
33540	2637
33540	2652
34154	2597
34154	2609
34154	2626
34154	2639
34154	2682
34154	2693
34154	2695
34154	2700
34154	2709
34154	2718
34154	2720
34154	2722
34154	2744
34154	2762
34154	2774
34154	2775
34154	2787
34154	2796
34611	2551
34611	2565
34611	2608
34611	2619
34611	2647
34611	2679
35478	2526
35478	2531
35478	2540
35478	2543
35478	2546
35478	2548
35478	2551
35478	2553
35478	2555
35478	2559
35478	2563
35478	2567
35478	2572
35478	2573
35478	2575
35478	2578
35478	2581
35478	2585
35478	2588
35478	2589
35478	2593
35478	2595
35478	2596
35478	2597
35478	2607
35478	2612
35478	2613
35478	2615
35478	2617
35478	2618
35478	2619
35478	2622
35478	2625
35478	2627
35478	2629
35478	2630
35478	2632
35478	2638
35478	2642
35478	2647
35478	2651
35713	2643
35713	2645
35713	2665
35713	2682
35713	2695
35713	2722
35966	2565
35966	2576
35966	2593
35966	2596
35966	2611
35966	2626
35966	2639
35966	2641
35966	2682
35966	2688
36790	2626
36790	2639
36790	2682
36790	2709
36790	2718
37043	2562
37043	2571
37043	2579
37043	2590
37043	2593
37043	2608
37043	2621
37043	2626
37043	2641
37043	2695
38013	2556
38013	2558
38013	2563
38013	2589
38013	2593
38013	2596
38013	2599
38013	2600
38013	2605
38013	2606
38013	2610
38013	2617
38013	2620
38013	2621
38013	2628
38013	2629
38013	2634
38013	2642
38013	2646
38013	2649
38013	2656
38013	2662
38013	2664
38013	2668
38013	2672
38013	2676
38013	2677
38013	2683
38013	2725
38013	2731
38479	2576
38479	2577
38479	2578
38479	2590
38479	2593
38479	2596
38479	2597
38479	2598
38479	2599
38479	2603
38479	2605
38479	2606
38479	2607
38479	2608
38479	2609
38479	2610
38479	2611
38479	2614
38479	2616
38479	2619
38479	2622
38479	2625
38479	2626
38479	2628
38479	2631
38479	2638
38479	2639
38479	2641
38479	2642
38479	2643
38479	2644
38479	2645
38479	2647
38479	2650
38479	2651
38479	2658
38479	2659
38479	2661
38479	2664
38479	2665
38479	2668
38479	2669
38479	2670
38479	2671
38479	2673
38479	2675
38479	2677
38479	2678
38479	2680
38479	2682
38479	2683
38479	2686
38479	2687
38479	2688
38479	2689
38479	2690
38479	2692
38479	2693
38479	2694
38479	2695
38479	2696
38479	2699
38479	2705
38479	2707
38479	2709
38479	2711
38479	2717
38479	2718
38479	2720
38479	2722
38479	2724
38479	2730
38479	2740
38479	2752
38479	2757
38479	2770
38479	2774
38479	2810
39142	2684
39142	2689
39142	2711
39142	2718
39275	2597
39275	2608
39275	2665
39275	2682
39275	2717
39275	2718
39275	2722
39275	2787
40242	2534
40242	2543
40242	2544
40242	2548
40242	2549
40242	2562
40242	2579
40242	2585
40242	2589
40242	2595
40242	2606
40242	2608
40242	2638
40242	2654
40556	2609
40556	2626
40556	2641
40556	2666
40556	2675
40556	2688
40556	2698
40556	2709
40556	2718
40556	2719
40963	2578
40963	2612
40963	2618
40963	2662
40963	2665
40963	2678
40963	2698
40963	2741
40963	2796
43096	2581
43096	2618
43096	2666
43096	2688
43362	2553
43362	2597
43362	2600
43362	2601
43362	2607
43362	2609
43362	2610
43362	2615
43362	2616
43362	2619
43362	2620
43362	2621
43362	2625
43362	2627
43362	2631
43362	2632
43362	2634
43362	2639
43362	2642
43362	2643
43362	2644
43362	2645
43362	2647
43362	2649
43362	2651
43362	2653
43362	2654
43362	2655
43362	2656
43362	2657
43362	2658
43362	2659
43362	2660
43362	2663
43362	2664
43362	2667
43362	2668
43362	2669
43362	2670
43362	2671
43362	2673
43362	2676
43362	2677
43362	2680
43362	2683
43362	2686
43362	2688
43362	2689
48570	2622
48570	2643
48570	2666
48570	2682
48570	2718
48570	2759
49279	2565
49279	2576
49279	2578
49279	2590
49279	2593
49279	2597
49279	2611
49279	2627
49279	2643
49279	2644
49279	2663
49279	2670
49279	2678
49279	2682
49279	2696
49279	2707
49279	2711
49279	2722
49279	2736
49508	2578
49508	2608
49508	2610
49508	2621
49508	2632
49508	2647
49508	2658
49508	2662
49508	2671
49508	2677
49508	2678
49508	2680
49508	2690
49508	2695
49508	2705
49508	2722
49508	2762
49763	2682
49763	2694
49939	2534
49939	2536
49939	2537
49939	2542
49939	2543
49939	2546
49939	2550
49939	2554
49939	2556
49939	2558
49939	2572
49939	2573
49939	2574
49939	2583
49939	2595
49939	2597
49939	2627
49939	2631
49939	2634
49939	2638
49939	2639
49939	2641
49939	2645
49939	2647
49939	2649
49939	2651
49939	2656
49939	2658
50354	2550
50354	2553
50354	2557
50354	2561
50354	2563
50354	2564
50354	2568
50354	2569
50354	2571
50354	2572
50354	2576
50354	2577
50354	2579
50354	2580
50354	2586
50354	2587
50354	2589
50354	2590
50354	2591
50354	2592
50354	2594
50354	2595
50354	2596
50354	2597
50354	2598
50354	2599
50354	2600
50354	2601
50354	2605
50354	2606
50354	2607
50354	2614
50354	2615
50354	2617
50354	2619
50354	2620
50354	2622
50354	2624
50354	2625
50354	2627
50354	2629
50354	2630
50354	2631
50354	2632
50354	2634
50354	2638
50354	2642
50354	2643
50354	2644
50354	2645
50354	2646
50354	2647
50354	2648
50354	2654
50354	2655
50354	2656
50354	2659
50354	2661
50354	2663
50354	2664
50354	2667
50354	2668
50354	2669
50354	2671
50354	2676
50354	2680
50354	2681
50714	2638
50714	2648
50714	2658
50714	2677
51394	2607
51394	2626
51394	2639
51394	2659
51394	2663
51394	2666
51394	2675
51394	2682
51394	2686
51394	2688
51394	2693
51394	2695
51394	2697
51394	2700
51394	2709
51394	2718
51394	2719
51394	2720
51394	2722
51394	2744
51394	2762
51394	2774
51394	2775
51394	2796
51408	2585
51408	2622
51408	2626
51408	2639
51408	2641
51408	2688
51408	2695
51408	2700
51408	2709
51408	2718
51408	2719
51408	2722
51408	2759
51566	2559
51566	2562
51566	2576
51566	2577
51566	2580
51566	2590
51566	2593
51566	2596
51566	2597
51566	2600
51566	2602
51566	2603
51566	2610
51566	2612
51566	2625
51566	2626
51566	2628
51566	2639
51566	2641
51566	2651
51566	2653
51566	2654
51566	2655
51566	2663
51566	2664
51566	2666
51566	2669
51566	2678
51566	2679
51566	2680
51566	2682
51566	2684
51566	2685
51566	2686
51566	2688
51566	2691
51566	2692
51566	2694
51566	2696
51566	2698
51566	2700
51566	2704
51566	2706
51566	2708
51566	2709
51566	2710
51566	2718
51566	2719
51566	2720
51566	2725
51566	2731
51566	2733
51566	2739
51566	2744
51566	2752
51566	2753
51566	2774
51566	2775
51566	2791
51566	2796
51581	2643
51581	2644
51581	2655
51581	2657
51581	2658
51581	2661
51581	2664
51581	2665
51581	2669
51581	2670
51581	2679
51581	2680
51581	2682
51581	2685
51581	2686
51581	2692
51581	2694
51581	2697
51581	2709
51581	2711
51581	2722
51581	2759
54970	2585
54970	2597
54970	2598
54970	2608
54970	2615
54970	2619
54970	2630
54970	2639
54970	2641
54970	2651
54970	2657
54970	2659
54970	2666
54970	2668
54970	2686
54970	2692
54970	2695
54970	2698
54970	2700
54970	2739
54970	2796
55063	2561
55063	2596
55063	2597
55063	2598
55063	2605
55063	2607
55063	2608
55063	2609
55063	2611
55063	2612
55063	2614
55063	2616
55063	2619
55063	2621
55063	2622
55063	2625
55063	2626
55063	2631
55063	2638
55063	2639
55063	2641
55063	2642
55063	2643
55063	2644
55063	2645
55063	2651
55063	2654
55063	2655
55063	2657
55063	2658
55063	2661
55063	2662
55063	2664
55063	2665
55063	2668
55063	2670
55063	2673
55063	2675
55063	2677
55063	2678
55063	2680
55063	2684
55063	2686
55063	2690
55063	2693
55063	2705
55063	2707
55063	2717
55063	2759
55063	2762
55401	2666
55401	2679
55401	2739
55634	2559
55634	2576
55634	2580
55634	2585
55634	2596
55634	2597
55634	2618
55634	2626
55634	2639
55634	2641
55634	2682
55634	2684
55634	2688
55634	2693
55634	2695
55634	2709
55634	2720
55828	2626
55828	2666
55828	2674
55828	2718
55828	2759
55828	2796
56783	2596
56783	2626
56783	2639
56783	2682
56783	2688
56783	2718
56783	2722
57311	2523
57311	2524
57311	2525
57311	2526
57311	2527
57311	2528
57311	2529
57311	2538
57311	2540
57311	2541
57311	2546
57311	2554
57311	2559
57311	2564
57311	2567
57311	2569
57311	2570
57311	2572
57311	2576
57311	2580
57311	2583
57311	2585
57311	2587
57311	2589
57311	2592
57311	2595
57311	2601
57311	2602
57311	2605
57311	2606
57311	2609
57311	2614
57311	2615
57311	2616
57311	2619
57311	2623
57311	2631
57311	2634
57311	2637
57311	2638
57311	2639
57311	2641
57311	2643
57311	2644
57311	2648
57311	2649
57311	2653
58236	2641
58236	2663
58236	2682
58236	2718
59154	2593
59154	2608
59154	2626
59154	2639
59154	2682
59154	2688
59154	2718
59154	2762
59266	2576
59266	2597
59266	2616
59266	2626
59266	2639
59266	2682
59266	2688
59266	2693
59266	2698
59266	2700
59266	2718
59323	2597
59323	2611
59323	2666
59323	2686
59323	2693
59323	2695
59323	2719
59323	2787
59733	2576
59733	2577
59733	2580
59733	2590
59733	2593
59733	2596
59733	2597
59733	2599
59733	2606
59733	2614
59733	2618
59733	2628
59733	2631
59733	2650
59733	2666
59733	2688
59733	2739
59733	2752
59733	2759
60244	2682
60244	2688
60244	2695
60244	2698
60244	2700
60244	2710
60244	2718
60244	2719
60244	2741
60244	2787
60244	2796
60244	3153
60597	2597
60597	2626
60597	2639
60597	2644
60597	2659
60597	2682
60597	2700
60597	2718
60597	2719
60597	2750
60597	2774
60597	2775
60597	2796
60986	2559
60986	2565
60986	2576
60986	2585
60986	2597
60986	2634
60986	2648
60986	2684
60986	2733
61760	2576
61760	2611
61760	2641
61760	2682
61760	2718
61892	2539
61892	2542
61892	2544
61892	2551
61892	2559
61892	2568
61892	2573
61892	2588
61892	2597
61892	2608
61892	2613
61892	2615
61892	2622
61892	2628
61892	2642
62161	2608
62161	2666
62161	2678
62341	2576
62341	2580
62341	2590
62341	2596
62341	2598
62341	2599
62341	2607
62341	2610
62341	2618
62341	2622
62341	2628
62341	2638
62341	2639
62341	2654
62341	2658
62341	2659
62341	2664
62341	2672
62341	2675
62341	2680
62341	2683
62341	2691
62341	2692
62341	2700
62341	2731
62341	2759
63772	2611
63772	2643
63772	2711
63772	2762
64080	2700
64080	2712
64080	2733
64829	2585
64829	2626
64829	2641
64829	2665
64829	2700
65398	2550
65398	2555
65398	2556
65398	2558
65398	2559
65398	2563
65398	2564
65398	2568
65398	2579
65398	2581
65398	2583
65398	2589
65398	2595
65398	2600
65398	2602
65398	2607
65398	2609
65398	2612
65398	2614
65398	2616
65398	2617
65398	2618
65398	2624
65398	2638
65398	2639
65398	2641
65398	2642
65398	2643
65398	2645
65398	2647
65398	2649
65398	2651
65398	2654
65398	2695
66068	2576
66068	2593
66068	2719
66068	2731
66068	2774
66068	2993
66068	3288
67353	2576
67353	2577
67353	2597
67353	2609
67353	2628
67353	2682
67353	2730
67353	2739
67461	2585
67461	2596
67461	2597
67461	2608
67461	2611
67461	2616
67461	2618
67461	2619
67461	2622
67461	2626
67461	2632
67461	2639
67461	2643
67461	2644
67461	2651
67461	2654
67461	2655
67461	2657
67461	2659
67461	2663
67461	2664
67461	2666
67461	2668
67461	2669
67461	2675
67461	2677
67461	2679
67461	2682
67461	2683
67461	2684
67461	2685
67461	2686
67461	2690
67461	2691
67461	2692
67461	2693
67461	2694
67461	2695
67461	2697
67461	2700
67461	2702
67461	2703
67461	2706
67461	2707
67461	2709
67461	2711
67461	2714
67461	2718
67461	2719
67461	2720
67461	2722
67461	2727
67461	2730
67461	2731
67461	2739
67461	2744
67461	2759
67461	2762
67461	2770
67461	2775
67461	2796
67976	2577
67976	2678
67976	2693
67976	2705
67976	2707
69326	2585
69326	2685
69326	2694
69326	2697
69367	2593
69367	2598
69367	2606
69367	2610
69367	2682
69367	2695
70527	2553
70527	2585
70527	2603
70527	2608
70527	2630
70527	2637
70527	2639
70527	2647
70527	2653
70527	2686
70527	2693
70527	2695
70527	2700
70527	2710
70527	2718
70527	2719
70527	2774
70527	2796
70725	2585
70725	2596
70725	2597
70725	2607
70725	2608
70725	2612
70725	2626
70725	2641
70725	2657
70725	2679
70725	2682
70725	2686
70725	2691
70725	2693
70725	2696
70725	2697
70725	2698
70725	2700
70725	2703
70725	2714
70725	2717
70725	2720
70725	2730
70725	2731
70725	2772
70725	2776
70725	2813
74146	2608
74146	2628
74146	2642
74146	2658
74146	2670
74146	2678
74146	2705
74146	3221
74146	3253
74489	2608
74489	2679
74489	2691
75277	2596
75277	2597
75277	2608
75277	2616
75277	2619
75277	2621
75277	2622
75277	2626
75277	2639
75277	2647
75277	2655
75277	2658
75277	2665
75277	2675
75277	2677
75277	2679
75277	2682
75277	2686
75277	2695
75277	2700
75277	2714
75277	2787
75729	2537
75729	2553
75729	2559
75729	2565
75729	2570
75729	2591
75729	2593
75729	2598
75729	2600
75729	2605
75729	2610
75729	2615
75729	2617
75729	2634
75729	2644
75729	2648
75729	2650
75729	2656
75729	2662
75729	2686
75729	2725
75729	2791
75729	3060
75729	3338
76710	2548
76710	2549
76710	2555
76710	2567
76710	2574
76710	2578
76710	2579
76710	2581
76710	2583
76710	2585
76710	2609
76710	2617
76710	2632
76710	2643
76710	2648
76710	2654
76710	2655
76770	2576
76770	2580
76770	2593
76770	2596
76770	2597
76770	2614
76770	2616
76770	2622
76770	2626
76770	2632
76770	2639
76770	2662
76770	2684
76770	2688
76770	2752
76903	2594
76903	2600
76903	2619
76903	2639
76903	2643
76903	2644
76903	2653
76903	2655
76903	2658
76903	2661
76903	2664
76903	2666
76903	2669
76903	2670
76903	2675
76903	2679
76903	2690
76903	2693
76903	2695
76903	2699
76903	2720
76903	2759
76903	2762
77722	2531
77722	2533
77722	2537
77722	2540
77722	2542
77722	2543
77722	2548
77722	2549
77722	2550
77722	2561
77722	2564
77722	2568
77722	2569
77722	2571
77722	2573
77722	2578
77722	2583
77722	2585
77722	2589
77722	2595
77722	2600
77722	2602
77722	2606
77722	2609
77722	2610
77722	2614
77722	2616
77722	2617
77722	2619
77722	2620
77722	2621
77722	2625
77722	2626
77722	2629
77722	2630
77722	2631
77722	2632
77722	2638
77722	2643
77722	2645
77735	2605
77735	2706
77735	2714
77735	2772
77735	2780
77735	2816
79123	2631
79123	2669
79123	2682
79123	2688
79123	2693
79123	2718
79123	2722
80640	2598
80640	2614
80640	2622
80640	2632
80640	2643
80640	2658
80640	2662
80640	2665
80640	2668
80640	2673
80640	2678
80640	2680
80640	2685
80640	2686
80640	2690
80640	2692
80640	2695
80640	2696
80640	2699
80640	2717
80640	2721
80640	2724
80640	2727
80640	2732
80640	2735
80640	2744
80640	2746
80640	2762
80640	2777
80640	2787
80640	2829
80640	2852
83962	2576
83962	2578
83962	2585
83962	2590
83962	2593
83962	2596
83962	2682
83962	2688
83962	2700
83962	2718
83962	2719
83962	2774
84151	2688
84151	2700
85202	2566
85202	2611
85202	2622
85202	2662
85202	2671
86243	2590
86243	2593
86243	2596
86243	2606
86243	2618
86243	2639
86243	2679
86243	2682
86243	2720
86809	2562
86809	2609
86809	2611
86809	2612
86809	2630
86809	2643
86809	2679
86809	2711
87923	2585
87923	2597
87923	2608
87923	2611
87923	2626
87923	2639
87923	2641
87923	2644
87923	2647
87923	2661
87923	2664
87923	2665
87923	2670
87923	2682
87923	2684
87923	2688
87923	2693
87923	2694
87923	2696
87923	2698
87923	2711
87923	2719
87923	2762
87923	2796
89465	2622
89465	2688
89465	2693
89465	2787
90015	2551
90015	2557
90015	2559
90015	2579
90015	2593
90015	2597
90015	2615
90015	2616
90015	2626
90015	2634
90015	2637
90015	2638
90015	2639
90015	2641
90015	2647
90015	2653
90015	2656
90015	2673
90015	2679
90015	2680
90015	2686
90015	2697
90015	2720
92675	2562
92675	2593
92675	2611
92675	2615
92675	2644
92675	2663
92675	2678
92675	2699
92675	2705
92675	2711
92675	2722
94173	2597
94173	2616
94173	2618
94173	2626
94173	2634
94173	2641
94173	2648
94528	2608
94528	2612
94528	2622
94528	2639
94528	2641
94528	2643
94528	2665
94528	2669
94528	2678
94528	2699
94528	2710
94528	2720
95924	2608
95924	2665
95924	2688
95924	2700
95924	2710
95924	2762
95947	2597
95947	2605
95947	2626
95947	2639
95947	2682
95947	2684
95947	2688
95947	2695
95947	2698
95947	2700
95947	2709
95947	2718
95947	2787
95947	2796
95947	2813
96523	2530
96523	2533
96523	2537
96523	2546
96523	2547
96523	2551
96523	2553
96523	2554
96523	2557
96523	2558
96523	2561
96523	2568
96523	2573
96523	2574
96523	2576
96523	2586
96523	2587
96523	2589
96523	2591
96523	2593
96523	2594
96523	2595
96523	2597
96523	2598
96523	2613
96523	2619
96523	2624
96523	2631
96523	2639
96523	2646
96523	2647
96523	2653
96523	2657
96523	2658
96523	2660
96523	2661
96523	2663
96523	2664
96523	2667
96523	2668
96523	2670
96523	2671
96523	2677
96523	2688
96523	2693
96523	2694
96523	2698
96523	2700
96523	2703
96523	2704
96523	2709
96523	2711
96523	2715
96523	2716
96523	2718
96523	2724
96523	2745
96523	2752
96523	2756
96523	2757
96523	2759
96523	2762
96523	2770
96523	2845
96523	3320
97254	2576
97254	2585
97254	2593
97254	2641
97254	2685
97254	2686
97254	2693
97254	2695
98300	2597
99994	2564
99994	2572
99994	2573
99994	2600
99994	2601
99994	2620
99994	2623
99994	2627
99994	2632
99994	2663
99994	2664
99994	2666
99994	2667
99994	2696
101035	2559
101035	2563
101035	2564
101035	2568
101035	2569
101035	2570
101035	2572
101035	2574
101035	2575
101035	2576
101035	2577
101035	2578
101035	2579
101035	2580
101035	2585
101035	2587
101035	2588
101035	2590
101035	2593
101035	2594
101035	2595
101035	2597
101035	2599
101035	2600
101035	2601
101035	2602
101035	2605
101035	2607
101035	2609
101035	2610
101035	2611
101035	2615
101035	2618
101035	2619
101035	2621
101035	2625
101035	2626
101035	2628
101035	2630
101035	2631
101035	2632
101035	2639
101035	2641
101035	2642
101035	2644
101035	2645
101035	2646
101035	2647
101035	2648
101035	2649
101035	2650
101035	2651
101035	2653
101035	2654
101035	2657
101035	2658
101035	2659
101035	2661
101035	2664
101035	2669
101035	2671
101035	2673
101035	2674
101035	2675
101035	2678
101035	2687
101035	2697
101035	2725
101035	2736
102218	2596
102218	2611
102218	2726
102218	2728
102431	2525
102431	2532
102431	2539
102431	2554
102431	2559
102431	2561
102431	2562
102431	2571
102431	2572
102431	2587
102431	2592
102431	2602
102431	2608
102431	2610
102431	2611
102431	2612
102431	2613
102431	2616
102431	2628
102431	2639
102431	2641
102431	2643
102431	2644
102431	2645
102431	2665
102431	2670
102431	2676
102431	2686
102431	2693
102431	2700
102431	2704
102431	2705
102431	2711
102431	2756
102431	2824
102431	2890
103576	2641
103576	2693
103576	2711
106844	2597
106844	2608
106844	2619
106844	2651
106844	2669
106844	2679
106844	2684
106844	2688
106844	2694
106844	2718
106844	2731
106844	2752
106844	2762
107086	2578
107086	2593
107086	3056
107155	2576
107155	2648
110238	2586
110238	2643
110238	2665
110238	2694
110238	2696
110238	2705
110510	2535
110510	2589
110510	2591
110510	2607
110510	2609
110510	2610
110510	2613
110510	2614
110510	2615
110510	2618
110510	2619
110510	2620
110510	2622
110510	2625
110510	2627
110510	2631
110510	2632
110510	2634
110510	2639
110510	2645
110510	2646
110510	2648
110510	2649
110510	2699
110510	3015
110545	2590
110545	2637
110545	2656
110545	2700
110545	2732
111058	2597
111058	2618
111058	2632
111058	2666
111058	2679
111058	2700
111058	2720
111290	2589
111290	2596
111290	2600
111290	2602
111290	2606
111290	2614
111290	2615
111290	2616
111290	2617
111290	2619
111290	2620
111290	2621
111290	2624
111290	2625
111290	2626
111290	2627
111290	2629
111290	2630
111290	2631
111290	2632
111290	2638
111290	2639
111290	2641
111290	2643
111290	2649
111290	2656
111290	2657
111290	2659
111290	2660
111290	2662
111290	2667
111290	2668
111290	2669
111290	2682
111290	2683
111290	2686
111290	2690
112430	2597
112430	2616
112430	2626
112430	2639
112430	2659
112430	2677
112430	2682
112430	2688
112430	2694
112430	2711
112430	2718
112430	2719
112430	2720
112430	2813
112430	2951
113007	2596
113007	2605
113007	2626
113007	2639
113007	2682
113007	2714
113173	2576
113173	2580
113173	2590
113173	2596
113173	2598
113173	2662
113173	2682
113173	2688
113173	2796
113217	2561
113217	2563
113217	2564
113217	2567
113217	2569
113217	2580
113217	2655
113217	2659
113217	2668
113217	2669
113217	2685
113217	2692
113217	2697
114161	2577
114161	2593
114161	2597
114161	2599
114161	2618
114161	2632
114161	2641
114161	2659
114161	2666
114161	2679
114161	2682
114161	2720
114161	2739
114161	2774
114908	2649
114908	2688
114908	2693
114908	2694
114908	2699
114908	2700
114908	2709
114908	2718
116322	2597
116322	2639
116322	2682
116322	2688
116322	2707
116322	2711
116322	2718
118125	2586
118125	2598
118125	2617
118125	2630
118125	2657
118125	2659
118125	2665
118320	2612
118320	2626
118320	2688
118320	2700
118320	2762
118476	2576
118476	2597
118476	2626
118476	2639
118476	2661
118476	2700
118476	2718
118522	2597
118522	2598
118522	2607
118522	2608
118522	2609
118522	2611
118522	2619
118522	2630
118522	2631
118522	2639
118522	2641
118522	2663
118522	2680
118522	2682
118522	2686
118522	2688
118522	2693
118522	2694
118522	2695
118522	2696
118522	2697
118522	2710
118522	2711
118522	2722
118522	2730
118522	2759
118522	2810
121103	2576
121103	2596
121103	2597
121103	2622
121103	2626
121103	2639
121103	2673
121103	2682
121103	2685
121103	2688
121103	2689
121103	2695
121103	2696
121103	2700
121103	2709
121103	2710
124345	2659
124345	2661
124345	2664
124345	2691
124345	2719
124345	2795
126485	2622
126485	2625
126485	2639
126485	2682
126485	2684
126485	2688
126485	2702
126485	2710
126485	2713
126485	2718
126485	2720
126485	2722
126485	2724
126485	2744
126485	2750
126485	2774
126485	2775
126485	2781
126485	2783
126485	2787
126485	2796
126606	2551
126606	2565
126606	2622
126606	2639
126606	2654
126606	2680
126606	2682
126606	2683
126606	2685
126606	2686
126606	2695
126606	2697
126606	2699
126606	2711
126606	2720
126606	2729
126623	2622
126623	2643
126623	2644
126623	2645
126623	2707
126623	2711
126623	2762
126623	2787
127739	2585
127739	2600
127739	2612
127739	2616
127739	2626
127739	2639
127739	2641
127739	2648
127739	2682
127739	2688
127739	2718
127739	2740
127771	2553
127771	2580
127771	2605
127771	2607
127771	2641
127771	2642
127771	2643
127771	2644
127771	2647
127771	2651
127771	2656
127771	2662
127771	2666
127771	2668
127771	2669
127771	2675
127771	2676
127771	2691
127771	2692
127771	2694
127771	2699
127771	2730
129511	2551
129511	2559
129511	2563
129511	2569
129511	2572
129511	2573
129511	2577
129511	2581
129511	2583
129511	2585
129511	2586
129511	2593
129511	2597
129511	2602
129511	2608
129511	2612
129511	2614
129511	2615
129511	2617
129511	2618
129511	2625
129511	2630
129511	2632
129511	2641
129511	2647
129511	2649
130091	2576
130091	2593
130091	2596
130091	2597
130091	2614
130091	2618
130091	2622
130091	2626
130091	2639
130091	2666
130091	2688
130091	2693
130091	2708
130091	2710
130091	2718
130091	2741
130091	2751
130091	2752
130091	2774
130091	2775
130099	2576
130099	2580
130099	2585
130099	2600
130099	2626
130099	2682
130099	2693
130099	2695
130316	2541
130316	2576
130316	2577
130316	2593
130316	2598
130316	2599
130316	2603
130316	2604
130316	2607
130316	2609
130316	2610
130316	2611
130316	2618
130316	2619
130316	2621
130316	2622
130316	2627
130316	2628
130316	2630
130316	2634
130316	2637
130316	2643
130316	2652
130316	2657
130316	2658
130316	2659
130316	2670
130316	2679
130316	2691
130316	2693
130316	2714
130316	2735
130316	2739
130316	2740
130838	2543
131285	2619
131285	2622
131285	2659
131285	2666
131285	2677
131285	2684
131285	2695
131285	2704
131285	2709
131285	2718
131285	2720
131532	2684
131532	2688
131594	2611
131594	2626
131594	2638
131594	2659
131594	2669
131594	2679
132423	2523
132423	2524
132423	2527
132423	2528
132423	2529
132423	2530
132423	2533
132423	2534
132423	2537
132423	2540
132423	2542
132423	2543
132423	2544
132423	2548
132423	2549
132423	2552
132423	2553
132423	2554
132423	2555
132423	2556
132423	2557
132423	2561
132423	2563
132423	2568
132423	2572
132423	2576
132423	2578
132423	2579
132423	2581
132423	2583
132423	2587
132423	2589
132423	2593
132423	2595
132423	2599
132423	2601
132423	2602
132423	2606
132423	2609
132423	2610
132423	2613
132423	2615
132423	2617
132423	2621
132423	2642
132423	2666
132423	2668
132423	2671
132740	2576
132740	2585
132740	2586
132740	2593
132740	2641
132740	2696
132740	2697
132740	2711
132740	2759
133195	2576
133195	2578
133195	2580
133195	2610
133195	2628
133195	2672
133195	2739
133378	2526
133378	2527
133378	2532
133378	2533
133378	2535
133378	2540
133378	2542
133378	2545
133378	2546
133378	2550
133378	2553
133378	2557
133378	2558
133378	2561
133378	2563
133378	2567
133378	2568
133378	2573
133378	2575
133378	2579
133378	2583
133378	2585
133378	2589
133378	2593
133378	2595
133378	2596
133378	2597
133378	2598
133378	2602
133378	2605
133378	2606
133378	2607
133378	2609
133378	2610
133378	2613
133378	2618
133378	2619
133378	2620
133378	2623
133378	2625
133378	2627
133378	2629
133378	2630
133378	2631
133378	2632
133378	2634
133378	2638
133378	2639
133378	2642
133378	2645
133378	2647
133378	2648
133378	2651
133378	2653
133378	2655
133378	2664
133378	2671
133378	2672
133378	2676
133378	2682
133378	2969
133512	2678
133512	2700
133512	2722
133512	2762
133512	2772
133746	2542
133746	2544
133746	2551
133746	2574
133746	2578
133746	2593
133746	2603
133746	2613
133746	2615
133746	2627
133746	2632
133746	2634
133746	2641
133746	2671
133788	2597
133788	2622
133788	2626
133788	2669
133788	2682
133788	2700
133788	2711
133788	2718
133788	2719
133788	2731
133788	2796
136252	2796
136953	2563
136953	2567
136953	2568
136953	2569
136953	2573
136953	2575
136953	2576
136953	2577
136953	2579
136953	2583
136953	2584
136953	2586
136953	2587
136953	2589
136953	2590
136953	2592
136953	2593
136953	2595
136953	2600
136953	2601
136953	2602
136953	2603
136953	2609
136953	2611
136953	2612
136953	2613
136953	2614
136953	2618
136953	2619
136953	2620
136953	2621
136953	2627
136953	2631
136953	2634
136953	2639
136953	2641
136953	2645
136953	2646
136953	2649
136953	2664
136953	2667
136953	2668
136953	2671
136953	2682
136953	2688
136953	2690
137467	2637
137467	2652
137467	2685
137467	2759
137504	2619
137504	2643
137504	2663
137504	2688
137504	2709
137504	2718
137504	2762
138950	2596
138950	2597
138950	2611
138950	2625
138950	2626
138950	2634
138950	2639
138950	2644
138950	2663
138950	2666
138950	2675
138950	2682
138950	2684
138950	2688
138950	2693
138950	2711
138950	2718
138950	2720
138950	2722
138950	2741
138950	2759
138950	2796
138950	2813
138950	3013
139033	2639
139033	2663
139033	2682
139033	2684
139033	2689
139033	2693
139033	2695
139033	2698
139033	2710
139033	2718
139033	2719
139033	2796
139650	2643
139650	2652
139650	2693
139650	2719
139650	2796
141168	2565
141168	2593
141168	2597
141168	2626
141168	2665
141168	2675
141168	2682
144296	2523
144296	2529
144296	2533
144296	2534
144296	2537
144296	2542
144296	2543
144296	2544
144296	2545
144296	2546
144296	2547
144296	2549
144296	2550
144296	2552
144296	2553
144296	2555
144296	2559
144296	2563
144296	2568
144296	2573
144296	2574
144296	2575
144296	2577
144296	2578
144296	2579
144296	2581
144296	2583
144296	2589
144296	2590
144296	2591
144296	2592
144296	2593
144296	2595
144296	2596
144296	2597
144296	2598
144296	2599
144296	2606
144296	2609
144296	2615
144296	2617
144296	2618
144296	2621
144296	2622
144296	2634
144296	2638
144296	2639
144296	2643
144296	2654
144296	2655
144296	2656
144296	2659
144296	2668
144296	2669
144296	2672
144296	2673
144296	2679
144296	2680
144296	2684
144296	2697
144296	2732
144296	2780
144296	2816
144296	2835
144296	2957
144459	2609
144459	2662
144459	2678
144459	2685
144459	2686
144459	2695
144459	2717
144459	2752
144913	2637
144913	2657
144913	2703
144913	2731
144913	2744
144913	2753
144913	2757
144913	2762
145460	2687
145460	2688
145460	2702
145460	2718
145460	2771
145460	2795
145460	2800
145460	2813
147848	2524
147848	2527
147848	2538
147848	2553
147848	2559
147848	2565
147848	2572
147848	2583
147848	2597
147848	2600
147848	2601
147848	2634
147848	2648
147848	2656
147848	2661
147848	2672
147848	2683
147939	2702
147939	2718
147939	2813
147939	2847
147939	2920
148237	2719
148237	2733
148293	2576
148293	2590
148293	2596
148293	2626
148293	2682
148293	2686
149516	2612
149516	2614
149516	2639
151016	2593
151016	2643
151685	2521
151685	2525
151685	2527
151685	2528
151685	2530
151685	2531
151685	2534
151685	2535
151685	2537
151685	2539
151685	2540
151685	2545
151685	2546
151685	2548
151685	2549
151685	2555
151685	2558
151685	2559
151685	2561
151685	2578
151685	2581
151685	2589
151685	2591
151685	2593
151685	2595
151685	2597
151685	2598
151685	2603
151685	2607
151685	2613
151685	2619
151685	2620
151685	2621
151685	2622
151685	2625
151685	2631
151685	2632
151685	2634
151685	2643
151685	2645
151685	2648
151685	2651
151685	2654
151685	2655
151685	2658
151685	2665
151685	2666
151685	2670
151685	2673
151685	2693
151685	2704
151685	2759
151685	2762
151685	2774
151685	2810
151685	3158
151685	3453
152331	2544
152331	2552
152331	2553
152331	2554
152331	2555
152331	2559
152331	2563
152331	2567
152331	2569
152331	2584
152331	2593
152331	2614
152331	2615
152331	2620
152331	2624
152331	2625
152331	2626
152331	2627
152331	2630
152331	2634
152331	2637
152331	2642
152331	2672
154558	2523
154558	2524
154558	2525
154558	2526
154558	2529
154558	2530
154558	2532
154558	2533
154558	2534
154558	2536
154558	2542
154558	2624
154558	2625
154558	2627
154558	2631
154558	2638
154558	2639
154558	2641
154558	2643
154558	2644
154558	2645
154558	2646
154558	2647
154558	2648
154558	2651
154558	2653
154558	2654
154558	2656
154558	2668
154558	2671
155063	2608
155063	2644
155063	2664
155063	2679
155063	2693
155063	2700
158890	2688
158890	2700
158890	2710
158890	2718
158890	2719
158890	2759
158890	2775
158890	2787
158890	2796
159912	2682
160024	2574
160024	2609
160024	2641
160024	2643
160024	2644
160024	2645
160024	2646
160024	2647
160024	2648
160024	2649
160024	2650
160024	2651
160024	2668
160024	2672
160024	2674
160024	2675
160024	2683
160024	2689
160024	2690
160024	2705
160024	2709
161106	2523
161106	2526
161106	2530
161106	2533
161106	2534
161106	2536
161106	2537
161106	2539
161106	2551
161106	2556
161106	2557
161106	2559
161106	2561
161106	2563
161106	2564
161106	2567
161106	2568
161106	2569
161106	2573
161106	2583
161106	2588
161106	2589
161106	2593
161106	2600
161106	2602
161106	2605
161106	2606
161106	2609
161106	2613
161106	2614
161106	2615
161106	2619
161106	2620
161106	2622
161106	2625
161106	2629
161106	2630
161106	2631
161106	2634
161106	2638
161106	2639
161106	2641
161106	2642
161106	2645
161106	2648
161106	2649
161106	2651
161106	2656
161106	2657
161106	2659
161106	2660
161106	2664
161106	2667
161106	2668
161106	2670
161106	2680
161106	2682
161106	2683
161106	2686
161106	2687
161106	2688
161106	2689
161106	2690
161333	2528
161333	2530
161333	2532
161333	2533
161333	2534
161333	2542
161333	2543
161333	2548
161333	2549
161333	2551
161333	2552
161333	2554
161333	2557
161333	2559
161333	2561
161333	2564
161333	2567
161333	2568
161333	2569
161333	2572
161333	2573
161333	2574
161333	2583
161333	2593
161333	2596
161333	2600
161333	2602
161333	2603
161333	2606
161333	2609
161333	2613
161333	2614
161333	2615
161333	2617
161333	2621
161333	2626
161333	2627
161333	2629
161333	2630
161333	2631
161333	2634
161333	2638
161333	2639
161333	2643
161333	2645
161333	2650
161333	2651
161333	2654
161541	2559
161541	2565
161541	2578
161541	2585
161541	2586
161541	2593
161541	2600
161541	2608
161541	2626
161541	2634
161541	2639
161541	2652
161541	2659
161541	2666
161541	2680
161541	2685
161541	2688
161541	2695
161541	2718
161541	2720
161541	2731
161541	2759
161541	2774
163175	2585
163175	2596
163175	2598
163175	2611
163175	2619
163175	2622
163175	2631
163175	2643
163175	2663
163175	2665
163175	2675
163175	2677
163175	2679
163175	2680
163175	2684
163175	2686
163175	2688
163175	2695
163175	2696
163175	2699
163175	2700
163175	2717
163175	2720
163175	2730
163175	2752
163175	2774
163727	2688
163727	2710
163727	2718
163727	2720
163727	2722
163727	2747
163727	2796
164644	2549
164644	2557
164644	2576
164644	2597
164644	2606
164644	2639
164644	2648
164644	2653
164644	2665
164644	2675
165054	2607
165054	2608
165054	2616
165054	2619
165054	2626
165054	2682
165054	2688
165054	2693
165054	2695
165054	2698
165054	2700
165054	2710
165054	2718
165054	2722
165054	2723
165054	2745
165054	2787
165054	2790
165054	2796
165054	2811
165054	2813
167435	2580
167435	2684
167649	2537
167649	2553
167649	2557
167649	2651
167649	2672
169665	2523
169665	2525
169665	2526
169665	2528
169665	2530
169665	2533
169665	2534
169665	2537
169665	2543
169665	2546
169665	2553
169665	2563
169665	2567
169665	2568
169665	2570
169665	2574
169665	2580
169665	2583
169665	2593
169665	2594
169665	2597
169665	2605
169665	2609
169665	2613
169665	2615
169665	2618
169665	2627
169665	2644
172863	2564
172863	2566
172863	2567
172863	2569
172863	2573
172863	2575
172863	2594
172863	2668
175937	2542
175937	2558
175937	2570
175937	2576
175937	2590
175937	2596
175937	2605
175937	2611
175937	2615
175937	2619
175937	2626
175937	2641
175937	2643
175937	2657
175937	2666
175937	2684
175937	2688
175937	2692
175937	2710
175937	2718
175937	2719
175937	2739
175937	2762
175937	2787
176333	2576
176333	2590
176333	2596
176333	2597
176333	2598
176333	2605
176333	2627
176333	2628
176333	2637
176333	2643
176333	2645
176333	2652
176333	2659
176333	2665
176333	2685
176333	2704
176333	2720
176333	2731
176333	2759
176333	2762
176333	2774
178196	2553
178196	2576
178196	2585
178196	2600
178196	2618
178196	2641
178196	2652
178196	2653
182008	2665
182008	2762
182883	2606
182883	2631
182883	2634
182883	2639
182883	2642
182883	2643
182883	2646
182883	2647
182883	2648
182883	2654
182883	2655
182883	2656
182883	2658
182883	2667
182883	2668
182883	2669
182883	2670
182883	2673
182883	2677
182883	2680
182883	2683
182883	2686
182883	2687
182883	2688
182883	2689
182883	2694
182883	2695
182883	2699
182883	2701
182883	2702
182883	2705
182883	2708
182883	2712
182883	2715
182883	2718
182883	2721
182883	2722
184695	2576
184695	2585
184695	2590
184695	2596
184695	2597
184695	2626
184695	2639
184695	2641
184695	2684
184695	2693
184695	2695
184695	2718
184695	2720
184695	2731
185072	2585
185072	2590
185072	2593
185072	2597
185072	2608
185072	2622
185072	2626
185072	2639
185072	2641
185072	2663
185072	2664
185072	2682
185072	2684
185072	2688
185072	2709
185072	2711
185072	2720
185072	2741
185072	2775
185072	2785
185072	2787
185072	2802
185072	2813
187049	2576
187049	2577
187049	2578
187049	2580
187049	2585
187049	2590
187049	2593
187049	2596
187049	2597
187049	2599
187049	2600
187049	2608
187049	2611
187049	2612
187049	2614
187049	2622
187049	2626
187049	2628
187049	2631
187049	2632
187049	2634
187049	2639
187049	2641
187049	2642
187049	2648
187049	2650
187049	2652
187049	2653
187049	2655
187049	2656
187049	2657
187049	2659
187049	2663
187049	2664
187049	2665
187049	2666
187049	2667
187049	2668
187049	2670
187049	2672
187049	2678
187049	2680
187049	2682
187049	2684
187049	2686
187049	2687
187049	2688
187049	2689
187049	2690
187049	2693
187049	2694
187049	2695
187049	2697
187049	2698
187049	2699
187049	2700
187049	2706
187049	2707
187049	2709
187049	2711
187049	2712
187049	2718
187049	2720
187049	2722
187049	2727
187049	2728
187049	2731
187049	2740
187049	2744
187049	2752
187049	2753
187049	2757
187049	2759
187049	2770
187049	2774
187049	2866
188222	2559
188222	2565
188222	2598
188222	2603
188222	2607
188222	2609
188222	2618
188222	2632
188222	2634
188222	2641
188222	2655
188222	2657
188222	2684
188222	2685
188222	2696
188222	2697
188222	2705
188222	2717
188222	2725
188718	2553
188718	2565
188718	2824
188724	2608
188724	2622
188724	2626
188724	2641
188724	2657
188724	2665
188724	2688
188724	2690
188724	2759
188948	2585
188948	2626
188948	2639
188948	2684
188948	2688
188948	2720
189288	2626
189288	2666
189288	2682
189288	2685
189288	2688
189288	2700
189288	2718
189288	2720
189288	2722
189288	2731
189288	2732
189288	2787
189978	2549
189978	2551
189978	2559
189978	2561
189978	2564
189978	2567
189978	2569
189978	2571
189978	2572
189978	2575
189978	2586
189978	2589
189978	2591
189978	2593
189978	2595
189978	2596
189978	2598
189978	2600
189978	2607
189978	2610
189978	2613
189978	2616
189978	2619
189978	2620
189978	2621
189978	2629
189978	2630
189978	2631
189978	2638
189978	2645
189978	2646
189978	2651
191503	2576
191503	2585
191503	2597
191503	2616
191503	2618
191503	2622
191503	2641
191503	2666
191503	2688
191503	2693
191503	2700
191503	2718
191503	2732
191503	2742
191503	2759
191503	2796
191902	2700
191902	2705
191902	2719
192992	2530
192992	2572
192992	2591
192992	2599
192992	2617
192992	2622
192992	2632
192992	2634
192992	2643
192992	2647
192992	2649
192992	2663
192992	2669
192992	2670
192992	2671
192992	2676
192992	2682
192992	2688
192992	2694
192992	2695
192992	2696
192992	2697
192992	2699
192992	2705
192992	2730
192992	2731
192992	2739
192992	2740
194952	2576
194952	2596
194952	2611
194952	2616
194952	2641
194952	2662
194952	2664
194952	2695
194952	2722
194952	2762
194952	3230
198256	2665
198256	2679
198256	2680
198256	2684
198256	2762
199007	2523
199007	2530
199007	2537
199007	2538
199007	2544
199007	2570
199007	2572
199007	2579
199007	2585
199007	2587
199007	2593
199007	2599
199007	2601
199007	2613
199007	2615
199007	2616
199007	2617
199007	2623
199007	2625
199007	2627
199007	2634
199007	2638
199007	2672
199069	2585
199069	2614
199069	2618
199069	2622
199069	2637
199069	2642
199069	2644
199069	2657
199069	2679
199069	2680
199069	2691
199069	2714
199069	2722
199069	2731
199069	2739
199339	2664
199339	2678
199339	2679
200126	2576
200126	2577
200126	2580
200126	2590
200126	2593
200126	2597
200126	2625
200126	2626
200126	2632
200126	2639
200126	2665
200126	2666
200126	2670
200126	2672
200126	2680
200126	2685
200126	2686
200126	2688
200126	2709
200126	2729
200126	2787
200665	2576
200665	2608
200665	2641
200665	2643
200665	2682
200665	2688
200665	2695
201865	2645
201865	2657
201865	2688
201865	2693
201865	2700
201865	2718
201865	2719
201865	2724
201865	2741
201865	2792
201865	2796
203295	2603
203295	2609
203295	2626
203295	2796
203506	2639
203506	2688
203506	2705
203506	2708
203506	2709
203506	2719
203506	2787
203506	2796
204895	2585
204895	2705
204895	2717
206404	2553
206404	2559
206404	2576
206404	2580
206404	2583
206404	2585
206404	2590
206404	2596
206404	2600
206404	2602
206404	2606
206404	2618
206404	2622
206404	2627
206404	2634
206404	2637
206404	2639
206404	2648
206404	2650
206404	2652
206404	2653
206404	2654
206404	2655
206404	2659
206404	2666
206404	2679
206404	2682
206404	2688
206404	2689
206404	2695
206404	2703
206404	2707
206404	2709
206404	2714
206404	2719
206404	2722
206404	2731
206404	2744
206404	2771
206557	2608
206557	2693
208070	2576
208070	2577
208070	2590
208070	2596
208070	2603
208070	2626
208070	2634
208070	2682
208598	2626
209308	2597
209308	2608
209308	2622
209308	2626
209308	2639
209308	2643
209308	2682
209308	2688
209308	2693
209308	2695
209308	2700
209308	2709
209308	2710
209308	2718
209308	2732
209308	2741
209308	2749
209308	2751
209308	2759
209308	2762
209308	2764
209308	2769
209308	2775
209308	2785
209308	2787
209308	2802
209308	2813
209375	2643
209375	2718
211747	2585
211747	2597
211747	2698
211825	2585
211825	2607
211825	2614
211825	2619
211825	2621
211825	2628
211825	2630
211825	2664
211825	2680
211825	2686
211825	2730
211825	2739
213035	2565
213035	2577
213035	2609
213035	2618
213035	2626
213035	2637
213035	2655
213035	2669
213035	2679
213035	2699
213035	2700
213035	2731
213035	2739
214461	2578
214461	2593
214461	2611
214461	2643
214461	2663
214461	2665
214461	2679
214461	2682
214461	2684
214461	2696
214461	2698
214461	2700
214461	2718
214461	2720
214461	2747
214461	2759
214461	2762
215493	2580
215493	2601
215493	2605
215493	2609
215493	2610
215493	2612
215493	2614
215493	2618
215493	2622
215493	2626
215493	2632
215493	2642
215493	2643
215493	2644
215493	2645
215493	2647
215493	2649
215493	2650
215493	2654
215493	2655
215493	2658
215493	2662
215493	2664
215493	2665
215493	2671
215493	2674
215493	2675
215493	2692
215493	2695
215493	2698
215493	2700
215493	2707
215493	2720
215493	2722
215493	2731
215493	2736
216738	2614
216738	2631
216738	2632
216738	2651
216738	2663
216738	2730
216738	2787
217248	2585
217248	2593
217248	2597
217248	2605
217248	2611
217248	2626
217248	2641
217248	2682
217248	2695
217248	2730
217814	2607
217814	2619
217814	2693
217814	2695
217814	2700
217814	2788
219202	2533
219202	2547
219202	2608
219202	2612
219202	2628
219202	2690
219202	2704
219202	2705
219202	2747
219369	2641
219369	2675
219369	2682
219369	2718
219516	2520
219516	2523
219516	2524
219516	2525
219516	2526
219516	2527
219516	2528
219516	2529
219516	2530
219516	2532
219516	2533
219516	2534
219516	2535
219516	2539
219516	2540
219516	2543
219516	2545
219516	2546
219516	2548
219516	2549
219516	2551
219516	2552
219516	2553
219516	2555
219516	2557
219516	2558
219516	2559
219516	2564
219516	2567
219516	2569
219516	2572
219516	2573
219516	2574
219516	2576
219516	2578
219516	2579
219516	2581
219516	2583
219516	2585
219516	2587
219516	2589
219516	2593
219516	2595
219516	2597
219516	2600
219516	2601
219516	2609
219516	2612
219516	2613
219516	2614
219516	2615
219516	2616
219516	2617
219516	2618
219516	2621
219516	2625
219516	2626
219516	2627
219516	2628
219516	2629
219516	2630
219516	2631
219516	2632
219516	2634
219516	2638
219516	2639
219516	2641
219516	2643
219516	2645
219516	2648
219516	2649
219516	2663
219516	2699
219516	2702
219719	2618
219719	2625
219719	2626
219719	2657
219719	2665
219719	2666
219719	2668
219719	2693
219719	2698
219719	2700
221564	2576
221564	2578
221564	2579
221564	2626
221564	2637
221564	2682
221564	2718
221564	2750
221564	2797
221746	2576
221746	2596
221746	2614
221746	2619
221746	2622
221746	2626
221746	2632
221746	2657
221746	2662
221746	2682
221746	2700
221746	2718
221746	2774
221746	2796
222886	2585
222886	2597
222886	2598
222886	2609
222886	2611
222886	2619
222886	2630
222886	2663
222886	2680
222886	2694
222886	2696
222886	2704
222886	2759
222886	2774
224073	2626
224073	2682
224073	2698
224661	2553
224661	2565
224661	2577
224661	2585
224661	2586
224661	2593
224661	2597
224661	2598
224661	2606
224661	2607
224661	2608
224661	2614
224661	2615
224661	2618
224661	2626
224661	2630
224661	2634
224661	2642
224661	2646
224661	2657
224661	2663
224661	2664
224661	2666
224661	2669
224661	2672
224661	2678
224661	2685
224661	2688
224661	2693
224661	2695
224661	2710
224661	2718
224661	2759
225204	2605
225204	2607
225204	2626
225204	2639
225204	2641
225204	2657
226264	2585
226264	2588
226264	2591
226264	2593
226264	2594
226264	2597
226264	2600
226264	2609
226264	2618
226264	2622
226264	2626
226264	2639
226264	2641
226264	2643
226264	2662
226264	2665
226264	2666
226264	2675
226264	2693
226264	2695
226264	2718
226264	2762
226264	2799
227249	2576
227249	2578
227249	2597
227249	2616
227249	2652
227249	2707
227249	2739
228053	2553
228053	2554
228053	2557
228053	2559
228053	2561
228053	2563
228053	2564
228053	2568
228053	2574
228053	2576
228053	2577
228053	2578
228053	2579
228053	2580
228053	2583
228053	2590
228053	2592
228053	2593
228053	2596
228053	2597
228053	2599
228053	2605
228053	2611
228053	2618
228053	2632
228053	2634
228053	2636
228053	2643
228053	2649
228053	2653
228053	2655
228053	2657
228053	2665
228053	2682
228053	2693
228053	2730
228053	3207
230291	2562
230291	2608
230291	2612
230291	2614
230291	2626
230291	2685
230291	2686
230291	2688
230291	2689
230291	2696
230291	2704
230291	2708
230291	2713
230291	2719
230291	2727
230291	2741
230291	2767
230291	2796
231583	2614
231583	2684
231583	2685
231583	2688
231583	2700
231583	2718
231583	2732
231583	2756
231583	2775
232511	2576
232511	2585
232511	2596
232511	2626
232511	2639
232511	2641
232511	2682
232511	2698
232511	2718
232511	2731
232511	2763
232511	2787
233252	2553
233252	2581
233252	2614
233252	2630
233252	2657
233252	2679
233252	2680
233252	2685
233252	2711
233252	2752
233252	2759
233252	2772
233252	2796
233739	2576
233739	2580
233739	2641
233739	2695
236270	2559
236270	2597
236270	2626
236270	2666
236270	2688
236270	2709
236270	2718
236270	2725
236493	2639
236493	2679
236493	2688
236493	2695
236493	2710
236493	2718
236493	2719
237810	2580
237810	2585
237810	2597
237810	2605
237810	2607
237810	2614
237810	2626
237810	2630
237810	2639
237810	2657
237810	2659
237810	2660
237810	2662
237810	2665
237810	2666
237810	2674
237810	2675
237810	2684
237810	2685
237810	2688
237810	2702
237810	2711
237810	2718
237810	2720
237810	2722
237810	2731
237810	2739
237810	2752
237810	2759
237810	2774
237810	2974
240042	2626
240042	2657
240042	2659
240042	2666
240042	2682
240042	2685
240042	2691
240042	2700
240042	2718
240042	2729
240042	2731
240042	2732
240042	2735
240042	2772
240042	2787
240229	2585
240229	2607
240229	2618
240229	2626
240229	2630
240229	2638
240229	2639
240229	2642
240229	2647
240229	2654
240229	2655
240229	2658
240229	2664
240229	2666
240229	2667
240229	2668
240229	2673
240229	2675
240229	2678
240229	2683
240229	2685
240229	2686
240229	2687
240229	2688
240229	2694
240229	2696
240229	2700
240229	2707
240229	2709
240229	2713
240229	2717
240229	2718
240229	2720
240229	2724
240229	2726
240229	2727
240229	2732
240229	2741
240229	2753
240229	2757
240229	2759
240229	2761
240229	2770
240229	2772
240229	2792
240229	2795
240229	2796
240229	2800
240229	2813
240229	2866
241441	2585
241441	2593
241441	2596
241441	2597
241441	2614
241441	2615
241441	2616
241441	2626
241441	2632
241441	2639
241441	2648
241441	2650
241441	2657
241441	2658
241441	2686
241441	2688
241441	2695
242159	2533
242159	2534
242159	2535
242159	2542
242159	2546
242159	2550
242159	2553
242159	2554
242159	2555
242159	2556
242159	2558
242159	2559
242159	2561
242159	2563
242159	2564
242159	2567
242159	2568
242159	2569
242159	2573
242159	2574
242159	2576
242159	2577
242159	2578
242159	2579
242159	2581
242159	2583
242159	2585
242159	2586
242159	2587
242159	2588
242159	2589
242159	2592
242159	2593
242159	2595
242159	2597
242159	2600
242159	2601
242159	2606
242159	2607
242159	2609
242159	2610
242159	2612
242159	2613
242159	2614
242159	2615
242159	2616
242159	2617
242159	2618
242159	2619
242159	2620
242159	2621
242159	2622
242159	2625
242159	2627
242159	2628
242159	2631
242159	2634
242159	2638
242159	2639
242159	2643
242159	2645
242159	2647
242159	2656
242159	2657
242159	2658
242159	2659
242159	2660
242159	2662
242159	2663
242159	2669
242159	2670
242159	2687
242159	2702
242159	2705
242159	2706
242159	2708
242159	2724
242159	2805
243236	2559
243236	2576
243236	2606
243236	2626
243236	2628
243236	2632
243236	2684
243236	2695
243236	2711
243236	2718
243236	2720
246132	2537
246132	2540
246132	2542
246132	2543
246132	2545
246132	2546
246132	2548
246132	2549
246132	2550
246132	2557
246132	2561
246132	2570
246132	2583
246132	2585
246132	2589
246132	2595
246132	2596
246132	2597
246132	2602
246132	2606
246132	2609
246132	2610
246132	2623
246132	2627
246132	2629
246132	2630
246132	2634
246132	2639
246132	2651
246132	2654
246132	2655
246132	2657
246132	2660
246132	2667
246132	2668
246132	2669
246132	2670
246632	2585
246632	2614
246632	2622
246632	2625
246632	2626
246632	2638
246632	2661
246632	2666
246632	2669
246632	2685
248665	2596
248665	2650
248665	2682
248665	2693
248755	2626
248755	2647
248755	2692
248755	2693
251084	2608
251084	2614
251084	2616
251084	2622
251084	2625
251084	2626
251084	2632
251084	2638
251084	2639
251084	2642
251084	2643
251084	2644
251084	2647
251084	2651
251084	2654
251084	2657
251084	2658
251084	2659
251084	2661
251084	2664
251084	2665
251084	2666
251084	2668
251084	2669
251084	2670
251084	2675
251084	2677
251084	2678
251084	2679
251084	2680
251084	2683
251084	2685
251084	2686
251084	2688
251084	2690
251084	2691
251084	2692
251084	2693
251084	2694
251084	2695
251084	2697
251084	2699
251084	2704
251084	2707
251084	2720
251084	2731
251084	2774
251407	2559
251407	2565
251407	2576
251407	2585
251407	2593
251407	2596
251407	2597
251407	2618
251407	2625
251407	2626
251407	2639
251407	2653
251407	2655
251407	2663
251407	2666
251407	2675
251407	2682
251407	2684
251407	2688
251407	2693
251407	2698
251407	2718
251407	2719
251407	2720
251407	2759
251407	3140
251940	2578
251940	2585
251940	2593
251940	2598
251940	2603
251940	2615
251940	2618
251940	2628
251940	2630
251940	2714
251940	2730
252984	2551
252984	2559
252984	2579
252984	2584
252984	2595
252984	2597
252984	2608
252984	2609
252984	2611
252984	2614
252984	2616
252984	2620
252984	2622
252984	2632
252984	2637
252984	2651
252984	2658
252984	2665
252984	2671
252984	2679
252984	2736
254673	2578
254673	2585
254673	2593
254673	2596
254673	2597
254673	2598
254673	2603
254673	2605
254673	2607
254673	2608
254673	2609
254673	2610
254673	2611
254673	2614
254673	2618
254673	2619
254673	2621
254673	2625
254673	2626
254673	2627
254673	2630
254673	2632
254673	2639
254673	2641
254673	2642
254673	2643
254673	2644
254673	2645
254673	2650
254673	2655
254673	2657
254673	2662
254673	2663
254673	2665
254673	2671
254673	2682
254673	2684
254673	2688
254673	2693
254673	2695
254673	2707
254673	2711
254673	2714
254673	2718
254673	2722
254673	2730
254673	2739
255195	2576
255195	2577
255195	2585
255195	2590
255195	2593
255195	2597
255195	2614
255195	2618
255195	2632
255195	2641
255195	2650
255195	2658
255195	2659
255195	2664
255195	2679
255195	2682
255195	2688
255195	2695
255195	2774
255195	2810
255377	2663
255377	2695
255377	2696
255377	2762
255693	2597
255693	2598
255693	2615
255693	2630
255693	2631
255693	2638
255693	2639
255693	2642
255693	2653
255693	2656
255693	2658
255693	2659
255693	2661
255693	2671
255693	2677
255693	2678
255693	2680
255693	2681
255693	2682
255693	2691
255693	2692
255693	2698
255693	2715
255693	2718
255693	2720
255961	2626
255961	2678
255961	2682
255961	2688
255961	2695
255961	2711
256126	2561
256126	2562
256126	2565
256126	2585
256126	2608
256126	2626
256126	2639
256126	2659
256126	2664
256126	2714
256126	2717
258734	2593
258734	2596
258734	2597
258734	2626
258734	2641
258734	2718
258734	2787
258734	2912
259847	2585
259847	2596
259847	2597
259847	2626
259847	2639
259847	2641
259847	2680
259847	2682
259847	2683
259847	2688
259847	2691
259847	2695
259847	2696
259847	2704
259847	2730
259847	2731
259952	2576
259952	2578
259952	2590
259952	2596
259952	2597
259952	2599
259952	2602
259952	2607
259952	2608
259952	2609
259952	2614
259952	2619
259952	2621
259952	2626
259952	2628
259952	2630
259952	2637
259952	2643
259952	2647
259952	2651
259952	2652
259952	2658
259952	2662
259952	2664
259952	2665
259952	2667
259952	2668
259952	2669
259952	2670
259952	2679
259952	2683
259952	2685
259952	2688
259952	2691
259952	2695
259952	2696
259952	2707
259952	2714
259952	2717
259952	2720
259952	2731
259952	2759
261982	2626
261982	2643
261982	2666
261982	2682
261982	2688
261982	2698
261982	2700
261982	2718
261982	2759
261982	2796
262445	2597
262445	2598
262445	2626
262445	2663
262445	2675
262445	2695
262445	2813
262726	2682
262726	2688
262726	2695
262726	2698
262726	2700
262726	2710
262726	2718
262726	2719
262726	2796
262726	2813
263454	2576
263454	2596
263454	2626
263454	2644
263454	2693
263856	2598
263856	2599
263856	2605
263856	2607
263856	2609
263856	2617
263856	2621
263856	2642
263856	2643
263856	2646
263856	2647
263856	2653
263856	2656
263856	2659
263856	2663
263856	2667
263856	2668
263856	2670
263856	2671
263856	2680
263856	2681
263856	2682
263856	2683
263856	2687
263856	2688
263856	2692
263856	2694
263856	2698
263856	2699
263856	2702
263856	2708
263856	2709
263856	2710
263856	2713
263856	2718
263856	2721
263856	2726
263856	2727
263856	2730
263856	2734
263856	2737
263856	2744
263856	2749
263856	2754
264025	2576
264025	2578
264025	2586
264025	2590
264025	2593
264025	2596
264025	2608
264025	2641
264025	2660
264025	2663
264025	2682
264025	2684
264025	2688
264025	2736
264090	2573
264090	2580
264090	2582
264090	2598
264090	2603
264090	2607
264090	2622
264090	2625
264090	2628
264090	2630
264090	2662
264090	2668
264090	2672
264135	2605
264135	2612
264135	2614
264135	2622
264135	2625
264135	2626
264135	2632
264135	2638
264135	2639
264135	2642
264135	2643
264135	2644
264135	2645
264135	2647
264135	2651
264135	2654
264135	2655
264135	2657
264135	2658
264135	2659
264135	2661
264135	2662
264135	2663
264135	2664
264135	2665
264135	2666
264135	2667
264135	2668
264135	2669
264135	2670
264135	2673
264135	2675
264135	2677
264135	2678
264135	2679
264135	2680
264135	2682
264135	2683
264135	2684
264135	2685
264135	2686
264135	2687
264135	2688
264135	2689
264135	2690
264135	2692
264135	2693
264135	2694
264135	2695
264135	2696
264135	2697
264135	2698
264135	2699
264135	2700
264135	2702
264135	2703
264135	2704
264135	2705
264135	2706
264135	2707
264135	2708
264135	2709
264135	2710
264135	2711
264135	2712
264135	2715
264135	2716
264135	2717
264135	2718
264135	2719
264135	2720
264135	2721
264135	2722
264135	2723
264135	2724
264135	2726
264135	2727
264135	2728
264135	2729
264135	2731
264135	2732
264135	2733
264135	2734
264135	2735
264135	2737
264135	2741
264135	2744
264135	2745
264135	2746
264135	2747
264135	2748
264135	2751
264135	2752
264135	2753
264135	2754
264135	2756
264135	2757
264135	2759
264135	2761
264135	2762
264135	2765
264135	2767
264135	2769
264135	2770
264135	2771
264135	2774
264135	2775
264135	2776
264135	2777
264135	2778
264135	2781
264135	2782
264135	2783
264135	2784
264135	2785
264135	2787
264135	2788
264135	2789
264135	2791
264135	2792
264135	2794
264135	2795
264135	2796
264135	2800
264135	2801
264135	2805
264135	2810
264135	2813
264135	2829
264135	2852
264135	2866
264490	2597
264490	2599
264490	2621
264490	2628
264490	2637
264490	2739
266031	2559
266031	2596
266031	2597
266031	2639
266031	2641
266031	2643
266356	2599
266356	2652
266356	2659
266356	2714
266837	2608
266837	2626
266837	2639
266837	2641
266837	2688
266837	2709
266837	2718
266837	2787
267590	2576
267590	2590
267590	2597
267590	2618
267590	2625
267590	2626
267590	2632
267590	2639
267590	2663
267590	2688
267590	2693
267590	2718
267590	2720
267590	2759
267783	2602
267783	2611
267783	2665
267783	2678
267783	2762
267783	2787
268762	2576
268762	2597
268762	2650
268762	2714
268762	2740
268891	2626
268891	2639
268891	2666
268891	2682
268891	2688
268891	2697
268891	2698
268891	2700
268891	2709
268891	2711
268891	2747
268891	2751
268891	2762
268991	2576
268991	2596
268991	2597
268991	2622
268991	2626
268991	2639
268991	2682
268991	2684
268991	2688
268991	2693
268991	2718
268991	2762
268991	2787
268991	2796
269720	2559
269720	2577
269720	2578
269720	2585
269720	2590
269720	2593
269720	2597
269720	2608
269720	2626
269720	2628
269720	2650
269720	2656
269720	2682
269720	2688
269720	2700
269720	2710
269720	2718
269720	2719
269720	2725
269720	2787
269720	2796
271089	2605
271089	2608
271089	2611
271089	2664
271089	2665
271089	2675
271089	2678
271089	2684
271089	2690
271089	2722
271966	2561
271966	2578
271966	2583
271966	2608
271966	2611
271966	2631
271966	2643
271966	2653
271966	2665
271966	2670
271966	2678
271966	2694
271966	2697
271966	2762
271976	2611
271976	2626
271976	2639
271976	2665
271976	2669
271976	2673
271976	2675
271976	2685
271976	2689
271976	2695
271976	2696
271976	2709
271976	2712
271976	2713
271976	2715
271976	2718
271976	2726
271976	2753
271976	2762
271976	2774
271976	2777
272179	2578
272179	2599
272179	2607
272179	2612
272179	2614
272179	2616
272179	2619
272179	2621
272179	2622
272179	2627
272179	2630
272179	2634
272179	2655
272179	2658
272179	2659
272179	2672
272179	2679
272179	2694
272179	2739
272179	2757
272805	2559
272805	2565
272805	2579
272805	2596
272805	2606
272805	2634
272805	2650
272805	2693
272805	2741
272805	2813
272805	2872
273258	2571
273258	2608
273258	2611
273258	2619
273258	2620
273258	2762
273691	2580
273691	2597
273691	2608
273691	2611
273691	2618
273691	2626
273691	2637
273691	2641
273691	2643
273691	2652
273691	2663
273691	2666
273691	2684
273691	2739
274161	2580
274161	2605
274161	2618
274161	2675
275246	2565
275246	2626
275246	2634
275246	2637
275246	2652
275246	2700
275246	2739
276034	2618
276034	2688
276034	2696
276034	2710
276034	2720
276034	2744
276034	2752
276034	2754
276034	2787
276034	2796
277439	2585
277439	2596
277439	2626
277439	2634
277439	2666
278559	2536
278559	2539
278559	2600
278559	2625
278559	2627
281734	2530
281734	2567
281734	2569
281734	2572
281734	2578
281734	2579
281734	2581
281734	2590
281734	2593
281734	2600
281734	2603
281734	2607
281734	2613
281734	2614
281734	2617
281734	2622
281734	2627
281734	2630
281734	2631
281734	2634
281734	2637
281734	2641
281734	2647
281734	2675
281734	2731
281734	2739
282486	2622
282486	2700
282486	2709
282486	2718
284565	2593
284565	2597
284565	2600
284565	2606
284565	2688
284565	2700
284565	2704
284565	2709
284565	2710
284565	2718
284565	2774
290703	2559
290703	2565
290703	2586
290703	2593
290703	2596
290703	2597
290703	2608
290703	2611
290703	2615
290703	2618
290703	2626
290703	2639
290703	2641
290703	2665
290703	2666
290703	2669
290703	2682
290703	2684
290703	2693
290703	2695
290703	2709
290703	2759
290703	2787
290977	2565
290977	2578
290977	2585
290977	2596
290977	2597
290977	2618
290977	2625
290977	2626
290977	2639
290977	2644
290977	2657
290977	2659
290977	2665
290977	2675
290977	2685
290977	2705
290977	2720
290977	2722
290977	2725
290977	2731
290977	2747
290977	2774
290977	2796
292663	2625
292663	2667
292663	2669
292663	2670
292663	2682
292663	2688
292663	2689
292663	2694
292663	2695
292663	2696
292663	2697
292663	2701
292663	2705
292663	2718
292663	2730
292663	2752
292663	2756
292663	2759
294461	2663
294461	2682
294461	2688
294461	2693
294461	2698
294461	2709
294461	2711
294461	2715
294461	2716
294461	2719
294461	2720
294461	2732
294461	2735
296242	2562
296242	2586
296242	2608
296242	2622
296242	2650
296242	2663
296242	2671
296242	2952
296244	2641
296244	2693
296244	2695
296244	2759
297061	2559
297061	2565
297061	2589
297061	2590
297061	2593
297061	2597
297061	2600
297061	2608
297061	2614
297061	2616
297061	2626
297061	2632
297061	2641
297061	2653
297061	2662
297061	2665
297061	2668
297061	2682
297061	2688
297061	2705
297061	2707
297061	2718
297061	2736
297623	2626
297623	2675
297623	2678
297623	2679
297623	2705
297623	2762
298825	2580
298825	2622
298825	2626
299210	2580
299210	2634
299210	2675
299210	2680
299210	2696
299210	2711
299884	2597
299884	2631
299884	2654
299884	2682
299884	2686
299884	2688
299884	2694
299884	2695
299884	2699
299884	2720
299884	2722
299884	2733
299884	2752
299884	2774
299884	2787
299884	2791
299884	2796
299884	2866
300562	2529
300562	2530
300562	2533
300562	2534
300562	2545
300562	2546
300562	2550
300562	2553
300562	2554
300562	2556
300562	2557
300562	2559
300562	2563
300562	2568
300562	2570
300562	2573
300562	2579
300562	2583
300562	2589
300562	2595
300562	2606
300562	2610
300562	2613
300562	2625
300562	2630
300562	2634
300562	2639
300562	2642
300562	2645
300562	2646
300562	2647
300562	2651
300562	2659
301487	2565
301487	2641
301487	2666
301487	2679
301487	2682
301487	2685
301487	2688
301487	2693
302110	2564
302110	2567
302110	2568
302110	2572
302110	2573
302110	2574
302110	2576
302110	2578
302110	2581
302110	2585
302110	2586
302110	2587
302110	2588
302110	2593
302110	2594
302110	2597
302110	2599
302110	2600
302110	2601
302110	2602
302110	2606
302110	2607
302110	2612
302110	2616
302110	2617
302110	2619
302110	2622
302110	2625
302110	2626
302110	2627
302110	2629
302110	2631
302110	2632
302110	2638
302110	2639
302110	2643
302110	2644
302110	2645
302110	2697
302110	2796
302488	2526
302488	2530
302488	2539
302488	2546
302488	2548
302488	2549
302488	2551
302488	2561
302488	2570
302488	2579
302488	2598
302488	2602
302488	2610
302488	2613
302488	2615
302488	2619
302488	2620
302488	2621
302488	2623
302488	2628
302488	2657
302488	2672
302488	2688
302645	2600
302645	2652
302645	2682
302645	2714
302645	2739
303269	2559
303269	2565
303269	2576
303269	2593
303269	2596
303269	2597
303269	2603
303269	2606
303269	2607
303269	2608
303269	2609
303269	2614
303269	2622
303269	2626
303269	2628
303269	2630
303269	2633
303269	2634
303269	2639
303269	2641
303269	2644
303269	2646
303269	2649
303269	2650
303269	2657
303269	2663
303269	2675
303269	2682
303269	2684
303269	2693
303269	2695
303269	2697
303269	2699
303269	2705
303269	2707
303269	2752
303269	2759
305182	2520
305182	2551
305182	2590
305182	2592
305182	2595
305182	2607
305182	2618
305182	2625
305182	2632
305182	2646
306282	2585
306282	2597
306282	2598
306282	2618
306282	2630
306282	2639
306282	2643
306282	2659
306282	2662
306282	2663
306282	2666
306282	2679
306282	2680
306282	2685
306282	2687
306282	2688
306282	2697
306282	2698
306282	2700
306282	2702
306282	2703
306282	2706
306282	2711
306282	2718
306282	2724
306282	2727
306282	2752
306282	2753
306282	2757
306282	2759
306282	2762
306282	2770
306282	2775
306282	2791
306688	2565
306688	2576
306688	2577
306688	2580
306688	2585
306688	2590
306688	2593
306688	2596
306688	2597
306688	2600
306688	2610
306688	2614
306688	2615
306688	2616
306688	2618
306688	2626
306688	2634
306688	2639
306688	2641
306688	2642
306688	2648
306688	2650
306688	2651
306688	2653
306688	2655
306688	2659
306688	2666
306688	2667
306688	2675
306688	2684
306688	2685
306688	2686
306688	2688
306688	2695
306688	2707
306688	2709
306688	2717
306688	2718
306688	2720
306688	2724
306688	2730
306688	2731
306688	2752
306688	2774
307201	2540
307201	2542
307201	2543
307201	2546
307201	2548
307201	2549
307201	2550
307201	2552
307201	2553
307201	2555
307201	2557
307201	2559
307201	2561
307201	2563
307201	2567
307201	2568
307201	2572
307201	2578
307201	2581
307201	2583
307201	2585
307201	2589
307201	2591
307201	2597
307201	2598
307201	2601
307201	2602
307201	2606
307201	2609
307201	2610
307201	2612
307201	2616
307201	2619
307201	2620
307201	2621
307201	2625
307201	2627
307201	2629
307201	2631
307201	2634
307201	2639
307201	2642
307201	2645
307201	2655
307706	2562
307706	2579
307706	2641
307706	2643
307706	2644
307706	2682
307706	2711
308453	2524
308453	2525
308453	2527
308453	2528
308453	2529
308453	2530
308453	2531
308453	2534
308453	2536
308453	2539
308453	2540
308453	2546
308453	2549
308453	2551
308453	2553
308453	2554
308453	2556
308453	2557
308453	2558
308453	2559
308453	2561
308453	2564
308453	2566
308453	2567
308453	2568
308453	2569
308453	2572
308453	2573
308453	2574
308453	2577
308453	2583
308453	2585
308453	2587
308453	2588
308453	2593
308453	2594
308453	2597
308453	2602
308453	2606
308453	2609
308453	2610
308453	2643
308453	2648
308453	2651
308453	2654
308453	2659
308453	2663
308453	2667
308453	2680
308453	2682
308453	2688
308834	2520
308834	2530
308834	2551
308834	2563
308834	2574
308834	2575
308834	2577
308834	2578
308834	2579
308834	2580
308834	2581
308834	2585
308834	2587
308834	2589
308834	2590
308834	2592
308834	2593
308834	2596
308834	2597
308834	2605
308834	2612
308834	2614
308834	2626
308834	2632
308834	2639
308834	2641
308834	2642
308834	2643
308834	2644
308834	2645
308834	2647
308834	2651
308834	2653
308834	2654
308834	2655
308834	2657
308834	2662
308834	2670
308834	2686
309162	2663
309162	2688
309162	2700
309162	2709
309162	2711
309162	2718
309162	2719
309162	2720
309162	2774
309162	2775
309162	2796
309926	2682
309926	2688
309926	2693
309926	2697
309926	2718
309926	2719
309926	2722
309926	2787
309926	2796
309926	3251
310354	2549
310354	2551
310354	2563
310354	2576
310354	2577
310354	2578
310354	2579
310354	2580
310354	2581
310354	2582
310354	2585
310354	2587
310354	2588
310354	2590
310354	2592
310354	2593
310354	2594
310354	2595
310354	2597
310354	2599
310354	2602
310354	2605
310354	2608
310354	2609
310354	2610
310354	2612
310354	2613
310354	2614
310354	2615
310354	2616
310354	2617
310354	2618
310354	2619
310354	2620
310354	2621
310354	2626
310354	2627
310354	2631
310354	2634
310354	2638
310354	2641
310354	2642
310354	2643
310354	2645
310354	2648
310354	2649
310354	2651
310354	2653
310354	2655
310354	2656
310354	2657
310354	2662
310354	2665
310354	2666
310354	2670
310354	2671
310354	2674
310354	2677
310354	2679
310354	2681
310354	2690
310354	2692
310354	2701
310354	2730
310354	2740
310461	2593
310461	2596
310461	2608
310461	2611
310461	2626
310461	2639
310461	2650
310461	2656
310461	2682
310461	2688
310461	2709
310461	2719
310499	2596
310499	2607
310499	2608
310499	2611
310499	2622
310499	2626
310499	2682
310499	2687
310499	2722
312108	2597
312108	2626
312108	2639
312108	2682
312108	2688
312108	2695
312108	2703
312108	2731
312108	2759
312108	2796
312497	2530
312497	2553
312497	2576
312497	2577
312497	2578
312497	2579
312497	2580
312497	2581
312497	2585
312497	2586
312497	2587
312497	2590
312497	2591
312497	2592
312497	2593
312497	2594
312497	2595
312497	2596
312497	2597
312497	2598
312497	2599
312497	2600
312497	2601
312497	2602
312497	2603
312497	2605
312497	2609
312497	2610
312497	2612
312497	2613
312497	2614
312497	2615
312497	2616
312497	2619
312497	2622
312497	2625
312497	2626
312497	2630
312497	2631
312497	2632
312497	2634
312497	2639
312497	2641
312497	2642
312497	2643
312497	2644
312497	2648
312497	2653
312497	2655
312497	2656
312497	2657
312497	2661
312497	2664
312497	2665
312497	2666
312497	2682
312497	2683
312497	2719
312497	2787
312497	2796
313893	2612
313893	2616
313893	2662
313893	2669
313893	2678
313893	2688
313893	2719
313893	2753
314302	2607
314302	2608
314302	2680
314302	2759
315749	2565
315749	2576
315749	2580
315749	2597
315749	2606
315749	2611
315749	2637
315749	2653
315749	2682
315749	2688
315749	2787
316528	2585
316528	2621
316528	2723
316528	2739
316528	2759
318503	2578
318503	2585
318503	2590
318503	2593
318503	2596
318503	2600
318503	2605
318503	2608
318503	2610
318503	2614
318503	2619
318503	2621
318503	2622
318503	2626
318503	2628
318503	2631
318503	2639
318503	2641
318503	2642
318503	2645
318503	2647
318503	2651
318503	2654
318503	2658
318503	2662
318503	2664
318503	2665
318503	2666
318503	2668
318503	2673
318503	2677
318503	2684
318503	2686
318503	2688
318503	2692
318503	2695
318503	2697
318503	2707
318503	2717
318503	2730
318503	2731
318503	2759
318503	2762
318503	2774
318518	2597
318518	2626
318518	2639
318518	2682
318518	2688
318518	2689
318518	2695
318518	2703
318518	2713
318518	2718
318518	2722
318518	2737
318518	2749
318518	2768
318518	2775
318518	2785
318518	2813
318993	2585
318993	2597
318993	2605
318993	2607
318993	2611
318993	2615
318993	2618
318993	2622
318993	2625
318993	2626
318993	2630
318993	2632
318993	2639
318993	2641
318993	2648
318993	2657
318993	2659
318993	2663
318993	2665
318993	2666
318993	2675
318993	2679
318993	2685
318993	2686
318993	2691
318993	2693
318993	2697
318993	2698
318993	2699
318993	2700
318993	2702
318993	2703
318993	2706
318993	2709
318993	2714
318993	2720
318993	2728
318993	2731
318993	2733
318993	2744
318993	2752
318993	2753
318993	2757
318993	2770
318993	2791
318993	2796
319194	2559
319194	2593
319194	2658
319194	2671
319194	2682
319194	2720
320537	2585
320537	2589
320537	2592
320537	2593
320537	2594
320537	2595
320537	2597
320537	2599
320537	2600
320537	2601
320537	2602
320537	2607
320537	2610
320537	2612
320537	2625
320537	2627
320537	2630
320537	2631
320537	2632
320537	2638
320537	2639
320537	2641
320537	2642
320537	2643
320537	2645
320537	2648
320537	2651
320537	2677
320537	2761
320537	2770
321036	2576
321036	2590
321036	2597
321036	2609
321036	2622
321036	2626
321036	2639
321036	2641
321036	2688
321036	2707
321036	2709
321036	2718
321235	2585
321235	2600
321235	2608
321235	2611
321235	2626
321235	2665
321235	2666
321235	2695
321235	2759
321346	2553
321346	2580
321346	2599
321346	2614
321346	2634
321348	2632
321348	2639
321348	2662
321348	2675
321348	2682
321348	2684
321348	2695
321348	2720
321348	2730
321491	2608
321491	2682
321491	2687
321491	2688
321491	2696
321491	2714
321491	2762
321491	2774
321491	2775
322216	2530
322216	2537
322216	2580
322216	2607
322216	2613
322216	2615
322216	2618
322216	2625
322216	2628
322216	2631
322216	2634
322216	2644
322216	2646
322216	2647
322216	2648
322216	2650
322216	2656
322216	2660
322216	2662
322216	2670
322216	2671
322216	2672
322216	2674
322216	2681
322216	2692
322216	2705
322216	2707
322216	2725
322216	2730
322216	2739
322465	2572
322465	2573
322465	2585
322465	2682
322465	2688
322531	2548
322531	2549
322531	2551
322531	2559
322531	2561
322531	2562
322531	2563
322531	2564
322531	2572
322531	2573
322531	2597
322531	2612
322531	2622
322531	2628
322531	2639
322531	2643
322531	2644
322531	2645
322531	2650
322531	2651
322531	2654
322531	2657
322531	2661
322531	2662
322531	2663
322531	2664
322531	2669
322531	2673
322531	2686
322531	2705
322531	2711
322531	2759
322531	2810
324280	2576
324280	2590
324280	2596
324280	2597
324280	2759
324280	2796
325823	2576
325823	2585
325823	2787
325823	2813
326002	2565
326002	2580
326002	2641
326002	2682
326768	2695
326915	2597
326915	2608
326915	2639
326915	2665
326915	2722
327130	2559
327130	2561
327130	2565
327130	2576
327130	2578
327130	2580
327130	2585
327130	2590
327130	2593
327130	2596
327130	2597
327130	2599
327130	2600
327130	2607
327130	2608
327130	2610
327130	2611
327130	2614
327130	2618
327130	2621
327130	2622
327130	2625
327130	2626
327130	2630
327130	2637
327130	2639
327130	2647
327130	2648
327130	2650
327130	2652
327130	2653
327130	2654
327130	2655
327130	2657
327130	2659
327130	2662
327130	2665
327130	2666
327130	2675
327130	2677
327130	2679
327130	2680
327130	2684
327130	2685
327130	2690
327130	2692
327130	2694
327130	2695
327130	2697
327130	2714
327130	2731
327130	2739
327130	2759
327999	2626
327999	2641
327999	2678
327999	2700
327999	2711
329126	2582
329126	2622
329126	2688
329126	2759
329126	2835
330387	2614
330387	2619
330387	2626
330387	2691
330387	2700
330387	2704
330387	2718
330387	2723
330387	2796
330407	2608
330407	2614
330407	2622
330407	2626
330407	2639
330407	2642
330407	2684
330407	2686
330407	2688
330407	2694
330407	2695
330407	2697
330407	2718
330407	2720
332101	2693
332204	2626
332204	2632
332346	2520
332346	2524
332346	2551
332346	2563
332346	2572
332346	2613
332346	2648
332346	2651
332346	2662
334571	2576
334571	2608
334571	2611
334571	2619
334571	2641
334571	2643
334571	2650
334571	2659
334571	2666
334571	2672
334571	2678
334571	2682
334571	2688
334571	2711
334571	2714
334571	2762
334571	2783
334705	2576
334705	2590
334705	2596
334705	2597
334705	2638
334705	2639
334705	2675
334705	2677
334998	2667
334998	2675
334998	2686
334998	2693
334998	2719
334998	2753
334998	2781
334998	2788
334998	2796
334998	2805
334998	2813
