1750	714
1750	717
1750	722
1750	749
1750	826
1750	884
1750	950
1750	1078
1791	713
1791	750
1791	787
1791	789
1791	796
2068	696
2068	714
2068	717
2068	722
2068	750
2068	755
2068	767
2068	770
2068	819
2068	825
2068	837
2068	855
2068	870
2068	878
3306	696
3306	714
3306	717
3306	737
3306	741
3306	749
3306	750
3306	755
3306	759
3306	767
3306	773
3306	781
3306	807
3306	810
3306	845
3306	856
3306	943
3651	714
3651	715
3651	750
3651	773
3651	889
3651	939
3892	696
3892	714
3892	720
3892	731
3892	739
3892	746
3892	759
3892	779
3892	830
3892	867
4805	714
4805	722
4805	741
4805	745
4805	766
4805	782
4966	696
4966	714
4966	722
4966	755
4966	759
4966	763
4966	773
4966	783
4966	795
4966	818
4966	830
4966	856
4966	884
4966	936
4966	950
6237	714
6237	773
6237	815
6648	682
6648	690
6648	712
6648	713
6648	714
6648	720
6648	735
6648	736
6648	741
6648	749
6648	759
6648	773
6648	778
6648	783
6648	788
6648	799
6648	815
6690	684
6690	696
6690	713
6690	714
6690	717
6690	722
6690	733
6690	739
6690	749
6690	750
6690	753
6690	755
6690	763
6690	764
6690	770
6690	776
6690	777
6690	796
6690	799
6690	800
6690	815
6690	825
6690	833
6690	840
6690	855
6690	863
6690	865
6690	887
6690	950
6935	714
6935	743
6935	781
6935	967
6935	1523
7146	714
7146	814
7146	815
7146	830
7146	859
7146	939
7146	943
7146	950
7146	980
7490	701
7490	711
7490	714
7490	774
7490	796
7490	808
7490	832
7490	833
7490	884
7784	665
7784	666
7784	667
7784	676
7784	677
7784	684
7784	690
7784	743
7784	828
7808	682
7808	695
7808	696
7808	698
7808	702
7808	704
7808	712
7808	731
7808	733
7808	736
7808	741
7808	749
7808	779
7808	792
7808	795
7808	799
7808	823
7808	830
7808	832
7808	833
7808	840
7808	845
7808	851
7808	859
7808	868
7808	870
7808	967
7886	714
7886	749
7886	756
7886	759
7886	778
7886	785
7886	830
7886	856
7886	943
9386	661
9386	663
9386	666
9386	667
9386	669
9386	673
9386	674
9386	675
9386	685
9386	687
9386	688
9386	696
9386	697
9386	703
9386	704
9386	706
9386	709
9386	710
9386	713
9386	714
9386	715
9386	719
9386	720
9386	721
9386	723
9386	726
9386	727
9386	728
9386	730
9386	731
9386	735
9386	737
9386	739
9386	740
9386	741
9386	742
9386	745
9386	746
9386	747
9386	750
9386	751
9386	752
9386	757
9386	758
9386	759
9919	713
9919	773
9919	782
9919	783
10031	815
10031	830
10031	943
10223	661
10223	664
10223	666
10223	670
10223	672
10223	674
10223	680
10223	685
10223	688
10223	690
10223	706
10223	713
10223	715
10223	716
10223	720
10223	724
10223	726
10223	727
10223	730
10223	731
10223	734
10223	737
10223	739
10223	741
10223	743
10223	744
10223	752
10223	758
10223	759
10223	760
10223	761
10223	764
10223	769
10223	771
10223	775
10223	782
10223	785
10223	788
10252	743
10252	749
10252	759
10252	763
10252	769
10252	773
10252	810
10252	814
10252	816
10252	825
10252	830
10252	833
10252	849
10252	855
10252	856
10252	884
10252	906
10252	943
10252	950
11945	722
11945	767
11945	790
11945	830
12604	714
12604	749
12604	754
12604	804
13361	695
13361	696
13361	698
13361	703
13361	736
13361	738
13361	788
13361	1095
15947	690
15947	696
15947	705
15947	713
15947	714
15947	759
15947	766
15947	770
15947	773
15947	791
15947	810
15947	846
15947	856
15947	881
15947	939
15947	950
16033	714
16033	777
16033	830
16033	833
16033	870
16339	682
16339	697
16339	701
16339	705
16339	711
16339	712
16339	713
16339	714
16339	715
16339	720
16339	749
16339	788
16339	789
16339	812
16339	815
16339	830
16339	853
16339	856
16339	882
16385	696
16385	701
16385	705
16385	714
16385	715
16385	716
16385	720
16385	722
16385	724
16385	730
16385	731
16385	736
16385	749
16385	755
16385	759
16385	768
16385	779
16385	782
16385	783
16385	795
16385	799
16385	804
16385	806
16385	808
16385	810
16385	830
16385	833
16385	856
16385	902
16385	943
17064	698
17064	713
17064	714
17064	722
17064	741
17064	753
17064	770
17064	781
17064	783
17064	791
17064	796
17064	798
17064	804
17064	840
17064	859
17064	862
17064	876
17064	892
17064	897
17064	905
18825	714
18825	717
18825	780
18825	830
19141	696
19141	713
19141	714
19141	720
19141	722
19141	755
19141	759
19141	761
19141	773
19141	795
20447	714
20447	717
20447	721
20447	722
20447	724
20447	725
20447	739
20447	755
20447	777
20447	780
20447	782
20447	793
20447	814
20447	818
20447	824
20447	830
20447	835
20447	863
20447	887
20447	906
20447	916
20447	949
20447	967
23192	714
23192	743
23192	749
23192	759
23192	766
23192	769
23192	770
23192	807
23192	810
23192	815
23192	830
23192	855
24134	696
24134	722
24134	738
24134	741
24134	744
24134	761
24134	770
24134	809
24217	713
24217	739
24217	750
24217	770
24217	782
24217	837
24217	855
24217	950
24371	698
24371	701
24371	704
24371	705
24371	707
24371	711
24371	712
24371	713
24371	714
24371	715
24371	716
24371	720
24371	721
24371	722
24371	725
24371	728
24371	730
24371	735
24371	737
24371	739
24371	741
24371	746
24371	750
24371	753
24371	755
24371	756
24371	762
24371	766
24371	768
24371	770
24371	772
24371	773
24371	774
24371	776
24371	778
24371	780
24371	785
24371	790
24371	791
24371	795
24371	796
24371	800
24371	806
24371	813
24371	815
24371	823
24371	825
24371	842
24371	853
24371	855
24371	897
24371	905
24371	912
26712	697
26712	698
26712	701
26712	714
26712	720
26712	723
26712	729
26712	742
26712	746
26712	749
26712	757
26712	758
26712	762
26712	763
26712	771
26712	777
26712	785
26712	796
26712	805
26712	809
27321	714
27321	800
27321	814
27321	818
27321	910
27321	945
27501	759
29255	656
29255	659
29255	660
29255	661
29255	662
29255	663
29255	664
29255	665
29255	666
29255	668
29255	669
29255	670
29255	671
29255	672
29255	673
29255	674
29255	676
29255	677
29255	680
29255	681
29255	682
29255	684
29255	685
29255	688
29255	690
29255	692
29255	694
29255	696
29255	698
29255	701
29255	702
29255	703
29255	706
29255	709
29255	712
29255	720
29255	724
29255	726
29255	727
29255	729
29255	731
29255	733
29255	734
29255	736
29255	738
29255	739
29255	741
29255	742
29255	743
29255	744
29255	745
29255	747
29255	748
29255	750
29255	751
29255	752
29255	758
29255	759
29255	760
29255	761
29255	762
29255	764
29255	766
29255	769
29255	775
29255	783
29255	795
29255	844
29778	714
29778	737
29778	749
29778	777
29778	804
29778	810
29778	814
29778	818
29778	824
29778	830
29778	836
29778	846
29778	859
29778	884
29778	887
29778	903
29778	940
29778	943
30733	713
30733	714
30733	722
30733	750
30733	855
33540	701
33540	707
33540	714
34154	714
34154	792
34154	799
34154	804
34154	814
34154	823
34154	830
34154	851
34154	859
34154	887
34154	943
34154	950
34611	705
34611	714
34611	730
34611	746
34611	749
34611	782
34611	783
34611	785
34611	798
34611	808
34611	815
34611	868
34611	870
34611	939
35478	672
35478	673
35478	674
35478	680
35478	682
35478	685
35478	687
35478	690
35478	692
35478	694
35478	701
35478	703
35478	706
35478	707
35478	709
35478	711
35478	712
35478	713
35478	714
35478	715
35478	722
35478	726
35478	727
35478	730
35478	731
35478	732
35478	736
35478	740
35478	742
35478	743
35478	744
35478	746
35478	747
35478	748
35478	752
35478	760
35478	761
35478	762
35478	765
35478	769
35478	771
35478	782
35478	784
35478	785
35478	788
35478	790
35478	792
35478	799
35478	802
35478	804
35713	722
35713	737
35713	743
35713	745
35713	773
35713	776
35713	781
35966	696
35966	714
35966	739
35966	741
35966	755
35966	777
35966	815
36790	714
36790	749
36790	810
37043	708
37043	714
37043	740
37043	749
37043	754
37043	778
37043	812
37043	815
37043	830
37043	845
38013	685
38013	690
38013	692
38013	694
38013	695
38013	697
38013	699
38013	707
38013	708
38013	709
38013	710
38013	712
38013	717
38013	719
38013	720
38013	726
38013	727
38013	731
38013	739
38013	740
38013	742
38013	744
38013	745
38013	748
38013	762
38013	766
38013	774
38013	782
38013	787
38013	788
38013	820
38013	826
38479	696
38479	698
38479	701
38479	702
38479	705
38479	707
38479	709
38479	711
38479	713
38479	714
38479	715
38479	716
38479	717
38479	720
38479	721
38479	722
38479	724
38479	725
38479	727
38479	728
38479	730
38479	733
38479	735
38479	737
38479	738
38479	739
38479	741
38479	744
38479	745
38479	746
38479	747
38479	749
38479	750
38479	751
38479	753
38479	754
38479	755
38479	756
38479	757
38479	758
38479	759
38479	760
38479	761
38479	762
38479	763
38479	764
38479	766
38479	767
38479	768
38479	769
38479	770
38479	771
38479	772
38479	773
38479	774
38479	776
38479	777
38479	778
38479	780
38479	781
38479	782
38479	784
38479	785
38479	786
38479	787
38479	788
38479	790
38479	794
38479	796
38479	799
38479	800
38479	801
38479	802
38479	804
38479	805
38479	806
38479	808
38479	809
38479	813
38479	815
38479	819
38479	823
38479	825
38479	826
38479	828
38479	829
38479	837
38479	840
38479	842
38479	845
38479	851
38479	853
38479	855
38479	859
38479	868
38479	878
38479	882
38479	891
38479	912
38479	961
38479	967
39142	696
39142	702
39142	712
39142	714
39142	720
39142	733
39142	735
39142	739
39142	741
39142	745
39142	781
39142	795
39142	799
39142	803
39142	815
39142	849
39275	696
39275	698
39275	704
39275	713
39275	714
39275	722
39275	739
39275	750
39275	755
39275	766
39275	770
39275	789
39275	830
39275	856
39275	950
40242	669
40242	673
40242	708
40242	714
40242	735
40556	714
40556	725
40556	777
40556	815
40963	661
40963	695
40963	697
40963	698
40963	701
40963	707
40963	712
40963	713
40963	714
40963	715
40963	727
40963	744
40963	755
40963	778
40963	789
40963	830
40963	905
43096	713
43096	714
43096	814
43096	859
43362	690
43362	695
43362	696
43362	697
43362	698
43362	701
43362	702
43362	703
43362	704
43362	705
43362	706
43362	707
43362	709
43362	711
43362	712
43362	713
43362	714
43362	715
43362	719
43362	720
43362	721
43362	724
43362	725
43362	726
43362	727
43362	728
43362	729
43362	730
43362	731
43362	733
43362	734
43362	735
43362	736
43362	738
43362	739
43362	740
43362	741
43362	743
43362	744
43362	745
43362	746
43362	748
43362	752
43362	755
43362	758
43362	759
43362	761
43362	769
43362	771
43362	772
43362	775
43362	778
43362	780
43362	783
43362	785
43362	786
43362	788
43362	790
43362	793
43362	800
43362	805
43362	806
43362	809
43362	810
43362	812
43362	813
43362	859
43362	882
48570	714
48570	749
48570	755
49279	698
49279	714
49279	716
49279	720
49279	722
49279	731
49279	754
49279	763
49279	770
49279	779
49279	785
49279	789
49279	812
49279	868
49279	905
49508	714
49508	717
49508	744
49508	758
49508	760
49508	768
49508	770
49508	773
49508	789
49508	807
49508	810
49508	832
49508	837
49508	877
49508	939
49508	950
49763	704
49763	741
49939	661
49939	662
49939	663
49939	665
49939	666
49939	669
49939	670
49939	676
49939	696
49939	697
49939	702
49939	703
49939	705
49939	709
49939	735
49939	738
49939	742
49939	745
49939	750
49939	751
49939	752
49939	759
49939	761
49939	764
49939	765
49939	853
50354	682
50354	685
50354	701
50354	702
50354	703
50354	704
50354	706
50354	707
50354	709
50354	713
50354	714
50354	715
50354	719
50354	724
50354	726
50354	727
50354	730
50354	732
50354	734
50354	735
50354	738
50354	740
50354	741
50354	742
50354	744
50354	745
50354	746
50354	748
50354	754
50354	758
50354	760
50354	761
50354	766
50354	769
50354	771
50354	782
50354	785
50354	787
50354	788
50354	790
50354	792
50354	799
50714	735
50714	772
51394	714
51394	737
51394	749
51394	781
51394	799
51394	807
51394	810
51394	814
51394	815
51394	818
51394	823
51394	859
51394	881
51394	884
51394	887
51394	939
51394	943
51394	949
51408	714
51408	717
51408	773
51408	818
51408	943
51566	830
51581	714
51581	717
51581	749
51581	856
51581	936
51581	939
51581	950
54970	701
54970	713
54970	714
54970	715
54970	717
54970	766
54970	770
54970	773
54970	785
54970	790
54970	803
54970	805
54970	807
54970	815
54970	830
54970	855
54970	868
54970	870
54970	905
55063	682
55063	684
55063	690
55063	691
55063	694
55063	695
55063	696
55063	697
55063	698
55063	699
55063	701
55063	703
55063	704
55063	705
55063	711
55063	712
55063	714
55063	715
55063	720
55063	724
55063	732
55063	736
55063	740
55063	744
55063	774
55063	775
55063	778
55063	783
55063	786
55063	788
55063	789
55063	792
55063	794
55063	799
55063	800
55063	804
55063	812
55063	815
55063	819
55063	859
55063	882
55063	905
55401	701
55401	705
55401	714
55401	716
55401	749
55401	783
55401	791
55401	810
55401	830
55401	881
55634	696
55634	714
55634	722
55634	741
55634	759
55634	799
55634	804
55634	830
55634	943
55634	2906
55828	696
55828	714
55828	717
55828	749
55828	799
55828	800
55828	804
55828	809
55828	830
55828	851
56783	815
56783	856
56783	859
57311	656
57311	658
57311	660
57311	665
57311	666
57311	680
57311	682
57311	690
57311	696
57311	697
57311	701
57311	702
57311	703
57311	705
57311	706
57311	708
57311	709
57311	714
57311	715
57311	716
57311	722
57311	725
57311	726
57311	728
57311	729
57311	733
57311	734
57311	736
57311	738
57311	741
57311	743
57311	744
57311	745
57311	746
57311	748
57311	750
57311	751
57311	823
57311	868
58236	705
58236	714
58236	717
58236	722
58236	738
58236	746
58236	749
58236	772
58236	783
58236	859
58236	943
59154	696
59154	714
59154	749
59154	807
59154	810
59154	815
59154	818
59154	830
59154	856
59154	884
59154	943
59154	967
59154	997
59266	713
59323	696
59323	713
59323	739
59323	768
59733	696
59733	698
59733	711
59733	714
59733	717
59733	720
59733	721
59733	722
59733	739
59733	741
59733	746
59733	759
59733	785
59733	799
59733	801
59733	844
59733	889
59733	939
59733	1230
59733	1293
59733	1298
59733	1398
60244	714
60244	749
60244	814
60244	818
60244	830
60244	943
60597	714
60597	739
60597	768
60597	777
60597	795
60597	804
60597	830
60597	950
60597	967
60986	696
60986	1485
61760	696
61760	741
61760	795
61892	701
61892	704
61892	706
61892	709
61892	719
61892	742
61892	754
61892	814
61892	1496
62161	686
62161	690
62161	696
62161	698
62161	713
62161	714
62161	740
62161	749
62161	766
62161	774
62161	775
62161	778
62161	805
62161	837
62161	1025
62341	682
62341	697
62341	698
62341	703
62341	704
62341	711
62341	714
62341	717
62341	720
62341	732
62341	735
62341	736
62341	738
62341	743
62341	744
62341	745
62341	746
62341	749
62341	755
62341	759
62341	760
62341	768
62341	773
62341	774
62341	775
62341	777
62341	778
62341	780
62341	781
62341	784
62341	785
62341	786
62341	789
62341	790
62341	796
62341	802
62341	805
62341	967
63772	696
63772	714
63772	722
63772	749
63772	768
63772	825
63772	855
64080	714
64080	774
64080	856
64829	696
64829	714
64829	717
65398	659
65398	661
65398	662
65398	665
65398	666
65398	667
65398	669
65398	671
65398	672
65398	673
65398	680
65398	684
65398	696
65398	697
65398	698
65398	701
65398	702
65398	703
65398	705
65398	706
65398	708
65398	709
65398	714
65398	730
65398	736
65398	745
65398	750
65398	757
65398	766
65398	769
65398	801
65398	805
66068	712
66068	714
66068	749
67353	696
67353	733
67353	741
67353	746
67353	749
67353	757
67353	772
67461	696
67461	701
67461	705
67461	707
67461	711
67461	713
67461	714
67461	715
67461	716
67461	717
67461	722
67461	727
67461	737
67461	741
67461	743
67461	745
67461	746
67461	748
67461	749
67461	753
67461	755
67461	759
67461	760
67461	761
67461	762
67461	764
67461	766
67461	768
67461	770
67461	773
67461	774
67461	776
67461	777
67461	778
67461	783
67461	786
67461	791
67461	795
67461	796
67461	799
67461	801
67461	804
67461	805
67461	806
67461	807
67461	808
67461	809
67461	810
67461	815
67461	823
67461	830
67461	837
67461	845
67461	853
67461	855
67461	856
67461	859
67461	865
67461	878
67461	881
67461	882
67461	897
67461	900
67461	912
67461	943
67461	950
67461	978
67976	748
67976	830
67976	851
69326	714
69326	868
69367	682
69367	704
69367	736
69367	738
70527	682
70527	703
70527	714
70527	717
70527	744
70527	749
70527	759
70527	783
70527	796
70527	815
70527	819
70527	829
70527	833
70527	950
70725	682
70725	695
70725	714
70725	721
70725	732
70725	746
70725	749
70725	760
70725	763
70725	772
70725	773
70725	774
70725	779
70725	781
70725	783
70725	807
70725	828
70725	833
70725	865
70725	943
70725	949
70725	961
74146	860
74489	720
74489	728
74489	743
74489	747
74489	755
74489	759
74489	764
74489	778
74489	784
74489	830
74489	891
75277	711
75277	713
75277	714
75277	717
75277	735
75277	755
75277	756
75277	759
75277	770
75277	773
75277	781
75277	783
75277	785
75277	790
75277	794
75277	814
75277	830
75277	859
75277	867
75277	870
75277	882
75277	943
75729	701
75729	711
75729	714
75729	717
75729	723
75729	724
75729	729
75729	735
75729	743
75729	748
75729	754
75729	755
75729	759
75729	761
75729	774
75729	777
75729	780
75729	785
75729	787
75729	796
75729	823
75729	826
75729	882
75729	897
75729	905
76710	673
76710	690
76710	697
76710	701
76710	706
76710	707
76710	729
76710	743
76710	757
76710	761
76710	767
76710	772
76710	776
76710	785
76710	790
76710	792
76770	721
76770	724
76770	728
76770	739
76770	743
76770	753
76770	755
76770	756
76770	757
76770	759
76770	768
76770	777
76770	781
76770	783
76770	787
76770	794
76770	804
76770	814
76770	818
76770	823
76770	824
76770	836
76770	838
76770	840
76770	844
76770	846
76770	852
76770	858
76770	864
76770	886
76770	888
76770	909
76770	915
76770	918
76770	928
76770	940
76770	947
76770	953
76770	955
76770	963
76770	967
76903	673
76903	698
76903	707
76903	714
76903	729
76903	731
76903	732
76903	734
76903	739
76903	746
76903	749
76903	752
76903	755
76903	757
76903	759
76903	760
76903	771
76903	777
76903	779
76903	802
76903	815
76903	820
76903	855
76903	867
77722	668
77722	670
77722	672
77722	673
77722	674
77722	677
77722	681
77722	685
77722	692
77722	697
77722	698
77722	701
77722	702
77722	705
77722	707
77722	708
77722	712
77722	715
77722	722
77722	727
77722	728
77722	730
77722	733
77722	735
77722	736
77722	738
77722	758
77722	759
77722	760
77722	761
77722	764
77722	769
77735	830
77735	849
77735	873
77735	884
77735	950
79123	714
80640	702
80640	704
80640	707
80640	712
80640	713
80640	714
80640	715
80640	721
80640	724
80640	725
80640	730
80640	731
80640	733
80640	737
80640	741
80640	744
80640	745
80640	748
80640	749
80640	750
80640	753
80640	761
80640	762
80640	763
80640	764
80640	766
80640	770
80640	771
80640	772
80640	773
80640	774
80640	775
80640	776
80640	778
80640	779
80640	780
80640	781
80640	783
80640	785
80640	788
80640	789
80640	795
80640	805
80640	808
80640	815
80640	825
80640	826
80640	829
80640	831
80640	853
80640	855
80640	856
80640	881
80640	897
80640	905
80640	912
80640	978
80640	993
83962	696
83962	712
83962	714
83962	730
83962	734
83962	739
83962	746
83962	749
83962	783
83962	785
83962	811
83962	814
83962	830
84151	714
84151	722
84151	749
84151	856
85202	681
85202	711
85202	747
85202	753
85202	762
85202	772
85202	787
86243	682
86243	695
86243	732
86243	759
86243	795
86243	967
86809	752
86809	755
86809	757
86809	780
86809	783
86809	784
86809	815
86809	856
86809	859
86809	884
86809	950
87923	696
87923	707
87923	712
87923	713
87923	714
87923	716
87923	717
87923	722
87923	737
87923	749
87923	750
87923	755
87923	756
87923	767
87923	768
87923	770
87923	771
87923	783
87923	790
87923	807
87923	810
87923	815
87923	825
87923	830
87923	842
87923	845
87923	855
87923	856
87923	859
87923	868
87923	870
87923	884
87923	891
87923	912
87923	950
89465	753
89465	807
90015	665
90015	672
90015	682
90015	703
90015	714
90015	717
90015	720
90015	726
90015	730
90015	731
90015	732
90015	733
90015	736
90015	738
90015	739
90015	742
90015	743
90015	745
90015	746
90015	747
90015	750
90015	751
90015	752
90015	758
90015	760
90015	761
90015	763
90015	764
90015	765
90015	769
90015	771
90015	774
90015	782
90015	783
90015	785
90015	787
90015	788
90015	790
90015	792
90015	800
90015	801
90015	802
90015	804
90015	810
90015	814
90015	816
90015	818
90015	823
90015	826
90015	853
90015	868
90015	878
92675	714
92675	716
92675	717
92675	722
92675	748
92675	768
92675	774
92675	810
92675	815
92675	825
92675	830
94173	704
94173	708
94173	709
94173	713
94173	729
94173	755
94173	759
94173	769
94173	773
94173	783
94173	849
94173	856
94173	884
94173	950
94173	1119
94173	1235
94528	714
94528	715
94528	721
94528	725
94528	739
94528	741
94528	748
94528	749
94528	753
94528	754
94528	756
94528	773
94528	783
94528	808
94528	814
94528	817
94528	818
94528	823
94528	832
94528	838
94528	850
94528	851
94528	853
94528	858
94528	864
94528	868
94528	874
94528	878
94528	881
94528	887
94528	889
94528	902
94528	934
94528	949
94528	967
94528	978
95924	713
95924	773
95924	778
95924	815
95924	824
95924	875
95924	881
95924	917
95924	939
95924	950
95947	696
95947	714
95947	717
95947	749
95947	759
95947	781
95947	807
95947	810
95947	814
95947	818
95947	824
95947	826
95947	830
95947	856
95947	859
95947	884
95947	943
96523	649
96523	656
96523	665
96523	714
96523	759
96523	760
96523	764
96523	769
96523	771
96523	775
96523	787
96523	793
96523	813
96523	821
96523	823
96523	828
96523	837
96523	840
96523	866
96523	868
96523	903
96523	1007
96523	1017
96523	1050
97254	666
97254	696
97254	702
97254	712
97254	714
97254	739
97254	741
97254	818
97254	833
98300	701
98300	704
98300	712
98300	714
98300	717
98300	783
98300	815
98300	859
98300	967
99994	680
99994	682
99994	683
99994	685
99994	688
99994	693
99994	702
99994	709
99994	710
99994	725
99994	729
99994	731
99994	732
99994	733
99994	739
99994	741
99994	751
99994	765
99994	766
99994	769
99994	771
99994	799
99994	800
99994	807
99994	813
99994	840
99994	857
99994	885
99994	904
101035	666
101035	682
101035	683
101035	684
101035	686
101035	690
101035	691
101035	692
101035	693
101035	694
101035	697
101035	698
101035	702
101035	703
101035	704
101035	705
101035	708
101035	714
101035	719
101035	720
101035	746
101035	755
101035	758
101035	771
101035	826
101035	891
102218	780
102218	837
102218	866
102218	1003
102431	662
102431	668
102431	684
102431	691
102431	701
102431	704
102431	705
102431	707
102431	712
102431	714
102431	718
102431	723
102431	726
102431	734
102431	746
102431	748
102431	749
102431	752
102431	761
102431	766
102431	768
102431	770
102431	791
102431	819
102431	867
103576	714
103576	741
103576	749
103576	859
103576	914
106844	713
106844	714
106844	717
106844	722
106844	728
106844	735
106844	743
106844	747
106844	749
106844	761
106844	770
106844	778
106844	783
106844	794
106844	799
106844	815
106844	856
107086	769
107086	773
107086	813
107086	815
107086	825
107086	830
107086	855
107086	856
107086	950
107155	714
107155	772
107155	823
107155	859
110238	700
110238	767
110238	768
110238	825
110510	666
110510	721
110510	723
110510	726
110510	729
110510	735
110510	736
110510	738
110510	769
110510	774
110510	776
110510	808
110545	714
110545	773
110545	774
110545	817
110545	818
110545	856
110545	859
110545	884
110545	900
110545	914
110545	939
111058	714
111058	781
111058	814
111058	882
111058	884
111058	906
111290	670
111290	672
111290	674
111290	680
111290	681
111290	685
111290	691
111290	692
111290	699
111290	701
111290	705
111290	707
111290	712
111290	713
111290	714
111290	715
111290	722
111290	723
111290	724
111290	726
111290	727
111290	730
111290	735
111290	743
111290	744
111290	750
111290	751
111290	757
111290	760
111290	761
111290	763
111290	766
111290	769
111290	771
111290	774
111290	776
111290	780
111290	782
111290	785
111290	788
111290	796
111290	797
111290	799
111290	800
111290	801
111290	805
111290	808
111290	809
111290	813
112430	696
112430	702
112430	713
112430	714
112430	739
112430	749
112430	753
112430	759
112430	761
112430	773
112430	814
112430	818
112430	830
112430	832
112430	837
112430	856
112430	884
112430	943
112430	950
113007	714
113007	773
113007	783
113007	830
113007	943
113173	724
113217	665
113217	666
113217	667
113217	668
113217	672
113217	674
113217	676
113217	677
113217	680
113217	694
113217	696
113217	697
113217	698
113217	699
113217	701
113217	702
113217	703
113217	704
113217	705
113217	707
113217	711
113217	712
113217	713
113217	714
113217	715
113217	717
113217	720
113217	722
113217	727
113217	728
113217	730
113217	731
113217	732
113217	733
113217	738
113217	739
113217	741
113217	743
113217	744
113217	745
113217	747
113217	748
113217	750
113217	754
113217	756
113217	759
113217	760
113217	762
113217	763
113217	766
113217	767
113217	769
113217	771
113217	776
113217	780
113217	782
113217	783
113217	784
113217	787
113217	788
113217	790
113217	793
113217	796
113217	798
113217	802
113217	803
113217	807
113217	809
113217	813
113217	820
113217	825
113217	826
113217	829
113217	837
113217	842
113217	853
113217	870
113217	882
113217	891
113217	897
113217	905
113217	912
113217	967
113217	978
114161	682
114161	696
114161	697
114161	702
114161	712
114161	714
114161	738
114161	739
114161	747
114161	755
114161	758
114161	759
114161	773
114161	781
114161	910
114908	714
114908	738
114908	739
114908	745
114908	799
114908	823
114908	830
114908	845
114908	887
114908	943
114908	949
114908	950
116322	696
116322	698
116322	714
116322	768
116322	770
116322	795
116322	796
116322	830
118125	722
118125	753
118125	766
118125	789
118125	802
118125	815
118125	856
118320	752
118320	855
118476	696
118476	714
118476	739
118476	755
118476	756
118476	768
118476	815
118476	856
118476	943
118522	696
118522	713
118522	714
118522	715
118522	717
118522	722
118522	725
118522	727
118522	731
118522	733
118522	734
118522	739
118522	741
118522	746
118522	747
118522	749
118522	759
118522	764
118522	768
118522	773
118522	778
118522	781
118522	783
118522	784
118522	785
118522	786
118522	794
118522	806
118522	807
118522	810
118522	815
118522	830
118522	853
118522	856
118522	859
118522	882
118522	905
118522	943
118522	950
121103	696
121103	701
121103	714
121103	721
121103	728
121103	736
121103	739
121103	746
121103	759
121103	785
121103	794
121103	799
121103	849
121103	887
121103	902
121103	943
121103	2894
124345	714
124345	798
124345	799
124345	825
124345	854
124345	870
124345	939
124345	955
124345	969
126485	682
126485	690
126485	696
126485	698
126485	704
126485	712
126485	727
126485	732
126485	735
126485	737
126485	741
126485	745
126485	746
126485	754
126485	755
126485	768
126485	777
126485	778
126485	781
126485	795
126485	799
126485	823
126485	833
126485	882
126485	967
126606	714
126606	749
126606	753
126606	782
126606	799
126606	853
126606	864
126606	943
126606	1025
126606	1026
126623	745
126623	748
126623	764
126623	766
126623	768
126623	815
126623	891
127739	696
127739	704
127739	714
127739	720
127739	728
127739	749
127771	650
127771	657
127771	659
127771	696
127771	698
127771	707
127771	712
127771	714
127771	717
127771	720
127771	731
127771	732
127771	755
127771	785
127771	787
127771	788
127771	826
127771	858
129511	676
129511	696
129511	707
129511	714
129511	717
129511	738
129511	745
129511	750
129511	751
129511	752
129511	760
129511	762
129511	766
129511	772
129511	774
129511	780
129511	782
129511	784
129511	787
129511	788
129511	795
129511	798
129511	799
129511	800
129511	864
129511	946
130091	714
130091	717
130091	749
130091	799
130091	830
130091	913
130091	929
130091	963
130099	714
130099	754
130099	759
130316	684
130316	695
130316	696
130316	697
130316	701
130316	702
130316	711
130316	713
130316	714
130316	736
130316	744
130316	747
130316	749
130316	755
130316	774
130316	780
130316	782
130316	783
130316	788
130316	808
130316	846
130316	1392
130838	664
130838	666
130838	669
130838	684
130838	690
130838	691
130838	692
130838	694
130838	697
130838	701
130838	703
130838	704
130838	706
130838	709
130838	712
130838	714
130838	719
130838	736
130838	742
130838	744
130838	745
130838	746
130838	748
130838	752
130838	754
130838	757
130838	760
130838	763
130838	765
130838	769
130838	781
131285	713
131285	714
131285	717
131285	724
131285	732
131285	739
131285	749
131285	777
131285	790
131285	803
131285	805
131285	810
131285	910
131285	943
131532	654
131532	682
131532	695
131532	696
131532	713
131532	714
131532	732
131532	740
131532	759
131532	795
131594	682
131594	684
131594	695
131594	704
131594	713
131594	714
131594	716
131594	736
131594	744
131594	775
131594	782
131594	786
132423	656
132423	658
132423	659
132423	661
132423	662
132423	670
132423	671
132423	672
132423	673
132423	674
132423	675
132423	677
132423	678
132423	679
132423	680
132423	681
132423	683
132423	685
132423	686
132423	687
132423	688
132423	691
132423	692
132423	695
132423	701
132423	703
132423	704
132423	705
132423	706
132423	709
132423	712
132423	714
132423	715
132423	719
132423	722
132423	724
132423	726
132423	728
132423	730
132423	731
132423	733
132423	734
132423	735
132423	739
132423	741
132423	742
132423	744
132423	745
132423	746
132423	747
132423	754
132423	756
132423	769
132423	771
132423	774
132740	682
132740	684
132740	696
132740	701
132740	705
132740	707
132740	711
132740	714
132740	715
132740	717
132740	722
132740	727
132740	741
132740	743
132740	744
132740	747
132740	749
132740	753
132740	755
132740	773
132740	783
132740	795
132740	859
132740	870
132740	897
132740	950
132740	961
133195	681
133195	684
133195	689
133195	695
133195	704
133195	705
133195	710
133195	714
133195	716
133195	719
133195	722
133195	724
133195	731
133195	738
133195	741
133195	744
133195	759
133195	770
133195	778
133195	779
133195	781
133195	782
133195	783
133195	788
133195	799
133195	805
133195	824
133195	830
133195	867
133378	656
133378	658
133378	661
133378	662
133378	664
133378	669
133378	670
133378	674
133378	677
133378	678
133378	679
133378	680
133378	681
133378	682
133378	683
133378	684
133378	686
133378	688
133378	690
133378	691
133378	692
133378	697
133378	699
133378	703
133378	704
133378	705
133378	707
133378	708
133378	709
133378	712
133378	714
133378	715
133378	716
133378	719
133378	721
133378	722
133378	724
133378	725
133378	728
133378	730
133378	733
133378	735
133378	736
133378	738
133378	743
133378	744
133378	745
133378	746
133378	747
133378	754
133378	757
133378	758
133378	759
133378	763
133378	764
133378	765
133378	825
133378	1023
133512	714
133512	755
133512	768
133512	815
133512	855
133512	939
133512	943
133512	969
133746	671
133746	694
133746	695
133746	696
133746	713
133746	714
133746	717
133746	719
133746	750
133746	759
133746	760
133746	882
133788	714
133788	725
133788	739
133788	746
133788	749
133788	759
133788	773
133788	774
133788	781
133788	788
133788	815
133788	859
133788	884
133788	887
136252	770
136252	856
136953	686
136953	687
136953	688
136953	691
136953	697
136953	701
136953	702
136953	703
136953	704
136953	705
136953	706
136953	707
136953	708
136953	709
136953	711
136953	714
136953	715
136953	719
136953	725
136953	726
136953	728
136953	730
136953	733
136953	734
136953	745
136953	746
136953	747
136953	749
136953	765
136953	769
136953	771
136953	775
136953	780
136953	787
136953	788
136953	800
136953	801
136953	805
136953	808
136953	810
136953	842
136953	914
136953	992
136953	1005
136953	1149
137467	697
137467	704
137467	713
137467	750
137467	755
137467	773
137467	814
137467	816
137467	833
137467	849
137467	856
137467	959
137504	714
137504	741
137504	749
137504	781
137504	830
137504	837
138950	712
138950	714
138950	748
138950	767
138950	791
138950	799
138950	855
138950	867
138950	943
139033	696
139033	714
139033	759
139033	780
139033	787
139033	823
139033	830
139033	845
139033	856
139650	714
139650	749
139650	799
139650	807
139650	830
139650	856
141168	698
141168	704
141168	714
141168	783
141168	788
141168	795
141168	798
141168	818
141168	947
144296	668
144296	670
144296	677
144296	678
144296	679
144296	680
144296	682
144296	683
144296	686
144296	697
144296	701
144296	702
144296	703
144296	709
144296	713
144296	726
144296	727
144296	732
144296	733
144296	735
144296	744
144296	745
144296	757
144296	759
144296	762
144296	769
144296	771
144296	781
144296	782
144296	784
144296	786
144296	787
144296	788
144296	790
144296	792
144296	807
144296	809
144296	810
144296	818
144296	820
144296	821
144296	822
144296	823
144296	827
144296	828
144296	829
144296	834
144296	839
144296	840
144296	844
144459	661
144459	704
144459	749
144459	775
144913	705
144913	713
144913	738
144913	773
144913	778
144913	810
144913	816
145460	684
145460	712
145460	714
145460	720
145460	814
145460	830
147848	677
147848	705
147848	709
147848	728
147848	747
147848	753
147848	755
147848	778
147848	813
147848	817
147848	828
147848	831
147848	844
147848	861
147848	863
147848	875
147848	940
147848	948
147939	696
147939	713
147939	714
147939	739
147939	746
147939	749
147939	808
148237	714
148237	756
148237	807
148237	856
148237	967
148293	696
148293	714
148293	855
149516	698
149516	815
151016	700
151016	711
151016	714
151016	770
151016	791
151016	830
151016	865
151685	649
151685	651
151685	654
151685	656
151685	660
151685	661
151685	662
151685	666
151685	669
151685	673
151685	674
151685	678
151685	679
151685	681
151685	688
151685	691
151685	692
151685	693
151685	703
151685	704
151685	706
151685	707
151685	709
151685	712
151685	715
151685	719
151685	720
151685	721
151685	722
151685	723
151685	724
151685	725
151685	726
151685	729
151685	730
151685	731
151685	739
151685	742
151685	745
151685	746
151685	749
151685	750
151685	752
151685	754
151685	756
151685	757
151685	758
151685	759
151685	764
151685	769
151685	801
151685	828
151685	842
151685	912
152331	654
152331	656
152331	657
152331	661
152331	662
152331	663
152331	665
152331	666
152331	669
152331	670
152331	672
152331	673
152331	674
152331	675
152331	677
152331	678
152331	679
152331	680
152331	681
152331	682
152331	683
152331	685
152331	688
152331	694
152331	696
152331	697
152331	699
152331	709
152331	719
152331	720
152331	721
152331	722
152331	728
152331	730
152331	731
152331	734
152331	735
152331	738
152331	739
152331	747
152331	760
154558	654
154558	655
154558	657
154558	658
154558	659
154558	660
154558	662
154558	668
154558	673
154558	675
154558	680
154558	681
154558	687
154558	694
154558	696
154558	697
154558	698
154558	703
154558	706
154558	714
154558	738
154558	740
154558	742
154558	743
154558	805
155063	701
155063	705
155063	714
155063	717
155063	746
155063	749
155063	763
155063	830
155063	950
158890	711
158890	714
158890	717
158890	746
158890	749
158890	790
158890	807
158890	810
158890	814
158890	818
158890	830
158890	836
158890	846
158890	883
158890	887
158890	911
158890	915
158890	921
158890	929
158890	936
158890	947
158890	963
159912	684
159912	701
159912	705
159912	707
159912	712
159912	713
159912	714
159912	720
159912	727
159912	731
159912	738
159912	741
159912	744
159912	745
159912	749
159912	755
159912	770
159912	774
159912	777
159912	779
159912	781
159912	783
159912	788
159912	795
159912	807
159912	818
159912	830
159912	856
159912	867
159912	911
159912	950
160024	697
160024	701
160024	720
160024	725
160024	745
160024	748
160024	750
160024	754
160024	774
160024	783
160024	785
160024	787
160024	788
160024	817
160024	820
160024	828
160024	829
160024	839
160024	852
160024	862
160024	864
160024	871
160024	885
161106	660
161106	661
161106	662
161106	664
161106	666
161106	683
161106	686
161106	688
161106	690
161106	692
161106	696
161106	697
161106	703
161106	705
161106	706
161106	709
161106	710
161106	712
161106	713
161106	715
161106	716
161106	722
161106	724
161106	726
161106	729
161106	730
161106	731
161106	742
161106	743
161106	745
161106	747
161106	750
161106	758
161106	759
161106	760
161106	761
161106	762
161106	781
161106	814
161106	817
161106	818
161106	819
161106	820
161106	822
161106	823
161106	824
161106	826
161106	836
161106	845
161106	939
161333	653
161333	654
161333	659
161333	661
161333	662
161333	665
161333	666
161333	667
161333	668
161333	670
161333	672
161333	673
161333	675
161333	677
161333	678
161333	679
161333	680
161333	681
161333	685
161333	688
161333	690
161333	692
161333	693
161333	697
161333	698
161333	699
161333	701
161333	702
161333	703
161333	705
161333	706
161333	709
161333	712
161333	713
161333	714
161333	720
161333	721
161333	722
161333	723
161333	724
161333	725
161333	726
161333	727
161333	730
161333	731
161333	733
161333	735
161333	736
161333	738
161333	739
161333	740
161333	742
161333	743
161333	744
161333	745
161333	746
161333	752
161333	760
161333	763
161333	765
161333	766
161541	749
161541	754
161541	758
161541	776
161541	777
161541	809
161541	823
161541	868
161541	870
161541	967
163175	684
163175	690
163175	695
163175	730
163175	731
163175	732
163175	739
163175	741
163175	744
163175	749
163175	754
163175	755
163175	758
163175	761
163175	768
163175	770
163175	773
163175	774
163175	778
163175	779
163175	781
163175	786
163175	794
163175	795
163175	815
163175	837
163175	867
163175	882
163175	897
163175	967
163727	716
163727	755
163727	780
164644	674
164644	676
164644	679
164644	746
164644	770
165054	713
165054	714
165054	722
165054	728
165054	749
165054	773
165054	774
165054	781
165054	782
165054	785
165054	786
165054	794
165054	799
165054	802
165054	807
165054	856
165054	878
165054	943
165054	950
167435	773
167435	795
167649	656
167649	673
167649	674
167649	677
167649	678
167649	679
167649	688
167649	690
167649	702
167649	703
167649	705
167649	709
167649	715
167649	720
167649	724
167649	726
167649	733
167649	734
167649	735
167649	736
167649	738
167649	740
167649	741
167649	743
167649	745
167649	746
167649	747
167649	752
167649	755
167649	758
167649	759
167649	760
167649	764
167649	765
167649	769
167649	771
167649	774
167649	1447
169665	661
169665	664
169665	665
169665	668
169665	669
169665	672
169665	673
169665	675
169665	677
169665	678
169665	679
169665	680
169665	681
169665	682
169665	683
169665	685
169665	686
169665	690
169665	692
169665	693
169665	697
169665	698
169665	699
169665	702
169665	704
169665	707
169665	708
169665	712
169665	714
169665	720
169665	722
169665	725
169665	726
169665	729
169665	730
169665	731
169665	733
169665	734
169665	738
169665	739
169665	741
169665	742
169665	743
169665	744
169665	748
169665	752
169665	754
169665	756
169665	758
169665	759
169665	761
169665	762
169665	763
169665	764
169665	823
172863	674
172863	675
172863	676
172863	677
172863	696
172863	699
172863	701
172863	702
172863	703
172863	704
172863	705
172863	706
172863	707
172863	708
172863	709
172863	711
172863	714
172863	716
172863	717
172863	721
172863	722
172863	723
172863	728
172863	730
172863	734
172863	743
172863	747
172863	748
172863	750
172863	757
172863	758
172863	764
172863	767
172863	772
172863	780
172863	781
172863	826
172863	891
172863	905
172863	961
175937	696
175937	738
175937	752
175937	768
175937	773
175937	774
175937	777
175937	783
175937	791
175937	795
175937	801
175937	814
175937	830
175937	859
176333	697
176333	698
176333	713
176333	727
176333	728
176333	732
176333	747
176333	750
176333	755
176333	766
176333	775
176333	777
176333	779
176333	780
176333	781
176333	789
176333	795
176333	833
176333	856
176333	870
176333	897
176333	950
178196	714
178196	749
178196	755
178196	759
178196	783
178196	796
182008	751
182008	766
182008	789
182008	815
182008	950
182883	735
182883	744
182883	745
182883	746
182883	747
182883	758
182883	761
182883	764
182883	766
182883	769
182883	771
182883	772
182883	778
182883	785
182883	787
182883	790
182883	792
182883	793
182883	799
182883	800
182883	802
182883	805
182883	807
182883	818
182883	820
182883	823
182883	824
182883	829
182883	835
182883	838
182883	839
182883	842
182883	848
184695	696
184695	705
184695	714
184695	720
184695	739
184695	759
184695	777
184695	795
185072	696
185072	722
185072	814
185072	830
185072	856
185072	859
185072	950
187049	698
187049	705
187049	707
187049	711
187049	712
187049	715
187049	716
187049	720
187049	722
187049	725
187049	737
187049	738
187049	739
187049	741
187049	743
187049	744
187049	745
187049	747
187049	750
187049	753
187049	754
187049	755
187049	756
187049	759
187049	760
187049	763
187049	766
187049	768
187049	769
187049	773
187049	774
187049	776
187049	777
187049	778
187049	780
187049	781
187049	783
187049	784
187049	785
187049	787
187049	789
187049	791
187049	794
187049	795
187049	798
187049	799
187049	804
187049	806
187049	809
187049	815
187049	823
187049	825
187049	840
187049	842
187049	845
187049	853
187049	855
187049	859
187049	868
187049	870
187049	878
187049	882
187049	912
187049	961
187049	967
188222	696
188222	701
188222	714
188222	717
188222	749
188222	774
188222	783
188718	714
188718	716
188718	722
188718	755
188718	815
188724	696
188724	712
188724	722
188724	744
188724	766
188724	770
188724	788
188724	830
188948	696
188948	707
188948	733
188948	738
188948	745
188948	773
188948	777
188948	823
188948	878
188948	910
189288	701
189288	709
189288	714
189288	715
189288	717
189288	735
189288	749
189288	759
189288	761
189288	774
189288	781
189288	799
189288	819
189288	943
189288	1025
189288	1123
189288	2824
189978	673
189978	674
189978	677
189978	689
189978	690
189978	698
189978	699
189978	702
189978	715
189978	726
189978	727
189978	728
189978	731
189978	732
189978	733
189978	736
189978	738
189978	739
189978	742
189978	761
189978	765
191503	707
191503	712
191503	714
191503	717
191503	750
191503	768
191503	772
191503	781
191503	814
191503	815
191503	830
191503	859
191503	884
191902	696
191902	770
191902	781
191902	1133
192992	689
192992	698
192992	701
192992	721
192992	722
192992	724
192992	727
192992	730
192992	738
192992	739
192992	741
192992	742
192992	743
192992	745
192992	748
192992	750
192992	751
192992	752
192992	755
192992	760
192992	762
192992	769
192992	771
192992	772
192992	774
192992	782
192992	783
192992	787
192992	788
192992	809
194952	696
194952	712
194952	714
194952	722
194952	728
194952	739
194952	741
194952	751
194952	766
194952	767
194952	768
194952	793
194952	808
194952	814
194952	825
194952	830
194952	845
194952	855
194952	859
198256	713
198256	750
198256	758
198256	759
198256	773
198256	796
198256	801
198256	814
198256	855
199007	656
199007	702
199007	706
199007	708
199007	718
199007	726
199007	731
199007	733
199007	738
199007	744
199007	750
199007	751
199007	759
199007	774
199007	776
199007	802
199069	714
199069	759
199069	776
199069	825
199339	746
199339	749
199339	763
199339	778
199339	791
199339	810
199339	815
199339	823
199339	824
200126	696
200126	698
200126	714
200126	753
200126	777
200126	795
200126	819
200126	823
200126	825
200126	830
200126	902
200126	943
200126	949
200665	712
200665	714
200665	749
200665	773
200665	1701
201865	682
201865	696
201865	697
201865	702
201865	704
201865	705
201865	707
201865	712
201865	714
201865	720
201865	725
201865	731
201865	734
201865	735
201865	739
201865	746
201865	749
201865	756
201865	759
201865	770
201865	777
201865	786
201865	795
201865	815
201865	830
201865	943
203295	695
203295	714
203295	739
203295	781
203295	794
203295	799
203295	814
203295	830
203506	714
203506	818
203506	940
204895	695
204895	767
204895	770
204895	778
204895	812
204895	815
206404	714
206404	721
206404	722
206404	728
206404	730
206404	734
206404	737
206404	743
206404	746
206404	749
206404	755
206404	757
206404	759
206404	768
206404	780
206404	781
206404	784
206404	799
206404	804
206404	809
206404	814
206404	828
206404	833
206404	845
206404	868
206404	875
206404	891
206404	967
206557	749
206557	789
206557	856
206557	939
206557	950
208070	696
208070	701
208070	712
208070	714
208070	733
208070	741
208070	744
208070	749
208070	770
208070	779
208070	780
208070	781
208070	783
208070	840
208070	855
208598	787
208598	794
208598	915
209308	696
209308	701
209308	705
209308	712
209308	713
209308	714
209308	717
209308	722
209308	728
209308	737
209308	739
209308	741
209308	749
209308	753
209308	755
209308	759
209308	766
209308	768
209308	770
209308	773
209308	777
209308	778
209308	781
209308	783
209308	786
209308	799
209308	804
209308	810
209308	814
209308	815
209308	818
209308	823
209308	824
209308	826
209308	830
209308	849
209308	852
209308	855
209308	856
209308	859
209308	881
209308	884
209308	887
209308	889
209308	902
209308	915
209308	936
209308	939
209308	940
209308	943
209308	947
209308	950
209308	955
209375	714
209375	724
209375	780
209375	783
209375	884
211747	714
211747	749
211747	767
211747	815
211747	856
211825	701
211825	717
211825	745
211825	749
211825	750
211825	755
211825	757
211825	758
211825	764
211825	780
211825	785
211825	796
211825	805
213035	696
213035	703
213035	714
213035	717
213035	721
213035	722
213035	744
213035	749
213035	779
213035	781
213035	814
213035	817
213035	830
213035	940
213035	950
213035	1011
214461	696
214461	713
214461	714
214461	722
214461	766
214461	773
214461	810
214461	815
214461	830
214461	859
215493	654
215493	655
215493	661
215493	667
215493	682
215493	683
215493	690
215493	698
215493	701
215493	711
215493	714
215493	716
215493	717
215493	731
215493	732
215493	733
215493	741
215493	747
215493	748
215493	752
215493	754
215493	755
215493	759
215493	773
215493	774
215493	776
215493	780
215493	809
215493	855
216738	770
216738	804
216738	831
216738	849
216738	984
217248	682
217248	696
217248	713
217248	714
217248	738
217248	770
217248	830
217248	837
217248	845
217248	1542
217814	696
217814	701
217814	714
217814	739
217814	749
217814	774
217814	786
217814	830
219202	661
219202	684
219202	704
219202	720
219202	744
219202	749
219202	752
219202	766
219202	775
219202	778
219202	789
219202	798
219202	815
219202	825
219202	867
219202	940
219202	1071
219202	1240
219369	714
219369	773
219516	648
219516	649
219516	650
219516	652
219516	654
219516	656
219516	659
219516	660
219516	661
219516	662
219516	665
219516	666
219516	667
219516	668
219516	669
219516	673
219516	677
219516	680
219516	681
219516	682
219516	687
219516	690
219516	692
219516	697
219516	698
219516	701
219516	702
219516	703
219516	704
219516	706
219516	707
219516	708
219516	709
219516	710
219516	712
219516	713
219516	714
219516	719
219516	720
219516	723
219516	726
219516	727
219516	729
219516	730
219516	731
219516	734
219516	736
219516	738
219516	739
219516	740
219516	741
219516	742
219516	743
219516	744
219516	745
219516	752
219516	758
219516	759
219516	786
219516	820
219516	846
219516	854
219516	895
219516	944
219516	977
219719	666
219719	682
219719	696
219719	714
221564	696
221564	714
221564	717
221564	737
221564	795
221564	798
221564	800
221564	809
221564	814
221564	840
221564	845
221564	2760
221564	2932
221746	696
221746	724
221746	735
221746	759
221746	768
221746	774
221746	781
221746	804
221746	823
222886	714
222886	716
222886	717
222886	721
222886	722
222886	725
222886	728
222886	730
222886	746
222886	750
222886	754
222886	756
222886	757
222886	758
222886	759
222886	763
222886	768
222886	782
222886	785
222886	802
222886	819
222886	820
222886	823
222886	826
222886	830
222886	859
222886	868
222886	878
222886	950
224073	714
224073	759
224073	781
224073	943
224661	666
224661	696
224661	697
224661	701
224661	703
224661	713
224661	714
224661	720
224661	722
224661	725
224661	731
224661	749
224661	750
224661	752
224661	753
224661	754
224661	755
224661	758
224661	759
224661	762
224661	763
224661	769
224661	770
224661	773
224661	786
224661	787
224661	805
224661	830
224661	833
224661	836
224661	845
224661	848
224661	855
224661	856
224661	887
224661	891
224661	905
224661	949
224661	1148
225204	738
225204	783
226264	701
226264	705
226264	714
226264	717
226264	743
226264	744
226264	747
226264	749
226264	774
226264	781
226264	783
226264	799
226264	815
226264	859
226264	910
227249	682
227249	690
227249	698
227249	704
227249	712
227249	714
227249	717
227249	720
227249	725
227249	744
227249	745
227249	755
227249	762
227249	774
227249	779
227249	780
227249	785
227249	788
227249	804
227249	826
227249	846
227249	867
228053	705
228053	739
228053	745
228053	747
228053	748
228053	763
228053	768
228053	771
228053	781
228053	791
228053	804
228053	825
228053	855
228053	859
228053	868
228053	884
228053	1550
230291	714
230291	717
230291	730
230291	749
230291	758
230291	769
230291	796
230291	814
230291	830
230291	855
230291	856
230291	870
230291	912
230291	943
231583	714
231583	734
231583	739
231583	785
231583	818
231583	884
231583	949
231583	978
232511	696
232511	714
232511	749
232511	755
232511	759
232511	768
232511	773
232511	781
232511	804
232511	818
232511	819
232511	824
232511	830
232511	859
232511	884
232511	936
232511	943
233252	743
233252	758
233252	759
233252	773
233252	783
233252	818
233252	826
233252	830
233252	934
233252	943
233739	714
233739	715
233739	815
233739	825
233739	870
236270	696
236270	717
236270	720
236270	739
236270	759
236270	773
236270	781
236270	799
236270	818
236270	823
236270	825
236270	856
236270	2762
236493	701
236493	713
236493	714
236493	715
236493	720
236493	725
236493	737
236493	739
236493	744
236493	747
236493	749
236493	755
236493	759
236493	761
236493	763
236493	773
236493	774
236493	780
236493	781
236493	784
236493	788
236493	806
236493	807
236493	815
236493	826
236493	830
236493	940
237810	696
237810	704
237810	710
237810	713
237810	727
237810	730
237810	735
237810	738
237810	739
237810	741
237810	747
237810	750
237810	755
237810	758
237810	759
237810	769
237810	771
237810	773
237810	777
237810	780
237810	783
237810	784
237810	794
237810	795
237810	807
237810	817
237810	820
237810	825
237810	830
237810	833
237810	856
237810	859
237810	865
237810	870
237810	887
240042	697
240042	781
240042	783
240042	867
240042	910
240229	711
240229	714
240229	737
240229	755
240229	758
240229	759
240229	763
240229	767
240229	768
240229	773
240229	777
240229	783
240229	785
240229	796
240229	807
240229	810
240229	814
240229	816
240229	818
240229	848
240229	856
240229	859
240229	864
240229	868
240229	870
240229	889
240229	893
240229	912
241441	696
241441	737
241441	743
241441	759
241441	763
241441	768
241441	777
241441	790
241441	791
241441	799
241441	820
241441	830
241441	943
241441	967
242159	664
242159	669
242159	670
242159	681
242159	682
242159	683
242159	686
242159	690
242159	692
242159	694
242159	697
242159	701
242159	703
242159	704
242159	705
242159	708
242159	709
242159	712
242159	713
242159	714
242159	715
242159	719
242159	720
242159	721
242159	722
242159	723
242159	726
242159	727
242159	728
242159	730
242159	734
242159	735
242159	741
242159	742
242159	743
242159	745
242159	752
242159	757
242159	758
242159	761
242159	764
242159	778
242159	780
242159	782
242159	785
242159	787
242159	788
242159	793
242159	799
242159	804
242159	809
242159	818
242159	860
242159	1121
242159	1138
242159	1342
242159	1384
242159	1398
242159	1489
242159	1510
242159	1766
242159	3198
243236	696
243236	714
243236	715
243236	739
243236	741
243236	756
243236	758
243236	785
243236	789
243236	795
243236	830
243236	855
243236	897
243236	1011
246132	668
246132	669
246132	670
246132	673
246132	677
246132	682
246132	683
246132	686
246132	688
246132	697
246132	699
246132	703
246132	705
246132	707
246132	709
246132	724
246132	727
246132	728
246132	729
246132	730
246132	733
246132	735
246132	736
246132	745
246132	747
246132	748
246132	757
246132	758
246132	759
246132	760
246132	763
246132	764
246132	765
246132	769
246132	771
246132	772
246132	775
246132	778
246632	814
246632	884
246632	900
248665	695
248665	696
248665	714
248665	731
248665	741
248665	745
248665	757
248665	792
248665	799
248665	804
248665	868
248755	714
248755	749
248755	759
248755	815
248755	830
248755	884
251084	684
251084	696
251084	698
251084	701
251084	702
251084	704
251084	705
251084	711
251084	714
251084	715
251084	716
251084	717
251084	720
251084	721
251084	724
251084	725
251084	727
251084	728
251084	730
251084	731
251084	734
251084	735
251084	737
251084	739
251084	743
251084	744
251084	745
251084	746
251084	747
251084	749
251084	753
251084	754
251084	755
251084	756
251084	757
251084	758
251084	759
251084	762
251084	763
251084	764
251084	768
251084	774
251084	777
251084	778
251084	779
251084	781
251084	782
251084	783
251084	784
251084	785
251084	786
251084	787
251084	788
251084	791
251084	792
251084	793
251084	794
251084	795
251084	798
251084	799
251084	800
251084	803
251084	804
251084	805
251084	808
251084	809
251084	813
251084	815
251084	820
251084	823
251084	825
251084	826
251084	828
251084	831
251084	833
251084	840
251084	842
251084	853
251084	855
251084	856
251084	867
251084	868
251084	870
251084	877
251084	878
251084	881
251084	891
251084	897
251084	905
251084	910
251084	967
251084	993
251407	695
251407	696
251407	697
251407	701
251407	714
251407	730
251407	732
251407	739
251407	741
251407	744
251407	747
251407	749
251407	755
251407	763
251407	775
251407	777
251407	782
251407	783
251407	788
251407	795
251407	799
251407	807
251407	814
251407	815
251407	818
251407	823
251407	830
251407	856
251407	884
251407	943
251407	947
251407	950
251407	967
251407	1093
251940	701
251940	714
251940	731
251940	766
251940	770
251940	783
252984	683
252984	708
252984	720
252984	728
252984	756
252984	758
252984	773
252984	775
252984	778
252984	781
254673	696
254673	698
254673	701
254673	702
254673	704
254673	705
254673	707
254673	711
254673	712
254673	714
254673	715
254673	720
254673	727
254673	738
254673	739
254673	741
254673	745
254673	752
254673	753
254673	755
254673	766
254673	770
254673	778
254673	783
254673	786
254673	788
254673	794
254673	795
254673	806
254673	815
254673	837
254673	853
254673	897
254673	905
254673	915
255195	696
255195	697
255195	704
255195	713
255195	716
255195	720
255195	721
255195	728
255195	735
255195	737
255195	739
255195	741
255195	745
255195	755
255195	756
255195	757
255195	768
255195	773
255195	777
255195	781
255195	782
255195	785
255195	790
255195	795
255195	809
255195	823
255195	831
255195	832
255195	859
255377	697
255377	712
255377	756
255377	799
255377	818
255377	832
255377	905
255693	712
255693	726
255693	735
255693	752
255693	758
255693	773
255693	776
255693	796
255693	802
255693	803
255693	809
255693	812
255693	824
255693	827
255693	844
255693	863
255961	696
255961	714
255961	814
255961	818
255961	830
255961	856
255961	859
255961	884
255961	950
255961	961
255961	1123
256126	695
256126	714
256126	759
256126	818
256126	830
256126	884
256126	939
258734	696
258734	741
258734	826
258734	859
259847	713
259847	717
259847	739
259847	760
259847	773
259847	774
259847	777
259847	784
259847	802
259847	810
259847	815
259847	842
259952	684
259952	696
259952	704
259952	705
259952	713
259952	714
259952	716
259952	720
259952	722
259952	738
259952	739
259952	744
259952	748
259952	749
259952	750
259952	755
259952	756
259952	758
259952	759
259952	766
259952	768
259952	770
259952	772
259952	773
259952	774
259952	776
259952	778
259952	779
259952	780
259952	785
259952	789
259952	790
259952	791
259952	796
259952	799
259952	800
259952	801
259952	804
259952	805
259952	808
259952	815
259952	820
259952	822
259952	826
259952	830
259952	831
259952	842
259952	845
259952	855
259952	856
259952	859
259952	867
259952	878
259952	897
259952	905
259952	939
259952	984
259952	993
261982	714
261982	749
261982	759
261982	773
261982	781
261982	814
261982	830
261982	856
261982	884
261982	943
262445	701
262445	714
262445	720
262445	741
262445	748
262445	749
262445	756
262445	760
262445	770
262445	774
262445	777
262445	778
262445	780
262445	795
262445	796
262445	884
262445	905
262726	714
262726	749
262726	814
262726	827
262726	904
263454	714
263454	810
263454	830
263454	895
263856	675
263856	677
263856	678
263856	680
263856	685
263856	688
263856	691
263856	694
263856	702
263856	704
263856	706
263856	707
263856	708
263856	719
263856	726
263856	733
263856	734
263856	736
263856	741
263856	744
263856	758
263856	759
263856	761
263856	764
263856	765
263856	769
263856	771
263856	778
263856	780
263856	785
263856	788
263856	799
263856	801
263856	802
263856	810
263856	821
263856	824
263856	826
263856	828
264025	773
264025	859
264090	686
264090	695
264090	704
264090	706
264090	707
264090	714
264090	722
264090	745
264090	788
264090	826
264135	749
264135	754
264135	792
264135	798
264135	799
264135	800
264135	801
264135	803
264135	804
264135	807
264135	808
264135	810
264135	811
264135	814
264135	816
264135	817
264135	818
264135	819
264135	823
264135	828
264135	829
264135	830
264135	831
264135	832
264135	833
264135	838
264135	840
264135	842
264135	845
264135	848
264135	849
264135	851
264135	856
264135	858
264135	859
264135	863
264135	864
264135	865
264135	868
264135	870
264135	874
264135	875
264135	877
264135	878
264135	881
264135	884
264135	887
264135	889
264135	893
264135	900
264135	903
264135	906
264135	907
264135	908
264135	910
264135	912
264135	914
264135	915
264135	916
264135	917
264135	918
264135	926
264135	927
264135	934
264135	943
264135	945
264135	949
264135	950
264135	966
264135	975
264135	978
264135	984
264135	993
264490	713
264490	731
264490	739
264490	745
264490	747
264490	773
264490	795
264490	825
264490	856
264490	865
264490	884
264490	950
266031	696
266031	713
266031	739
266031	770
266031	773
266031	778
266031	810
266031	814
266031	818
266031	856
266031	939
266031	940
266031	943
266356	714
266356	773
266837	712
266837	714
266837	741
266837	746
266837	774
266837	799
266837	810
266837	815
266837	830
266837	853
267590	714
267590	717
267590	721
267590	739
267590	749
267590	759
267590	799
267590	868
267783	666
267783	749
267783	771
268762	696
268762	713
268762	772
268891	714
268891	749
268891	773
268891	810
268891	818
268891	824
268891	830
268891	855
268891	897
268891	939
268991	713
268991	714
268991	739
268991	741
268991	750
268991	755
268991	759
268991	763
268991	810
268991	814
268991	815
268991	818
268991	826
268991	830
268991	846
268991	853
268991	855
268991	859
268991	884
268991	929
268991	940
268991	943
268991	963
269720	696
269720	714
269720	739
269720	749
269720	755
269720	770
269720	794
269720	799
269720	810
269720	814
269720	818
269720	830
269720	859
269720	884
269720	889
269720	939
269720	943
271089	713
271089	736
271089	747
271089	766
271089	770
271089	773
271089	774
271089	789
271089	791
271089	833
271089	845
271089	855
271089	859
271966	744
271966	748
271966	750
271966	760
271966	766
271966	768
271966	770
271966	771
271966	773
271966	788
271966	789
271966	790
271966	795
271966	798
271966	803
271966	813
271966	815
271966	832
271966	842
271966	845
271966	897
271976	714
271976	749
271976	770
271976	774
271976	799
271976	825
271976	827
271976	831
271976	849
271976	949
271976	975
272179	701
272179	712
272179	714
272179	747
272179	773
272179	776
272179	779
272179	781
272179	842
272179	856
272179	868
272805	720
272805	755
273258	692
273258	695
273258	713
273258	714
273258	755
273258	766
273258	770
273258	771
273258	773
273258	775
273258	789
273258	825
273258	855
273258	856
273258	939
273691	666
273691	696
273691	700
273691	713
273691	747
273691	749
273691	755
273691	759
273691	763
273691	766
273691	768
273691	770
273691	771
273691	773
273691	774
273691	777
273691	791
273691	794
273691	799
273691	805
273691	830
273691	856
273691	950
274161	714
274161	856
274161	859
274161	943
275246	685
275246	703
275246	713
275246	714
275246	745
275246	749
275246	759
275246	783
276034	698
276034	714
276034	756
276034	763
276034	779
276034	799
276034	815
276034	823
276034	859
277439	696
277439	714
277439	818
277439	830
277439	943
278559	660
278559	687
278559	697
278559	704
278559	707
278559	709
278559	714
278559	715
278559	721
278559	730
278559	746
278559	757
278559	769
278559	771
278559	774
278559	784
278559	785
278559	787
278559	798
278559	802
278559	804
278559	805
278559	808
278559	809
278559	813
278559	823
278559	840
278559	842
278559	847
278559	877
278559	878
278559	914
278559	916
278559	926
278559	945
278559	957
278559	959
278559	974
278559	981
278559	984
281734	681
281734	682
281734	687
281734	690
281734	692
281734	694
281734	696
281734	698
281734	701
281734	703
281734	706
281734	707
281734	709
281734	712
281734	727
281734	756
281734	762
281734	766
281734	897
282486	714
282486	749
282486	759
282486	766
282486	807
282486	824
282486	884
282486	943
282486	950
284565	714
284565	717
284565	749
284565	755
284565	859
290703	714
290703	749
290703	770
290703	777
290703	799
290703	810
290703	856
290703	967
290977	698
290977	714
290977	717
290977	755
290977	756
290977	758
290977	759
290977	768
290977	777
290977	784
290977	785
290977	796
290977	826
290977	859
290977	887
292663	648
292663	649
292663	650
292663	652
292663	653
292663	662
292663	674
292663	675
292663	678
292663	679
292663	681
292663	682
292663	684
292663	690
292663	692
292663	693
292663	696
292663	698
292663	702
292663	704
292663	707
292663	711
292663	714
292663	715
292663	717
292663	720
292663	725
292663	726
292663	727
292663	731
292663	732
292663	733
292663	739
292663	740
292663	744
292663	745
292663	747
292663	748
292663	749
292663	751
292663	752
292663	753
292663	754
292663	756
292663	757
292663	760
292663	762
292663	766
292663	770
292663	773
292663	774
292663	775
292663	777
292663	778
292663	780
292663	781
292663	782
292663	783
292663	784
292663	788
292663	790
292663	791
292663	793
292663	794
292663	795
292663	798
292663	800
292663	801
292663	804
292663	805
292663	807
292663	813
292663	815
292663	825
292663	830
292663	832
292663	837
292663	845
292663	853
292663	855
292663	856
292663	867
292663	877
292663	881
292663	882
292663	905
294461	799
294461	807
294461	810
294461	856
296242	695
296242	722
296242	724
296242	727
296242	737
296242	768
296242	773
296242	838
296242	891
296242	943
296244	703
296244	714
296244	737
296244	814
296244	830
296244	943
297061	681
297061	687
297061	695
297061	696
297061	698
297061	704
297061	709
297061	712
297061	714
297061	715
297061	721
297061	741
297061	744
297061	746
297061	749
297061	769
297061	779
297061	840
297061	961
297623	719
297623	722
297623	725
297623	741
297623	744
297623	766
297623	778
297623	782
297623	788
297623	889
297623	914
298825	682
298825	696
298825	714
298825	759
298825	815
298825	830
299210	696
299210	712
299210	714
299210	732
299210	771
299210	777
299210	789
299210	798
299884	696
299884	737
299884	772
299884	809
299884	813
299884	815
299884	855
300562	652
300562	656
300562	658
300562	659
300562	661
300562	662
300562	663
300562	665
300562	666
300562	667
300562	668
300562	669
300562	670
300562	672
300562	673
300562	674
300562	675
300562	677
300562	678
300562	679
300562	680
300562	681
300562	682
300562	683
300562	686
300562	688
300562	692
300562	694
300562	697
300562	699
300562	703
300562	706
300562	708
300562	709
300562	715
300562	722
300562	723
300562	725
300562	726
300562	727
300562	728
300562	735
300562	736
300562	737
300562	738
300562	741
300562	744
300562	745
300562	746
300562	747
300562	754
300562	757
300562	761
300562	763
300562	764
300562	765
300562	767
300562	769
300562	782
300562	820
300562	835
301487	682
301487	696
301487	712
301487	714
301487	753
301487	781
301487	783
301487	818
301487	830
301487	856
301487	870
301487	902
302110	651
302110	652
302110	654
302110	655
302110	656
302110	681
302110	682
302110	683
302110	686
302110	687
302110	690
302110	692
302110	694
302110	701
302110	702
302110	703
302110	705
302110	706
302110	707
302110	712
302110	713
302110	714
302110	715
302110	717
302110	720
302110	721
302110	722
302110	723
302110	724
302110	726
302110	741
302110	743
302110	744
302110	745
302110	746
302110	749
302110	752
302110	757
302110	760
302110	764
302110	769
302110	770
302110	771
302110	782
302110	785
302110	790
302110	856
302488	660
302488	666
302488	677
302488	686
302488	690
302488	699
302488	701
302488	703
302488	705
302488	706
302488	709
302488	710
302488	714
302488	715
302488	726
302488	728
302488	729
302488	730
302488	737
302488	746
302488	747
302488	757
302488	763
302488	769
302645	701
302645	712
302645	714
302645	717
302645	743
302645	749
302645	759
302645	781
302645	782
302645	783
302645	1078
303269	651
303269	653
303269	659
303269	666
303269	680
303269	685
303269	693
303269	695
303269	696
303269	698
303269	701
303269	702
303269	705
303269	707
303269	711
303269	712
303269	713
303269	714
303269	717
303269	722
303269	726
303269	731
303269	734
303269	741
303269	744
303269	745
303269	749
303269	757
303269	763
303269	766
303269	769
303269	770
303269	773
303269	774
303269	778
303269	780
303269	782
303269	785
303269	786
303269	788
303269	790
303269	795
303269	799
303269	804
303269	823
303269	825
303269	830
303269	833
303269	840
303269	851
303269	853
303269	859
303269	867
305182	661
305182	684
305182	706
305182	714
305182	726
305182	730
305182	809
305182	826
305182	968
306282	701
306282	714
306282	715
306282	717
306282	725
306282	731
306282	737
306282	738
306282	739
306282	746
306282	749
306282	753
306282	755
306282	759
306282	763
306282	766
306282	768
306282	769
306282	770
306282	773
306282	781
306282	782
306282	783
306282	798
306282	801
306282	803
306282	808
306282	817
306282	823
306282	829
306282	830
306282	833
306282	856
306282	863
306282	865
306282	868
306282	870
306282	884
306282	897
306282	900
306282	914
306282	916
306282	934
306282	943
306282	950
306282	978
306688	696
306688	698
306688	714
306688	720
306688	724
306688	727
306688	735
306688	739
306688	745
306688	749
306688	755
306688	759
306688	768
306688	770
306688	777
306688	783
306688	794
306688	795
306688	799
306688	804
306688	805
306688	823
306688	837
306688	905
307201	659
307201	662
307201	666
307201	670
307201	673
307201	677
307201	681
307201	682
307201	688
307201	690
307201	692
307201	694
307201	697
307201	705
307201	708
307201	709
307201	713
307201	714
307201	721
307201	722
307201	723
307201	724
307201	727
307201	728
307201	730
307201	731
307201	733
307201	734
307201	735
307201	736
307201	739
307201	740
307201	741
307201	743
307201	745
307201	752
307706	690
307706	721
307706	739
307706	741
307706	746
307706	748
307706	749
307706	755
307706	759
307706	768
307706	787
307706	845
307706	961
307706	967
308453	681
308453	688
308453	690
308453	692
308453	694
308453	701
308453	703
308453	705
308453	707
308453	708
308453	711
308453	712
308453	713
308453	714
308453	715
308453	720
308453	721
308453	722
308453	730
308453	733
308453	734
308453	735
308453	736
308453	743
308453	744
308453	752
308453	757
308453	761
308453	772
308453	785
308453	786
308453	790
308453	793
308834	665
308834	673
308834	674
308834	675
308834	678
308834	679
308834	680
308834	681
308834	682
308834	687
308834	690
308834	692
308834	693
308834	698
308834	699
308834	701
308834	703
308834	705
308834	706
308834	707
308834	708
308834	714
308834	715
308834	720
308834	723
308834	726
308834	727
308834	731
308834	732
308834	733
308834	736
308834	744
308834	745
308834	756
308834	766
308834	822
308834	905
309162	714
309162	721
309162	739
309162	748
309162	749
309162	759
309162	768
309162	781
309162	799
309162	804
309162	810
309162	814
309162	818
309162	887
309162	889
309162	902
309162	915
309162	927
309162	949
309162	967
309926	714
309926	737
309926	748
309926	749
309926	755
309926	781
309926	784
309926	805
309926	815
309926	830
309926	859
309926	882
309926	884
309926	939
309926	943
310354	651
310354	654
310354	661
310354	666
310354	673
310354	674
310354	682
310354	690
310354	692
310354	695
310354	697
310354	698
310354	703
310354	704
310354	706
310354	707
310354	709
310354	710
310354	712
310354	714
310354	715
310354	717
310354	719
310354	720
310354	721
310354	726
310354	727
310354	731
310354	732
310354	733
310354	734
310354	736
310354	739
310354	740
310354	741
310354	742
310354	743
310354	744
310354	745
310354	746
310354	748
310354	749
310354	750
310354	751
310354	752
310354	754
310354	755
310354	757
310354	758
310354	759
310354	762
310354	763
310354	764
310354	766
310354	769
310354	771
310354	772
310354	774
310354	776
310354	780
310354	782
310354	784
310354	787
310354	788
310354	790
310354	792
310354	795
310354	799
310354	800
310354	801
310354	802
310354	803
310354	804
310354	808
310354	809
310354	812
310354	819
310354	820
310354	825
310354	826
310354	829
310354	830
310354	831
310354	832
310354	837
310354	842
310354	845
310354	853
310354	855
310354	856
310354	859
310354	868
310354	870
310354	878
310354	891
310354	897
310354	905
310354	910
310461	682
310461	690
310461	696
310461	704
310461	714
310461	722
310461	744
310461	749
310461	770
310461	826
310461	936
310499	722
310499	753
310499	814
310499	946
312108	714
312108	783
312108	804
312108	807
312108	818
312108	830
312108	856
312108	887
312497	661
312497	662
312497	663
312497	664
312497	665
312497	666
312497	668
312497	672
312497	673
312497	674
312497	680
312497	681
312497	682
312497	683
312497	684
312497	685
312497	686
312497	688
312497	690
312497	691
312497	692
312497	693
312497	695
312497	696
312497	701
312497	702
312497	703
312497	705
312497	706
312497	707
312497	708
312497	709
312497	711
312497	712
312497	714
312497	715
312497	717
312497	721
312497	722
312497	724
312497	725
312497	726
312497	727
312497	729
312497	731
312497	734
312497	737
312497	738
312497	739
312497	740
312497	741
312497	742
312497	744
312497	745
312497	747
312497	748
312497	759
312497	761
312497	764
312497	769
312497	771
312497	774
312497	778
312497	783
312497	785
312497	786
312497	787
312497	788
312497	792
312497	799
312497	828
312497	853
313893	714
313893	749
313893	758
313893	785
313893	826
314302	696
314302	714
314302	732
314302	759
314302	783
314302	812
314302	819
314302	830
314302	856
314302	859
315749	717
316528	695
316528	697
316528	705
316528	714
316528	749
316528	830
316528	912
318503	696
318503	698
318503	702
318503	704
318503	711
318503	713
318503	714
318503	715
318503	720
318503	724
318503	725
318503	727
318503	728
318503	731
318503	734
318503	735
318503	737
318503	739
318503	746
318503	747
318503	749
318503	753
318503	754
318503	756
318503	758
318503	760
318503	762
318503	763
318503	767
318503	770
318503	774
318503	777
318503	780
318503	781
318503	782
318503	785
318503	786
318503	794
318503	802
318503	805
318503	808
318503	813
318503	826
318503	855
318503	856
318503	881
318503	891
318503	905
318503	908
318503	967
318518	696
318518	714
318518	810
318518	814
318518	830
318518	836
318518	846
318518	859
318518	881
318518	927
318518	929
318518	940
318518	950
318518	963
318993	701
318993	713
318993	714
318993	722
318993	724
318993	728
318993	738
318993	741
318993	743
318993	746
318993	747
318993	750
318993	753
318993	757
318993	759
318993	764
318993	769
318993	771
318993	773
318993	776
318993	780
318993	781
318993	783
318993	784
318993	785
318993	787
318993	794
318993	800
318993	804
318993	808
318993	809
318993	815
318993	823
318993	825
318993	833
318993	845
318993	859
318993	868
318993	891
318993	967
319194	698
319194	703
319194	704
319194	709
319194	744
319194	769
319194	773
319194	777
319194	779
319194	784
319194	867
320537	701
320537	713
320537	714
320537	715
320537	719
320537	722
320537	726
320537	731
320537	734
320537	740
320537	743
320537	750
320537	765
320537	769
320537	771
320537	772
320537	774
320537	782
321036	682
321036	684
321036	696
321036	714
321036	725
321036	731
321036	739
321036	755
321036	756
321036	757
321036	768
321036	780
321036	781
321036	787
321036	795
321235	695
321235	696
321235	697
321235	701
321235	702
321235	713
321235	714
321235	722
321235	734
321235	736
321235	755
321235	757
321235	766
321235	770
321235	773
321235	774
321235	779
321235	815
321235	855
321235	856
321235	859
321346	745
321346	787
321346	828
321346	875
321346	878
321348	696
321348	698
321348	719
321348	721
321348	722
321348	737
321348	756
321348	761
321348	778
321348	781
321348	783
321348	793
321348	809
321348	817
321348	830
321348	845
321348	853
321348	859
321348	886
321348	938
321348	967
321348	1067
321348	1160
321348	1326
321491	700
321491	766
321491	768
321491	791
321491	805
321491	810
321491	815
321491	846
322216	661
322216	702
322216	706
322216	711
322216	714
322216	723
322216	724
322216	725
322216	726
322216	727
322216	729
322216	730
322216	731
322216	733
322216	736
322216	738
322216	739
322216	740
322216	741
322216	742
322216	745
322216	752
322216	754
322216	755
322216	758
322216	761
322216	763
322216	765
322216	772
322216	780
322216	784
322216	785
322216	787
322216	788
322216	795
322216	796
322216	797
322216	812
322216	820
322216	837
322216	845
322216	891
322465	699
322465	719
322465	720
322465	724
322465	727
322465	748
322465	760
322465	771
322465	791
322465	809
322465	813
322465	856
322531	662
322531	668
322531	669
322531	670
322531	672
322531	675
322531	706
322531	708
322531	709
322531	713
322531	714
322531	715
322531	716
322531	726
322531	739
322531	742
322531	746
322531	758
322531	766
322531	767
322531	769
322531	771
322531	784
322531	791
322531	793
322531	815
322531	820
322531	825
322531	826
322531	891
324280	696
324280	703
324280	704
324280	714
324280	717
324280	741
324280	755
324280	759
324280	774
324280	804
324280	856
324280	884
325823	696
325823	714
325823	741
325823	755
325823	768
325823	889
326002	696
326002	714
326002	749
326768	750
326768	773
326768	780
326768	790
326768	801
326768	819
326768	825
326768	855
326768	870
326915	714
326915	739
326915	749
326915	815
327130	682
327130	690
327130	691
327130	695
327130	696
327130	697
327130	704
327130	711
327130	714
327130	715
327130	717
327130	720
327130	721
327130	725
327130	727
327130	732
327130	735
327130	739
327130	743
327130	744
327130	745
327130	746
327130	747
327130	749
327130	753
327130	755
327130	756
327130	758
327130	759
327130	760
327130	762
327130	763
327130	767
327130	769
327130	770
327130	774
327130	775
327130	776
327130	777
327130	778
327130	779
327130	780
327130	781
327130	782
327130	783
327130	784
327130	785
327130	788
327130	790
327130	794
327130	795
327130	796
327130	809
327130	820
327130	823
327130	825
327130	826
327130	853
327130	870
327130	912
327130	967
327999	815
327999	856
329126	722
329126	737
329126	755
329126	757
329126	792
329126	864
330387	713
330387	728
330387	773
330387	783
330387	822
330387	856
330387	914
330407	682
330407	696
330407	697
330407	701
330407	704
330407	707
330407	713
330407	714
330407	717
330407	720
330407	721
330407	724
330407	727
330407	730
330407	731
330407	739
330407	741
330407	745
330407	746
330407	749
330407	753
330407	757
330407	759
330407	777
330407	783
330407	790
330407	795
330407	799
330407	804
330407	809
330407	823
330407	828
330407	830
330407	832
330407	845
330407	851
330407	853
330407	877
330407	882
332101	714
332101	741
332101	818
332101	830
332204	714
332204	717
332204	749
332204	759
332204	763
332204	814
332204	818
332204	830
332346	696
332346	698
332346	701
332346	714
332346	720
332346	726
332346	738
332346	740
332346	743
332346	765
332346	774
332346	784
332346	788
332346	845
332346	880
332346	1369
332346	1387
332346	1605
334571	696
334571	714
334571	722
334571	755
334571	759
334571	773
334571	802
334571	807
334571	830
334571	855
334571	859
334705	714
334705	746
334705	749
334998	714
334998	790
334998	794
334998	830
334998	861
334998	950
