1750	1069
1750	1095
1750	1098
1750	1103
1750	1152
1750	1168
1750	1169
1791	1102
1791	1138
2068	1011
2068	1023
2068	1029
2068	1033
2068	1036
2068	1039
2068	1052
2068	1060
2068	1068
2068	1078
2068	1082
2068	1083
2068	1100
2068	1107
2068	1143
2068	1148
2068	1168
3306	1011
3306	1022
3306	1023
3306	1027
3306	1030
3306	1032
3306	1060
3306	1067
3306	1068
3306	1073
3306	1078
3306	1087
3306	1091
3306	1095
3306	1103
3306	1105
3306	1133
3306	1143
3306	1168
3306	1169
3651	1030
3651	1085
3892	1010
3892	1029
3892	1032
3892	1047
3892	1051
3892	1060
3892	1068
3892	1094
3892	1095
3892	1105
3892	1139
3892	1168
3892	2570
4805	1104
4966	1047
4966	1068
4966	1072
4966	1094
4966	1103
4966	1123
4966	1190
4966	1235
6237	1055
6237	1074
6237	1075
6237	1105
6237	1116
6237	1168
6648	1003
6648	1010
6648	1011
6648	1023
6648	1025
6648	1029
6648	1032
6648	1083
6690	985
6690	1004
6690	1010
6690	1013
6690	1022
6690	1023
6690	1027
6690	1032
6690	1046
6690	1058
6690	1067
6690	1073
6690	1076
6690	1078
6690	1085
6690	1095
6690	1133
6690	1152
6935	985
6935	1004
6935	1029
6935	1033
6935	1068
6935	1104
6935	1133
6935	1168
6935	1198
7146	1068
7146	1394
7490	1027
7490	1032
7490	1103
7490	1107
7490	1116
7784	955
7784	959
7784	966
7784	967
7784	968
7784	971
7784	972
7784	978
7808	985
7808	1002
7808	1003
7808	1010
7808	1011
7808	1012
7808	1013
7808	1015
7808	1025
7808	1029
7808	1032
7808	1034
7808	1037
7808	1047
7808	1057
7808	1058
7808	1070
7808	1073
7808	1083
7808	1085
7808	1089
7808	1100
7808	1105
7808	1121
7808	1162
7808	1168
7886	1072
7886	1073
7886	1074
7886	1078
7886	1085
7886	1094
7886	1095
7886	1111
7886	1124
7886	1126
7886	1185
7886	1235
9386	922
9386	923
9386	926
9386	937
9386	940
9386	942
9386	945
9386	948
9386	952
9386	955
9386	956
9386	957
9386	960
9386	961
9386	964
9386	966
9386	967
9386	968
9386	970
9386	971
9386	972
9386	974
9386	975
9386	976
9386	978
9386	979
9386	981
9386	986
9386	992
9386	993
9386	994
9386	995
9386	996
9386	997
9386	998
9386	1003
9386	1004
9386	1005
9386	1013
9386	1015
9386	1018
9386	1019
9386	1023
9386	1026
9386	1028
9386	1029
9386	1032
9386	1034
9386	1038
9386	1042
9386	1044
9386	1045
9386	1046
9386	1053
9386	1058
9386	1061
9386	1062
9386	1063
9386	1064
9386	1066
9386	1067
9386	1068
9386	1073
9386	1075
9919	998
9919	1036
9919	1060
9919	1068
9919	1105
9919	1136
9919	1151
10031	1011
10031	1025
10031	1027
10031	1032
10031	1044
10031	1053
10031	1068
10031	1070
10031	1095
10031	1105
10031	1133
10031	1168
10223	937
10223	938
10223	942
10223	957
10223	960
10223	964
10223	966
10223	975
10223	978
10223	979
10223	980
10223	982
10223	983
10223	989
10223	993
10223	995
10223	996
10223	997
10223	998
10223	1001
10223	1013
10223	1017
10223	1018
10223	1021
10223	1023
10223	1028
10223	1032
10223	1045
10223	1047
10223	1054
10223	1056
10223	1062
10223	1065
10223	1080
10223	1081
10223	1107
10252	1050
10252	1072
10252	1077
10252	1087
10252	1094
10252	1095
10252	1097
10252	1108
10252	1116
10252	1119
10252	1136
10252	1146
10252	1148
10252	1159
10252	1168
10252	1235
11945	1030
11945	1052
11945	1083
11945	1090
11945	1103
12604	1032
12604	1078
13361	985
13361	1007
13361	1011
13361	1047
13361	1056
13361	1072
13361	1111
13361	1133
15947	951
15947	1022
15947	1025
15947	1030
15947	1035
15947	1042
15947	1043
15947	1057
15947	1072
15947	1081
15947	1087
15947	1102
15947	1105
15947	1107
15947	1113
15947	1136
15947	1138
15947	1143
15947	1157
16033	1023
16033	1060
16339	940
16339	1016
16339	1018
16339	1027
16339	1030
16339	1032
16339	1046
16339	1047
16339	1052
16339	1056
16339	1058
16339	1059
16339	1065
16339	1066
16339	1068
16339	1069
16339	1074
16339	1078
16339	1079
16339	1085
16339	1087
16339	1089
16339	1093
16339	1094
16339	1095
16339	1096
16339	1097
16339	1100
16339	1102
16339	1103
16339	1110
16339	1111
16339	1114
16339	1115
16339	1116
16339	1126
16339	1134
16339	1141
16339	1189
16339	1209
16385	1068
16385	1095
16385	1133
17064	986
17064	1002
17064	1004
17064	1025
17064	1027
17064	1030
17064	1043
17064	1061
17064	1069
17064	1076
17064	1078
17064	1096
17064	1100
17064	1105
17064	1111
17064	1133
17064	1151
17064	1189
17064	1265
18825	1023
18825	1025
18825	1027
18825	1156
19141	1011
19141	1032
19141	1060
19141	1105
19141	1168
19141	1169
20447	1011
20447	1018
20447	1027
20447	1029
20447	1032
20447	1047
20447	1051
20447	1055
20447	1069
20447	1078
20447	1095
20447	1105
20447	1106
20447	1118
20447	1148
20447	1152
20447	1168
20447	1175
20447	1226
20447	1235
20447	1261
23192	1027
23192	1046
23192	1062
23192	1068
23192	1085
23192	1095
23192	1103
23192	1143
23192	1166
23192	1168
23192	1190
23192	1394
24134	1020
24134	1023
24134	1029
24134	1038
24134	1070
24134	1073
24134	1074
24134	1115
24134	1124
24134	1169
24217	1143
24371	985
24371	986
24371	996
24371	998
24371	1002
24371	1003
24371	1008
24371	1009
24371	1011
24371	1013
24371	1022
24371	1025
24371	1028
24371	1029
24371	1030
24371	1036
24371	1037
24371	1038
24371	1040
24371	1043
24371	1044
24371	1061
24371	1062
24371	1066
24371	1068
24371	1069
24371	1070
24371	1073
24371	1076
24371	1081
24371	1083
24371	1084
24371	1087
24371	1089
24371	1090
24371	1091
24371	1096
24371	1100
24371	1102
24371	1103
24371	1107
24371	1111
24371	1114
24371	1115
24371	1138
24371	1143
26712	949
26712	962
26712	963
26712	979
26712	981
26712	986
26712	996
26712	1009
26712	1010
26712	1018
26712	1020
26712	1045
26712	1048
26712	1050
26712	1053
26712	1062
26712	1063
26712	1069
26712	1070
26712	1076
26712	1077
26712	1079
26712	1090
26712	1092
27321	1095
27321	1131
27321	1151
27501	1025
27501	1029
27501	1033
27501	1047
27501	1068
27501	1072
27501	1093
27501	1115
29255	934
29255	935
29255	942
29255	944
29255	946
29255	955
29255	956
29255	957
29255	959
29255	960
29255	962
29255	964
29255	965
29255	966
29255	967
29255	968
29255	970
29255	971
29255	972
29255	973
29255	974
29255	975
29255	976
29255	979
29255	980
29255	981
29255	983
29255	986
29255	988
29255	993
29255	995
29255	996
29255	997
29255	998
29255	1000
29255	1003
29255	1007
29255	1008
29255	1010
29255	1012
29255	1013
29255	1016
29255	1018
29255	1021
29255	1027
29255	1028
29255	1032
29255	1037
29255	1038
29255	1042
29255	1044
29255	1046
29255	1047
29255	1049
29255	1050
29255	1053
29255	1056
29255	1059
29255	1062
29255	1065
29255	1070
29255	1073
29255	1076
29255	1078
29255	1091
29255	1113
29778	985
29778	1011
29778	1022
29778	1032
29778	1068
29778	1082
29778	1093
29778	1095
29778	1103
29778	1105
29778	1106
29778	1122
29778	1148
29778	1168
29778	1212
29778	1235
29778	1394
30733	1095
33540	1009
33540	1037
33540	1095
34154	996
34154	1029
34154	1036
34154	1038
34154	1060
34154	1068
34154	1075
34154	1082
34154	1103
34154	1105
34154	1151
34611	1017
34611	1075
34611	1079
35478	945
35478	957
35478	962
35478	968
35478	970
35478	974
35478	979
35478	983
35478	986
35478	988
35478	990
35478	992
35478	993
35478	994
35478	995
35478	996
35478	997
35478	998
35478	1003
35478	1004
35478	1005
35478	1007
35478	1009
35478	1017
35478	1020
35478	1026
35478	1029
35478	1033
35478	1038
35478	1039
35478	1045
35478	1046
35478	1047
35478	1049
35478	1050
35478	1053
35478	1054
35478	1055
35478	1056
35478	1057
35478	1058
35478	1061
35478	1066
35478	1067
35478	1069
35478	1072
35478	1074
35478	1075
35478	1076
35478	1077
35478	1085
35478	1086
35478	1087
35478	1090
35478	1092
35478	1093
35478	1094
35478	1100
35713	990
35713	992
35713	1016
35713	1025
35713	1030
35713	1036
35713	1069
35713	1095
35713	1104
35713	1105
35713	1124
35966	985
35966	1011
35966	1030
35966	1059
35966	1068
35966	1095
35966	1105
35966	1122
36790	1025
36790	1078
36790	1105
36790	1116
36790	1143
37043	1008
37043	1011
37043	1017
37043	1023
37043	1038
37043	1043
37043	1105
37043	1116
37043	1394
38013	962
38013	997
38013	1014
38013	1016
38013	1017
38013	1021
38013	1024
38013	1028
38013	1038
38013	1039
38013	1042
38013	1044
38013	1046
38013	1052
38013	1053
38013	1054
38013	1056
38013	1058
38013	1064
38013	1068
38013	1073
38013	1075
38013	1076
38013	1080
38013	1083
38013	1085
38013	1089
38013	1090
38013	1099
38013	1104
38013	1107
38013	1113
38013	1114
38013	1122
38013	1124
38013	1129
38013	1133
38013	1138
38013	1139
38013	1141
38479	998
38479	1007
38479	1011
38479	1013
38479	1017
38479	1020
38479	1022
38479	1023
38479	1027
38479	1029
38479	1030
38479	1032
38479	1033
38479	1036
38479	1037
38479	1039
38479	1046
38479	1047
38479	1048
38479	1050
38479	1054
38479	1056
38479	1059
38479	1060
38479	1062
38479	1063
38479	1064
38479	1067
38479	1068
38479	1069
38479	1070
38479	1073
38479	1074
38479	1075
38479	1077
38479	1078
38479	1079
38479	1081
38479	1087
38479	1088
38479	1089
38479	1090
38479	1091
38479	1095
38479	1096
38479	1097
38479	1098
38479	1100
38479	1102
38479	1103
38479	1105
38479	1107
38479	1109
38479	1110
38479	1111
38479	1113
38479	1114
38479	1122
38479	1126
38479	1131
38479	1134
38479	1138
38479	1139
38479	1143
38479	1151
38479	1166
38479	1169
38479	1185
38479	1190
39142	1003
39142	1010
39142	1011
39142	1023
39142	1025
39142	1027
39142	1029
39142	1038
39142	1057
39142	1068
39142	1103
39142	1151
39142	1394
39275	1009
39275	1011
39275	1014
39275	1022
39275	1023
39275	1025
39275	1027
39275	1028
39275	1030
39275	1034
39275	1035
39275	1037
39275	1060
39275	1061
39275	1068
39275	1093
39275	1099
39275	1105
39275	1133
39275	1143
39275	1168
40242	991
40242	996
40242	998
40242	1008
40242	1021
40242	1024
40242	1053
40242	1123
40556	985
40556	1011
40556	1032
40556	1061
40556	1068
40556	1072
40556	1080
40556	1085
40556	1100
40556	1105
40556	1110
40556	1151
40556	1168
40556	1394
40963	986
40963	998
40963	1003
40963	1006
40963	1008
40963	1010
40963	1012
40963	1014
40963	1015
40963	1025
40963	1027
40963	1028
40963	1030
40963	1035
40963	1040
40963	1042
40963	1043
40963	1046
40963	1047
40963	1052
40963	1073
40963	1075
40963	1085
40963	1086
40963	1087
40963	1091
40963	1094
40963	1095
40963	1097
40963	1105
40963	1143
40963	1394
40963	2165
43096	1011
43096	1029
43096	1047
43096	1056
43096	1068
43096	1095
43096	1151
43096	1168
43096	1373
43096	1816
43362	935
43362	937
43362	940
43362	942
43362	948
43362	959
43362	960
43362	986
43362	988
43362	995
43362	996
43362	997
43362	998
43362	1000
43362	1004
43362	1007
43362	1008
43362	1009
43362	1012
43362	1013
43362	1015
43362	1017
43362	1018
43362	1023
43362	1028
43362	1029
43362	1032
43362	1033
43362	1035
43362	1037
43362	1038
43362	1039
43362	1044
43362	1055
43362	1056
43362	1058
43362	1060
43362	1062
43362	1064
43362	1066
43362	1070
43362	1077
43362	1079
43362	1087
43362	1091
43362	1097
43362	1100
43362	1166
48570	1078
48570	1095
48570	1103
48570	1394
49279	992
49279	1022
49279	1027
49279	1029
49279	1032
49279	1039
49279	1044
49279	1065
49279	1086
49279	1087
49279	1091
49279	1093
49279	1100
49279	1113
49279	1115
49508	1022
49508	1028
49508	1030
49508	1037
49508	1064
49508	1078
49508	1095
49508	1102
49508	1126
49508	1134
49508	1143
49508	1169
49508	1394
49763	1095
49763	1105
49763	1151
49939	926
49939	930
49939	932
49939	938
49939	942
49939	948
49939	952
49939	955
49939	956
49939	959
49939	961
49939	962
49939	965
49939	966
49939	973
49939	1012
49939	1044
49939	1045
49939	1046
49939	1053
49939	1054
49939	1056
49939	1062
49939	1064
49939	1068
50354	964
50354	970
50354	972
50354	975
50354	977
50354	978
50354	979
50354	982
50354	983
50354	986
50354	988
50354	993
50354	994
50354	996
50354	997
50354	998
50354	1000
50354	1003
50354	1004
50354	1011
50354	1013
50354	1014
50354	1016
50354	1018
50354	1020
50354	1026
50354	1028
50354	1031
50354	1032
50354	1038
50354	1039
50354	1040
50354	1042
50354	1043
50354	1045
50354	1046
50354	1047
50354	1053
50354	1056
50354	1063
50354	1065
50354	1066
50354	1067
50354	1068
50354	1072
50354	1073
50354	1074
50354	1075
50354	1076
50354	1077
50354	1080
50354	1081
50354	1086
50354	1087
50354	1090
50354	1092
50354	1093
50354	1095
50354	1097
50354	1099
50354	1102
50354	1104
50354	1106
50354	1109
50354	1111
50354	1112
50354	1114
50354	1120
50354	1121
50354	1124
50354	1125
50354	1126
50354	1128
50354	1129
50354	1130
50714	1031
50714	1040
50714	1053
50714	1064
51394	1055
51394	1068
51394	1093
51394	1095
51394	1103
51394	1106
51394	1116
51394	1118
51394	1123
51394	1136
51394	1148
51394	1151
51394	1152
51394	1153
51394	1168
51394	1171
51394	1179
51394	1192
51394	1210
51394	1235
51408	1078
51408	1166
51566	986
51566	1008
51566	1011
51566	1013
51566	1023
51566	1025
51566	1027
51566	1033
51566	1034
51566	1038
51566	1039
51566	1040
51566	1046
51566	1047
51566	1051
51566	1055
51566	1060
51566	1070
51566	1072
51566	1073
51566	1074
51566	1078
51566	1084
51566	1085
51566	1087
51566	1089
51566	1090
51566	1094
51566	1095
51566	1096
51566	1097
51566	1103
51566	1107
51566	1114
51566	1115
51566	1129
51566	1143
51566	1148
51566	1168
51566	1169
51566	1190
51566	1235
51581	998
51581	1011
51581	1030
51581	1032
51581	1060
51581	1068
51581	1093
51581	1105
51581	1106
51581	1107
51581	1116
51581	1131
51581	1136
51581	1138
51581	1143
51581	1145
51581	1148
51581	1151
51581	1152
51581	1166
51581	1190
51581	1394
51581	1550
51581	1772
54970	985
54970	998
54970	1014
54970	1018
54970	1029
54970	1032
54970	1046
54970	1050
54970	1062
54970	1068
54970	1072
54970	1073
54970	1093
54970	1094
54970	1105
54970	1111
54970	1114
54970	1121
54970	1133
54970	1138
54970	1168
54970	1175
54970	1190
55063	951
55063	973
55063	986
55063	994
55063	996
55063	998
55063	1005
55063	1006
55063	1007
55063	1008
55063	1011
55063	1013
55063	1015
55063	1016
55063	1018
55063	1020
55063	1022
55063	1025
55063	1026
55063	1027
55063	1028
55063	1030
55063	1032
55063	1036
55063	1044
55063	1046
55063	1052
55063	1056
55063	1058
55063	1059
55063	1061
55063	1063
55063	1064
55063	1070
55063	1071
55063	1073
55063	1075
55063	1085
55063	1089
55063	1100
55063	1113
55063	1122
55063	1129
55063	1139
55063	1141
55063	1143
55401	951
55401	1025
55401	1030
55401	1040
55401	1043
55401	1047
55401	1076
55401	1078
55401	1081
55401	1091
55401	1095
55401	1102
55401	1143
55401	1235
55634	985
55634	1011
55634	1033
55634	1075
55634	1095
55634	1103
55634	1105
55828	985
55828	1004
55828	1011
55828	1036
55828	1078
55828	1093
55828	1103
55828	1105
55828	1115
55828	1148
55828	1151
56783	1003
56783	1023
56783	1030
56783	1095
57311	918
57311	926
57311	930
57311	932
57311	935
57311	938
57311	940
57311	942
57311	944
57311	946
57311	953
57311	955
57311	959
57311	960
57311	962
57311	964
57311	965
57311	970
57311	973
57311	975
57311	986
57311	996
57311	997
57311	998
57311	1004
57311	1005
57311	1006
57311	1017
57311	1026
57311	1027
57311	1028
57311	1030
57311	1031
57311	1032
57311	1034
57311	1036
57311	1037
57311	1038
57311	1043
57311	1044
57311	1045
57311	1047
57311	1048
57311	1049
57311	1050
57311	1053
57311	1062
57311	1127
57311	1153
57311	1168
58236	1027
58236	1068
58236	1370
59154	985
59154	1032
59154	1095
59154	1148
59154	1211
59266	1023
59266	1093
59266	1105
59266	1116
59266	1133
59266	1168
59323	1105
59323	1118
59323	1168
59323	1185
59733	1003
59733	1011
59733	1025
59733	1029
59733	1032
59733	1038
59733	1045
59733	1047
59733	1068
59733	1069
59733	1070
59733	1074
59733	1078
59733	1079
59733	1083
59733	1089
59733	1093
59733	1094
59733	1095
59733	1096
59733	1103
59733	1105
59733	1108
59733	1115
59733	1116
59733	1118
59733	1121
59733	1151
59733	1169
59733	1185
60244	1068
60244	1095
60244	1103
60244	1105
60244	1151
60244	1168
60244	1235
60597	985
60597	1009
60597	1011
60597	1029
60597	1038
60597	1068
60597	1095
60597	1102
60597	1175
60597	1190
60597	1394
60986	985
60986	1030
60986	1032
60986	1205
60986	1265
61760	985
61760	1143
61892	1002
61892	1010
61892	1044
61892	1093
61892	1095
61892	1169
62161	969
62161	972
62161	1009
62161	1014
62161	1028
62161	1030
62161	1034
62161	1037
62161	1062
62161	1073
62161	1084
62161	1095
62161	1100
62161	1101
62341	1011
62341	1030
62341	1033
62341	1045
62341	1046
62341	1050
62341	1051
62341	1055
62341	1061
62341	1062
62341	1068
62341	1072
62341	1074
62341	1079
62341	1080
62341	1090
62341	1097
62341	1103
62341	1107
62341	1110
62341	1115
62341	1126
62341	1134
62341	1138
62341	1166
62341	1169
62341	1185
63772	1022
63772	1027
63772	1072
63772	1095
64080	1095
64080	1165
64080	1394
64829	951
64829	1003
64829	1011
64829	1025
64829	1055
64829	1073
64829	1095
64829	1103
64829	1106
64829	1111
65398	926
65398	930
65398	932
65398	937
65398	938
65398	945
65398	948
65398	949
65398	953
65398	955
65398	957
65398	959
65398	960
65398	961
65398	974
65398	981
65398	983
65398	990
65398	993
65398	996
65398	998
65398	1000
65398	1002
65398	1009
65398	1012
65398	1013
65398	1014
65398	1015
65398	1016
65398	1030
66068	1060
66068	1105
66068	1133
67353	1011
67353	1055
67353	1111
67461	985
67461	996
67461	1007
67461	1009
67461	1011
67461	1012
67461	1014
67461	1022
67461	1023
67461	1027
67461	1029
67461	1030
67461	1032
67461	1036
67461	1037
67461	1046
67461	1047
67461	1054
67461	1056
67461	1059
67461	1067
67461	1068
67461	1072
67461	1073
67461	1075
67461	1078
67461	1080
67461	1084
67461	1087
67461	1089
67461	1093
67461	1095
67461	1096
67461	1097
67461	1099
67461	1100
67461	1103
67461	1114
67461	1115
67461	1116
67461	1122
67461	1124
67461	1131
67461	1134
67461	1136
67461	1138
67461	1143
67461	1148
67461	1166
67461	1168
67461	1169
67461	1185
67461	1190
67461	1209
67461	1235
67461	1394
67976	1121
69326	1010
69326	1017
69326	1027
69326	1034
69326	1040
69326	1050
69326	1062
69326	1067
69326	1080
69326	1095
69367	1018
69367	1027
69367	1079
69367	1082
69367	1091
69367	1098
69367	1102
70527	1025
70527	1051
70527	1072
70527	1078
70527	1095
70527	1103
70527	1116
70527	1151
70725	1007
70725	1011
70725	1022
70725	1029
70725	1032
70725	1038
70725	1046
70725	1060
70725	1073
70725	1094
70725	1108
70725	1112
70725	1114
70725	1136
70725	1150
70725	1152
70725	1169
70725	1235
74146	969
74146	1020
74146	1022
74146	1030
74146	1064
74146	1102
74146	1113
74146	1138
74146	1143
74146	1188
74146	1194
74146	1546
74489	1012
74489	1020
74489	1032
74489	1046
74489	1053
74489	1058
74489	1063
74489	1068
74489	1069
74489	1098
75277	981
75277	985
75277	1008
75277	1009
75277	1010
75277	1011
75277	1018
75277	1020
75277	1023
75277	1029
75277	1032
75277	1043
75277	1058
75277	1060
75277	1061
75277	1062
75277	1068
75277	1070
75277	1072
75277	1090
75277	1095
75277	1103
75277	1105
75277	1114
75277	1115
75277	1122
75277	1136
75277	1151
75729	920
75729	951
75729	964
75729	965
75729	967
75729	971
75729	973
75729	979
75729	986
75729	990
75729	992
75729	994
75729	996
75729	1003
75729	1007
75729	1008
75729	1011
75729	1013
75729	1017
75729	1020
75729	1022
75729	1023
75729	1025
75729	1026
75729	1027
75729	1032
75729	1033
75729	1039
75729	1044
75729	1048
75729	1049
75729	1050
75729	1051
75729	1052
75729	1055
75729	1056
75729	1058
75729	1059
75729	1061
75729	1062
75729	1063
75729	1065
75729	1067
75729	1068
75729	1069
75729	1070
75729	1071
75729	1072
75729	1073
75729	1074
75729	1075
75729	1077
75729	1078
75729	1079
75729	1080
75729	1081
75729	1082
75729	1083
75729	1087
75729	1088
75729	1091
75729	1092
75729	1093
75729	1094
75729	1095
75729	1096
75729	1097
75729	1099
75729	1100
75729	1105
75729	1107
75729	1108
75729	1109
75729	1110
75729	1111
75729	1112
75729	1114
75729	1115
75729	1116
75729	1118
75729	1119
75729	1121
75729	1122
75729	1126
75729	1127
75729	1128
75729	1129
75729	1131
75729	1134
75729	1136
75729	1137
75729	1138
75729	1139
75729	1141
75729	1142
75729	1148
75729	1150
75729	1152
75729	1159
75729	1161
75729	1162
75729	1166
75729	1168
75729	1175
75729	1189
75729	1190
75729	1208
75729	1209
75729	1235
75729	1394
76710	952
76710	953
76710	968
76710	976
76710	979
76710	980
76710	1018
76710	1021
76710	1026
76710	1038
76710	1056
76710	1057
76710	1070
76710	1074
76710	1076
76710	1079
76710	1084
76770	1011
76770	1018
76770	1027
76770	1029
76770	1038
76770	1048
76770	1050
76770	1058
76770	1068
76770	1070
76770	1077
76770	1080
76770	1103
76770	1105
76770	1134
76770	1185
76903	998
76903	1006
76903	1008
76903	1025
76903	1026
76903	1027
76903	1036
76903	1044
76903	1095
76903	1105
76903	1185
76903	1235
77722	959
77722	960
77722	961
77722	966
77722	973
77722	996
77722	998
77722	1007
77722	1008
77722	1009
77722	1012
77722	1013
77722	1016
77722	1017
77722	1026
77722	1029
77722	1030
77722	1035
77722	1038
77722	1045
77722	1047
77722	1050
77722	1052
77722	1053
77722	1056
77722	1058
77722	1059
77722	1060
77722	1062
77735	1146
79123	1023
79123	1095
79123	1105
79123	1106
79123	1136
80640	998
80640	1003
80640	1004
80640	1009
80640	1012
80640	1013
80640	1016
80640	1019
80640	1027
80640	1030
80640	1031
80640	1034
80640	1035
80640	1036
80640	1040
80640	1042
80640	1047
80640	1054
80640	1057
80640	1059
80640	1062
80640	1066
80640	1073
80640	1074
80640	1076
80640	1078
80640	1081
80640	1085
80640	1086
80640	1089
80640	1092
80640	1095
80640	1097
80640	1104
80640	1113
80640	1114
80640	1122
80640	1141
80640	1150
80640	1152
80640	1190
83962	1068
83962	1096
83962	1105
83962	1185
83962	1373
84151	1011
84151	1078
84151	1151
85202	977
85202	1050
85202	1059
85202	1103
86243	1003
86243	1095
86243	1105
86243	1133
86243	1185
86809	965
86809	1030
86809	1105
86809	1136
86809	1394
87923	1011
87923	1039
87923	1056
87923	1059
87923	1074
87923	1078
87923	1081
87923	1090
87923	1095
87923	1100
87923	1103
87923	1105
87923	1107
87923	1124
87923	1151
87923	1168
87923	1831
89465	1011
89465	1105
89465	1394
90015	951
90015	957
90015	960
90015	965
90015	978
90015	979
90015	981
90015	986
90015	993
90015	995
90015	997
90015	1000
90015	1007
90015	1009
90015	1012
90015	1013
90015	1016
90015	1017
90015	1018
90015	1021
90015	1023
90015	1024
90015	1027
90015	1029
90015	1033
90015	1034
90015	1035
90015	1036
90015	1037
90015	1038
90015	1044
90015	1046
90015	1047
90015	1052
90015	1053
90015	1054
90015	1055
90015	1056
90015	1062
90015	1081
90015	1094
90015	1105
90015	1107
90015	1115
90015	1138
90015	1195
90015	1272
90015	1364
92675	1009
92675	1039
92675	1078
92675	1081
92675	1091
92675	1138
92675	1394
94173	1047
94173	1094
94528	1043
94528	1078
94528	1091
94528	1095
94528	1105
94528	1106
94528	1115
94528	1116
94528	1121
94528	1126
94528	1136
94528	1138
94528	1151
94528	1162
94528	1169
94528	1185
94528	1213
95924	1027
95924	1030
95924	1033
95924	1087
95924	1093
95924	1095
95924	1107
95924	1143
95924	1394
95947	1027
95947	1032
95947	1060
95947	1068
95947	1095
95947	1103
95947	1105
95947	1116
95947	1151
96523	931
96523	941
96523	957
96523	960
96523	964
96523	965
96523	975
96523	979
96523	985
96523	986
96523	996
96523	1000
96523	1009
96523	1012
96523	1014
96523	1016
96523	1018
96523	1031
96523	1034
96523	1037
96523	1040
96523	1043
96523	1047
96523	1053
96523	1054
96523	1104
96523	1384
96523	1458
97254	1003
97254	1011
97254	1105
98300	985
98300	1068
98300	1075
98300	1078
98300	1095
99994	980
99994	1151
99994	1158
99994	1174
101035	973
101035	974
101035	975
101035	976
101035	979
101035	980
101035	982
101035	983
101035	986
101035	987
101035	989
101035	992
101035	993
101035	994
101035	996
101035	997
101035	1000
101035	1002
101035	1005
101035	1006
101035	1007
101035	1008
101035	1014
101035	1015
101035	1016
101035	1018
101035	1019
101035	1020
101035	1021
101035	1022
101035	1024
101035	1027
101035	1029
101035	1030
101035	1036
101035	1040
101035	1042
101035	1043
101035	1053
101035	1057
101035	1061
101035	1080
101035	1085
101035	1090
101035	1102
101035	1110
101035	1119
101035	1129
102218	1011
102431	927
102431	937
102431	944
102431	946
102431	951
102431	953
102431	969
102431	977
102431	980
102431	984
102431	989
102431	1002
102431	1007
102431	1012
102431	1013
102431	1022
102431	1025
102431	1027
102431	1030
102431	1039
102431	1041
102431	1043
102431	1044
102431	1049
102431	1054
102431	1059
102431	1060
102431	1062
102431	1065
102431	1080
102431	1081
102431	1086
102431	1089
102431	1091
102431	1097
102431	1098
102431	1102
102431	1190
103576	1049
103576	1068
103576	1078
103576	1093
103576	1095
103576	1103
103576	1106
103576	1138
103576	1187
103576	1190
103576	1235
106844	1095
106844	1105
106844	1175
106844	1394
107086	1005
107086	1019
107086	1022
107086	1025
107086	1028
107086	1031
107086	1075
107086	1143
107086	1236
107155	1023
107155	1032
107155	1060
107155	1095
107155	1103
110238	969
110238	1022
110510	941
110510	981
110510	983
110510	995
110510	1017
110510	1018
110510	1020
110510	1028
110510	1038
110510	1042
110510	1046
110510	1047
110510	1050
110510	1053
110510	1059
110510	1061
110510	1067
110510	1068
110510	1099
110510	1103
110510	1111
110545	1032
110545	1051
110545	1075
110545	1116
110545	1133
110545	1136
110545	1143
110545	1235
110545	1394
111058	1011
111058	1029
111058	1038
111058	1078
111058	1094
111058	1103
111058	1122
111058	1169
111058	1175
111058	1235
111290	978
111290	980
111290	981
111290	983
111290	984
111290	992
111290	993
111290	996
111290	997
111290	998
111290	1002
111290	1003
111290	1004
111290	1005
111290	1007
111290	1012
111290	1014
111290	1016
111290	1021
111290	1026
111290	1027
111290	1028
111290	1030
111290	1033
111290	1035
111290	1037
111290	1038
111290	1044
111290	1045
111290	1046
111290	1047
111290	1050
111290	1052
111290	1053
111290	1055
111290	1056
111290	1057
111290	1060
111290	1063
111290	1065
111290	1068
111290	1072
111290	1075
111290	1077
111290	1080
112430	985
112430	1011
112430	1023
112430	1030
112430	1032
112430	1038
112430	1060
112430	1068
112430	1072
112430	1080
112430	1095
112430	1110
112430	1116
112430	1143
112430	1168
112430	1235
113007	1014
113007	1072
113007	1082
113007	1095
113007	1103
113007	1105
113007	1108
113007	1157
113007	1235
113173	1011
113173	1055
113173	1095
113173	1103
113173	1105
113173	1151
113173	1185
113217	959
113217	981
113217	988
113217	992
113217	993
113217	996
113217	998
113217	1007
113217	1009
113217	1012
113217	1013
113217	1014
113217	1016
113217	1017
113217	1018
113217	1020
113217	1023
113217	1026
113217	1027
113217	1028
113217	1029
113217	1032
113217	1033
113217	1034
113217	1037
113217	1038
113217	1045
113217	1046
113217	1047
113217	1049
113217	1050
113217	1053
113217	1054
113217	1055
113217	1059
113217	1061
113217	1063
113217	1064
113217	1067
113217	1068
113217	1069
113217	1072
113217	1073
113217	1074
113217	1075
113217	1076
113217	1079
113217	1080
113217	1081
113217	1084
113217	1085
113217	1087
113217	1089
113217	1090
113217	1094
113217	1095
113217	1097
113217	1098
113217	1102
113217	1103
113217	1105
113217	1107
113217	1108
113217	1110
113217	1111
113217	1114
113217	1119
113217	1122
113217	1131
113217	1133
113217	1138
113217	1139
113217	1150
113217	1152
113217	1159
113217	1166
113217	1168
113217	1169
113217	1175
113217	1190
113217	1208
113217	1209
114161	985
114161	1007
114161	1025
114161	1038
114161	1047
114161	1051
114161	1074
114161	1079
114161	1080
114161	1107
114161	1111
114161	1122
114161	1133
114161	1151
114908	1011
114908	1029
114908	1032
114908	1050
114908	1063
114908	1067
114908	1103
114908	1133
114908	1190
116322	985
116322	1068
116322	1103
116322	1133
118125	1022
118320	1028
118320	1030
118320	1075
118320	1093
118320	1143
118476	985
118476	1011
118476	1032
118476	1043
118476	1095
118522	951
118522	965
118522	985
118522	990
118522	992
118522	1008
118522	1015
118522	1016
118522	1023
118522	1025
118522	1026
118522	1028
118522	1030
118522	1032
118522	1044
118522	1046
118522	1047
118522	1064
118522	1068
118522	1071
118522	1073
118522	1078
118522	1089
118522	1093
118522	1095
118522	1105
118522	1116
118522	1143
118522	1151
118522	1394
121103	996
121103	1090
121103	1095
121103	1103
121103	1105
121103	1150
121103	1168
124345	1138
124345	1188
124345	1394
126485	1011
126485	1029
126485	1068
126485	1105
126485	1106
126485	1112
126485	1123
126485	1148
126485	1150
126485	1168
126485	1169
126485	1170
126485	1185
126485	1210
126606	1032
126606	1035
126606	1047
126606	1069
126606	1072
126606	1095
126606	1096
126606	1116
126606	1131
126606	1166
126606	1190
126623	1020
126623	1022
126623	1052
126623	1054
126623	1067
126623	1080
126623	1099
126623	1122
126623	1190
127739	985
127739	1002
127739	1003
127739	1011
127739	1022
127739	1023
127739	1025
127739	1027
127739	1029
127739	1032
127739	1095
127739	1116
127739	1143
127771	920
127771	928
127771	981
127771	1011
127771	1014
127771	1016
127771	1029
127771	1032
127771	1044
127771	1046
127771	1047
127771	1048
127771	1063
127771	1068
127771	1087
127771	1099
127771	1107
127771	1129
129511	955
129511	1023
129511	1027
129511	1032
129511	1044
129511	1092
129511	1179
130091	1105
130091	1123
130091	1210
130091	1212
130099	1044
130099	1068
130099	1073
130099	1078
130099	1095
130099	1105
130316	965
130316	985
130316	1003
130316	1008
130316	1010
130316	1016
130316	1019
130316	1025
130316	1028
130316	1032
130316	1035
130316	1042
130316	1057
130316	1070
130316	1075
130316	1076
130316	1083
130316	1110
130838	959
130838	964
130838	972
130838	975
130838	979
130838	988
130838	994
130838	996
130838	998
130838	1015
130838	1017
130838	1018
130838	1020
130838	1032
130838	1034
130838	1038
130838	1039
130838	1042
130838	1043
130838	1053
130838	1063
130838	1084
130838	1099
130838	1100
130838	1106
130838	1114
130838	1121
130838	1125
130838	1129
130838	1134
131285	1011
131285	1032
131285	1038
131285	1046
131285	1068
131285	1072
131285	1089
131285	1095
131285	1103
131285	1105
131285	1116
131285	1131
131285	1138
131285	1169
131285	1185
131532	1009
131532	1011
131532	1030
131532	1082
131532	1100
131532	1103
131532	1143
131532	1151
131594	1014
131594	1015
131594	1023
131594	1025
131594	1028
131594	1030
131594	1031
131594	1032
131594	1095
131594	1103
131594	1131
132423	914
132423	916
132423	918
132423	919
132423	920
132423	922
132423	942
132423	943
132423	951
132423	952
132423	957
132423	960
132423	962
132423	964
132423	965
132423	966
132423	968
132423	970
132423	973
132423	975
132423	978
132423	979
132423	981
132423	984
132423	986
132423	987
132423	992
132423	993
132423	996
132423	997
132423	998
132423	1000
132423	1002
132423	1004
132423	1005
132423	1012
132423	1013
132423	1014
132423	1016
132423	1017
132423	1018
132423	1023
132423	1028
132423	1029
132423	1031
132423	1032
132423	1037
132423	1038
132423	1040
132423	1043
132423	1046
132423	1047
132423	1048
132423	1050
132423	1052
132423	1053
132423	1056
132423	1058
132423	1059
132740	1004
132740	1027
132740	1029
132740	1032
132740	1033
132740	1034
132740	1036
132740	1047
132740	1051
132740	1054
132740	1055
132740	1059
132740	1067
132740	1080
132740	1133
133195	954
133195	1009
133195	1010
133195	1032
133195	1036
133195	1040
133195	1043
133195	1046
133195	1047
133195	1073
133195	1074
133195	1075
133195	1085
133195	1090
133195	1093
133195	1099
133195	1115
133195	1131
133378	930
133378	932
133378	938
133378	942
133378	948
133378	949
133378	953
133378	966
133378	973
133378	974
133378	986
133378	987
133378	991
133378	996
133378	998
133378	999
133378	1000
133378	1001
133378	1003
133378	1007
133378	1008
133378	1009
133378	1010
133378	1012
133378	1014
133378	1016
133378	1017
133378	1019
133378	1024
133378	1025
133378	1029
133378	1030
133378	1031
133378	1037
133378	1040
133378	1043
133378	1044
133378	1045
133378	1047
133378	1048
133378	1050
133378	1053
133378	1060
133378	1061
133378	1099
133378	1103
133378	1111
133378	1117
133378	1129
133378	1429
133512	951
133512	1022
133512	1136
133512	1143
133512	1151
133746	943
133746	947
133746	954
133746	955
133746	959
133746	986
133746	1011
133746	1015
133746	1016
133746	1038
133746	1044
133746	1046
133746	1138
133746	1139
133788	998
133788	1014
133788	1038
133788	1073
133788	1190
136252	1093
136252	1102
136252	1106
136953	984
136953	986
136953	987
136953	989
136953	991
136953	993
136953	996
136953	997
136953	998
136953	1000
136953	1002
136953	1007
136953	1008
136953	1012
136953	1013
136953	1014
136953	1018
136953	1023
136953	1024
136953	1026
136953	1028
136953	1030
136953	1032
136953	1038
136953	1047
136953	1048
136953	1052
136953	1060
136953	1067
136953	1072
136953	1073
136953	1075
136953	1077
136953	1080
136953	1090
136953	1091
136953	1095
136953	1097
136953	1099
136953	1101
136953	1102
136953	1104
136953	2221
137467	950
137467	954
137467	1014
137467	1022
137467	1028
137467	1030
137467	1037
137467	1040
137467	1058
137467	1072
137467	1085
137504	998
137504	1011
137504	1068
137504	1095
137504	1103
137504	1105
137504	1151
137504	1168
138950	1022
138950	1030
138950	1032
138950	1073
138950	1095
138950	1103
138950	1105
138950	1138
138950	1143
138950	1168
138950	1190
138950	1235
138950	1394
139033	1011
139033	1027
139033	1029
139033	1068
139033	1078
139033	1082
139033	1095
139033	1103
139033	1105
139033	1148
139033	1168
139033	1185
139033	1210
139033	1235
139650	1068
139650	1078
139650	1095
139650	1148
139650	1235
139650	1239
141168	964
141168	997
141168	1011
141168	1022
141168	1030
141168	1060
141168	1068
141168	1090
141168	1093
141168	1095
141168	1103
141168	1105
141168	1116
141168	1145
141168	1151
141168	1152
141168	1168
141168	1394
144296	951
144296	952
144296	953
144296	956
144296	959
144296	961
144296	963
144296	966
144296	968
144296	972
144296	974
144296	976
144296	977
144296	978
144296	980
144296	982
144296	986
144296	987
144296	990
144296	991
144296	993
144296	996
144296	997
144296	998
144296	1000
144296	1001
144296	1003
144296	1007
144296	1016
144296	1020
144296	1021
144296	1028
144296	1029
144296	1031
144296	1035
144296	1038
144296	1040
144459	968
144459	1074
144459	1095
144459	1098
144459	1111
144913	1040
144913	1097
145460	985
145460	1015
145460	1023
145460	1025
145460	1032
145460	1036
145460	1073
145460	1105
145460	1168
147848	986
147848	988
147848	991
147848	994
147848	995
147848	996
147848	1000
147848	1002
147848	1008
147848	1022
147848	1025
147848	1026
147848	1031
147848	1033
147848	1041
147848	1046
147848	1050
147848	1051
147848	1056
147848	1058
147848	1062
147848	1072
147848	1081
147848	1090
147848	1107
147848	1168
147848	1183
147848	1257
147848	1580
147848	1664
147848	2734
147939	1072
147939	1080
147939	1109
148237	1011
148237	1055
148237	1078
148237	1088
148237	1096
148237	1105
148237	1185
148293	985
148293	1105
148293	1168
148293	1185
149516	1111
151016	1078
151685	942
151685	948
151685	957
151685	960
151685	965
151685	966
151685	968
151685	972
151685	979
151685	984
151685	986
151685	993
151685	995
151685	996
151685	998
151685	1000
151685	1002
151685	1013
151685	1018
151685	1020
151685	1023
151685	1026
151685	1035
151685	1042
151685	1047
151685	1049
151685	1050
151685	1052
151685	1054
151685	1088
151685	1091
151685	1092
151685	1093
151685	1105
151685	1108
151685	1109
151685	1112
151685	1116
151685	1121
151685	1126
151685	1142
151685	1151
151685	1166
151685	1394
152331	957
152331	960
152331	962
152331	964
152331	965
152331	966
152331	967
152331	968
152331	970
152331	975
152331	1042
152331	1044
152331	1046
152331	1047
152331	1048
152331	1049
152331	1050
152331	1052
152331	1053
152331	1054
154558	955
154558	957
154558	965
154558	968
154558	970
154558	972
154558	974
154558	983
154558	984
154558	986
154558	988
154558	1009
154558	1010
154558	1013
154558	1016
154558	1020
154558	1021
154558	1026
154558	1028
154558	1033
154558	1034
154558	1037
154558	1038
154558	1039
154558	1042
154558	1043
154558	1044
154558	1045
154558	1046
154558	1047
154558	1049
154558	1052
154558	1053
154558	1056
154558	1057
154558	1070
154558	1085
154558	1093
154558	1138
155063	1071
158890	1095
158890	1105
158890	1123
158890	1168
158890	1171
158890	1226
158890	1235
159912	924
159912	998
159912	1003
159912	1009
159912	1010
159912	1011
159912	1032
159912	1073
159912	1074
159912	1105
159912	1114
159912	1115
159912	1124
159912	1166
159912	1169
160024	1017
160024	1111
160024	1115
160024	1126
160024	1154
160024	1155
161106	918
161106	919
161106	920
161106	921
161106	922
161106	925
161106	930
161106	932
161106	935
161106	938
161106	942
161106	946
161106	955
161106	957
161106	960
161106	962
161106	967
161106	971
161106	973
161106	978
161106	979
161106	981
161106	986
161106	987
161106	993
161106	996
161106	997
161106	998
161106	1000
161106	1004
161106	1007
161106	1009
161106	1012
161106	1016
161106	1017
161106	1018
161106	1027
161106	1028
161106	1034
161106	1036
161106	1039
161106	1046
161106	1047
161106	1048
161106	1050
161106	1053
161106	1056
161106	1060
161106	1062
161106	1070
161106	1072
161106	1073
161106	1075
161106	1077
161106	1078
161106	1079
161106	1080
161106	1086
161106	1087
161106	1090
161106	1093
161106	1100
161106	1159
161333	915
161333	916
161333	918
161333	920
161333	921
161333	926
161333	927
161333	929
161333	930
161333	932
161333	933
161333	938
161333	944
161333	949
161333	951
161333	959
161333	965
161333	970
161333	973
161333	976
161333	978
161333	979
161333	980
161333	981
161333	983
161333	986
161333	993
161333	994
161333	995
161333	997
161333	1000
161333	1001
161333	1003
161333	1004
161333	1007
161333	1009
161333	1010
161333	1012
161333	1013
161333	1017
161333	1018
161333	1021
161333	1023
161333	1028
161333	1030
161333	1037
161333	1038
161333	1043
161333	1045
161333	1046
161333	1050
161333	1052
161333	1053
161333	1054
161333	1060
161333	1063
161333	1066
161333	1067
161333	1068
161333	1072
161333	1073
161333	1074
161333	1075
161333	1076
161333	1091
161333	1103
161333	1131
161333	1235
161541	1011
161541	1015
161541	1025
161541	1029
161541	1030
161541	1078
161541	1094
161541	1095
161541	1103
161541	1104
161541	1105
161541	1106
161541	1111
161541	1114
161541	1123
161541	1131
161541	1143
161541	1171
161541	1210
163175	1005
163175	1011
163175	1015
163175	1019
163175	1022
163175	1025
163175	1027
163175	1029
163175	1030
163175	1032
163175	1036
163175	1039
163175	1049
163175	1055
163175	1058
163175	1067
163175	1068
163175	1074
163175	1080
163175	1082
163175	1083
163175	1085
163175	1087
163175	1090
163175	1093
163175	1095
163175	1100
163175	1103
163175	1105
163175	1107
163175	1111
163175	1122
163175	1139
163175	1143
163175	1168
163175	1169
163175	1190
163727	1055
163727	1068
163727	1095
163727	1105
163727	1106
163727	1168
163727	1185
163727	1394
164644	962
164644	978
164644	996
164644	1029
164644	1038
164644	1082
164644	1089
165054	1022
165054	1027
165054	1030
165054	1043
165054	1070
165054	1078
165054	1093
165054	1095
165054	1105
165054	1106
165054	1109
165054	1110
165054	1116
165054	1120
165054	1122
165054	1136
165054	1189
165054	1192
165054	1219
165054	1237
165054	1242
165054	1328
167435	1023
167435	1082
167435	1095
167435	1103
167649	926
167649	927
167649	932
167649	937
167649	938
167649	942
167649	951
167649	953
167649	957
167649	959
167649	960
167649	962
167649	964
167649	966
167649	973
167649	974
167649	975
167649	976
167649	977
167649	978
167649	980
167649	981
167649	983
167649	986
167649	990
167649	993
167649	995
167649	996
167649	997
167649	998
167649	1000
167649	1004
167649	1009
167649	1012
167649	1013
167649	1016
167649	1017
167649	1021
167649	1023
167649	1024
167649	1028
167649	1030
167649	1032
167649	1033
167649	1046
167649	1047
167649	1053
167649	1054
167649	1055
169665	925
169665	937
169665	938
169665	942
169665	946
169665	948
169665	953
169665	959
169665	964
169665	965
169665	966
169665	967
169665	971
169665	978
169665	981
169665	983
169665	987
169665	988
169665	989
169665	990
169665	995
169665	997
169665	1017
169665	1028
169665	1032
169665	1039
169665	1041
169665	1048
169665	1054
169665	1056
172863	921
172863	926
172863	929
172863	931
172863	932
172863	990
172863	993
172863	996
172863	1016
172863	1018
172863	1030
172863	1033
172863	1051
172863	1055
172863	1088
172863	1166
175937	1027
175937	1029
175937	1032
175937	1082
175937	1087
175937	1091
175937	1094
175937	1095
175937	1121
175937	1235
176333	986
176333	1015
176333	1022
176333	1027
176333	1028
176333	1029
176333	1035
176333	1058
176333	1060
176333	1066
176333	1068
176333	1069
176333	1072
176333	1083
176333	1095
176333	1102
176333	1104
176333	1124
176333	1133
178196	1032
178196	1054
178196	1068
178196	1235
182008	1095
182008	1143
182883	1005
182883	1007
182883	1009
182883	1012
182883	1013
182883	1017
182883	1019
182883	1021
182883	1028
182883	1029
182883	1030
182883	1031
182883	1038
182883	1040
182883	1045
182883	1050
182883	1056
182883	1060
182883	1062
182883	1063
182883	1064
182883	1065
182883	1066
182883	1070
182883	1072
182883	1074
182883	1075
182883	1076
182883	1077
182883	1079
182883	1081
182883	1086
182883	1089
182883	1090
182883	1092
182883	1104
182883	1107
182883	1109
182883	1117
182883	1120
182883	1123
182883	1125
182883	1127
182883	1128
182883	1133
184695	985
184695	1011
184695	1083
184695	1095
184695	1105
184695	1169
184695	1235
185072	985
185072	1022
185072	1030
185072	1038
185072	1068
185072	1093
185072	1095
185072	1105
185072	1106
185072	1118
185072	1131
185072	1143
185072	1151
185072	1154
185072	1190
185072	1394
187049	986
187049	1003
187049	1010
187049	1011
187049	1017
187049	1022
187049	1023
187049	1027
187049	1028
187049	1029
187049	1030
187049	1032
187049	1033
187049	1043
187049	1044
187049	1046
187049	1047
187049	1049
187049	1050
187049	1055
187049	1056
187049	1059
187049	1063
187049	1068
187049	1070
187049	1072
187049	1073
187049	1074
187049	1075
187049	1079
187049	1080
187049	1083
187049	1086
187049	1087
187049	1089
187049	1090
187049	1095
187049	1096
187049	1097
187049	1100
187049	1102
187049	1103
187049	1105
187049	1107
187049	1111
187049	1114
187049	1115
187049	1121
187049	1122
187049	1126
187049	1129
187049	1131
187049	1138
187049	1141
187049	1143
187049	1151
187049	1169
187049	1190
188222	1025
188222	1026
188222	1030
188222	1043
188222	1047
188222	1075
188222	1095
188222	1102
188222	1107
188222	1131
188222	1143
188718	980
188718	1009
188718	1034
188724	1022
188724	1027
188724	1030
188724	1033
188724	1046
188724	1059
188724	1095
188724	1103
188724	1105
188724	1168
188724	1394
188948	1032
188948	1048
188948	1070
188948	1073
188948	1102
188948	1115
188948	1151
189288	1030
189288	1055
189288	1067
189288	1068
189288	1073
189288	1075
189288	1078
189288	1079
189288	1088
189288	1093
189288	1095
189288	1103
189288	1105
189288	1111
189288	1168
189288	1235
189288	1394
189978	957
189978	959
189978	960
189978	980
189978	990
189978	993
189978	996
189978	998
189978	1003
189978	1007
189978	1009
189978	1014
189978	1017
189978	1021
189978	1025
189978	1030
189978	1042
189978	1045
189978	1046
189978	1047
189978	1049
189978	1052
189978	1053
189978	1056
189978	1058
189978	1060
189978	1065
189978	1076
189978	1080
191503	985
191503	994
191503	1013
191503	1025
191503	1026
191503	1027
191503	1032
191503	1047
191503	1059
191503	1068
191503	1080
191503	1086
191503	1103
191503	1139
191902	1022
191902	1032
191902	1067
191902	1068
191902	1078
191902	1081
191902	1082
191902	1107
191902	1151
191902	1265
192992	993
192992	1016
192992	1020
192992	1027
192992	1029
192992	1033
192992	1037
192992	1038
192992	1039
192992	1045
192992	1050
192992	1054
192992	1063
192992	1099
194952	1022
194952	1027
194952	1039
194952	1043
194952	1060
194952	1062
194952	1068
194952	1081
194952	1083
194952	1095
194952	1103
194952	1104
194952	1138
194952	1190
194952	1227
198256	1026
198256	1087
198256	1095
198256	1120
198256	1123
198256	1145
198256	1173
198256	1175
198256	1190
198256	1212
199007	928
199007	989
199007	993
199007	997
199007	1008
199007	1018
199007	1019
199007	1023
199007	1025
199007	1027
199007	1028
199007	1029
199007	1032
199007	1036
199007	1038
199007	1044
199007	1047
199007	1053
199007	1054
199007	1063
199007	1065
199007	1066
199007	1075
199007	1099
199007	1100
199007	1104
199007	1105
199069	1011
199069	1040
199069	1056
199069	1059
199069	1061
199069	1076
199069	1093
199069	1122
199069	1126
199069	1133
199339	1029
199339	1068
199339	1096
199339	1102
199339	1113
200126	985
200126	1015
200126	1030
200126	1035
200126	1068
200126	1072
200126	1073
200126	1078
200126	1083
200126	1091
200126	1095
200126	1103
200126	1105
200126	1111
200126	1116
200126	1143
200126	1168
200126	1169
200126	1219
200126	1235
200126	1313
200126	1394
200665	1068
200665	1095
200665	1105
200665	1151
201865	1011
201865	1033
201865	1047
201865	1065
201865	1070
201865	1078
201865	1088
201865	1099
201865	1118
201865	1119
201865	1134
201865	1136
201865	1143
201865	1155
201865	1166
201865	1168
201865	1169
201865	1185
201865	1209
201865	1394
203295	1030
203295	1095
203295	1103
203295	1105
203295	1122
203295	1151
203506	1027
203506	1078
203506	1154
204895	1030
204895	1035
204895	1066
204895	1091
204895	1095
204895	1489
206404	1011
206404	1023
206404	1029
206404	1032
206404	1036
206404	1048
206404	1056
206404	1058
206404	1068
206404	1077
206404	1079
206404	1103
206404	1105
206404	1108
206404	1112
206404	1114
206404	1133
206404	1139
206404	1150
206404	1168
206404	1169
206404	1183
206404	1185
206557	972
206557	1078
206557	1093
206557	1113
206557	1116
206557	1136
206557	1151
206557	1235
206557	1394
208070	1013
208070	1029
208070	1044
208598	1009
208598	1027
209308	1011
209308	1022
209308	1023
209308	1027
209308	1029
209308	1030
209308	1032
209308	1038
209308	1068
209308	1078
209308	1093
209308	1095
209308	1103
209308	1116
209308	1118
209308	1131
209308	1136
209308	1138
209308	1143
209308	1168
209308	1190
209308	1210
209375	1168
211747	1011
211747	1022
211747	1068
211747	1093
211747	1102
211747	1105
211747	1116
211825	1018
211825	1022
211825	1057
211825	1097
211825	1114
213035	951
213035	1017
213035	1027
213035	1035
213035	1036
213035	1072
213035	1078
213035	1083
213035	1095
213035	1096
213035	1105
213035	1124
213035	1143
213035	1168
213035	1179
213035	1198
213035	1209
214461	1025
214461	1030
214461	1093
214461	1107
214461	1143
214461	1152
214461	1173
215493	941
215493	967
215493	971
215493	976
215493	978
215493	979
215493	981
215493	983
215493	985
215493	986
215493	988
215493	993
215493	995
215493	996
215493	997
215493	998
215493	1003
215493	1005
215493	1011
215493	1012
215493	1013
215493	1021
215493	1027
215493	1029
215493	1032
215493	1036
215493	1039
215493	1054
215493	1063
215493	1068
215493	1078
215493	1080
215493	1105
215493	1122
215493	1151
215493	1152
215493	1166
215493	1168
215493	1169
215493	1457
216738	1016
216738	1039
216738	1072
216738	1099
216738	1108
217248	985
217248	1035
217248	1046
217248	1095
217248	1129
217248	1133
217248	2170
217814	998
217814	1023
217814	1063
217814	1078
217814	1084
217814	1089
217814	1095
217814	1105
217814	1151
217814	1162
217814	1168
219202	980
219202	1008
219202	1022
219202	1032
219202	1034
219202	1043
219202	1086
219202	1213
219202	1443
219369	1095
219369	1151
219516	914
219516	915
219516	918
219516	920
219516	921
219516	922
219516	923
219516	926
219516	927
219516	930
219516	932
219516	935
219516	938
219516	942
219516	945
219516	946
219516	948
219516	959
219516	964
219516	968
219516	970
219516	974
219516	975
219516	976
219516	978
219516	979
219516	980
219516	981
219516	983
219516	986
219516	990
219516	992
219516	993
219516	994
219516	995
219516	996
219516	997
219516	998
219516	1000
219516	1004
219516	1005
219516	1007
219516	1008
219516	1009
219516	1013
219516	1016
219516	1017
219516	1018
219516	1021
219516	1024
219516	1026
219516	1028
219516	1029
219516	1031
219516	1032
219516	1034
219516	1037
219516	1038
219516	1040
219516	1043
219516	1045
219516	1046
219516	1050
219516	1053
219516	1054
219516	1090
219516	1098
219516	1099
219516	1122
219516	1129
219516	1140
219516	1147
219516	1153
219516	1157
219516	1158
219516	1600
219719	1023
219719	1055
219719	1082
219719	1095
219719	1138
219719	1169
221564	1029
221564	1038
221564	1060
221564	1103
221564	2442
221746	1011
221746	1046
221746	1050
221746	1068
221746	1070
221746	1080
221746	1090
221746	1103
221746	1116
221746	1168
222886	1016
222886	1017
222886	1018
222886	1030
222886	1033
222886	1036
222886	1045
222886	1046
222886	1050
222886	1056
222886	1059
222886	1061
222886	1070
222886	1073
222886	1082
222886	1085
222886	1098
222886	1100
222886	1102
222886	1107
222886	1110
222886	1122
222886	1131
224073	985
224073	1009
224073	1010
224073	1027
224073	1029
224073	1060
224073	1103
224073	1168
224073	1235
224073	1394
224661	962
224661	978
224661	1002
224661	1014
224661	1018
224661	1047
224661	1054
224661	1056
224661	1072
224661	1074
224661	1075
224661	1078
224661	1095
224661	1097
224661	1126
224661	1129
224661	1131
224661	1137
224661	1138
224661	1205
224661	1257
225204	1007
225204	1011
225204	1027
225204	1030
225204	1032
225204	1046
225204	1047
225204	1072
225204	1131
226264	941
226264	990
226264	1033
226264	1037
226264	1051
226264	1055
226264	1095
226264	1112
227249	985
227249	996
227249	998
227249	1008
227249	1011
227249	1015
227249	1019
227249	1025
227249	1030
227249	1032
227249	1035
227249	1052
227249	1057
227249	1058
227249	1073
227249	1076
227249	1122
227249	1129
227249	1143
228053	1011
228053	1016
228053	1022
228053	1029
228053	1070
228053	1103
230291	951
230291	1017
230291	1018
230291	1036
230291	1085
230291	1095
230291	1105
230291	1122
230291	1143
230291	1394
231583	1029
231583	1078
231583	1105
231583	1122
231583	1150
231583	1394
232511	1011
232511	1022
232511	1051
232511	1068
232511	1095
232511	1103
232511	1105
232511	1136
232511	1143
232511	1151
232511	1185
233252	986
233252	1004
233252	1019
233252	1027
233252	1035
233252	1047
233252	1072
233252	1087
233252	1094
233252	1190
233252	1248
233739	1030
233739	1032
233739	1133
236270	1011
236270	1015
236270	1032
236270	1057
236270	1068
236270	1083
236270	1107
236270	1166
236270	1169
236493	985
236493	998
236493	1009
236493	1038
236493	1062
236493	1068
236493	1073
236493	1074
236493	1093
236493	1095
236493	1103
236493	1105
236493	1106
236493	1116
236493	1118
236493	1136
236493	1148
236493	1151
236493	1162
236493	1168
236493	1169
236493	1185
236493	1187
236493	1235
237810	954
237810	963
237810	996
237810	1014
237810	1037
237810	1040
237810	1042
237810	1046
237810	1047
237810	1057
237810	1058
237810	1059
237810	1060
237810	1068
237810	1073
237810	1082
237810	1085
237810	1087
237810	1090
237810	1094
237810	1097
237810	1103
237810	1119
237810	1124
237810	1126
237810	1131
237810	1141
237810	1169
237810	1190
240042	1033
240042	1108
240042	1119
240042	1123
240042	1136
240042	1146
240042	1166
240042	1183
240042	1190
240042	1212
240042	1239
240229	965
240229	985
240229	994
240229	1008
240229	1015
240229	1016
240229	1019
240229	1029
240229	1030
240229	1032
240229	1040
240229	1046
240229	1047
240229	1057
240229	1069
240229	1091
240229	1094
240229	1100
240229	1119
240229	1121
240229	1126
240229	1148
240229	1157
240229	1159
240229	1162
240229	1164
240229	1180
240229	1200
240229	1210
240229	1212
240229	1226
240229	1235
240229	1394
241441	1023
241441	1055
241441	1065
241441	1069
241441	1089
241441	1095
241441	1096
241441	1103
241441	1105
241441	1111
241441	1122
241441	1124
241441	1185
241441	1190
242159	991
242159	993
242159	995
242159	996
242159	997
242159	998
242159	1000
242159	1004
242159	1007
242159	1008
242159	1010
242159	1012
242159	1013
242159	1014
242159	1015
242159	1016
242159	1017
242159	1020
242159	1023
242159	1024
242159	1029
242159	1030
242159	1031
242159	1032
242159	1037
242159	1038
242159	1040
242159	1042
242159	1043
242159	1045
242159	1046
242159	1047
242159	1048
242159	1049
242159	1050
242159	1054
242159	1056
242159	1057
242159	1058
242159	1063
242159	1064
242159	1065
242159	1068
242159	1072
242159	1075
242159	1077
242159	1080
242159	1081
242159	1087
242159	1088
242159	1089
242159	1090
242159	1092
242159	1093
242159	1094
242159	1095
242159	1097
242159	1101
242159	1104
242159	1109
242159	1111
242159	1114
242159	1116
242159	1117
242159	1123
242159	1124
242159	1126
242159	1127
242159	1128
242159	1130
242159	1133
242159	1143
243236	985
243236	1010
243236	1029
243236	1143
246132	930
246132	933
246132	935
246132	940
246132	942
246132	944
246132	946
246132	948
246132	952
246132	966
246132	970
246132	973
246132	983
246132	986
246132	987
246132	988
246132	996
246132	998
246132	1000
246132	1003
246132	1004
246132	1007
246132	1009
246132	1012
246132	1013
246132	1017
246132	1026
246132	1029
246132	1031
246132	1037
246132	1039
246132	1040
246132	1045
246132	1048
246132	1062
246132	1064
246132	1066
246132	1070
246132	1073
246132	1074
246132	1076
246132	1077
246132	1079
246132	1081
246132	1084
246132	1089
246132	1090
246132	1091
246132	1092
246132	1093
246132	1098
246632	1011
246632	1023
246632	1038
246632	1058
248665	1068
248755	1007
248755	1013
248755	1027
248755	1054
248755	1060
248755	1067
248755	1078
248755	1084
248755	1136
248755	1168
248755	1190
251084	985
251084	998
251084	1002
251084	1003
251084	1009
251084	1010
251084	1011
251084	1016
251084	1019
251084	1020
251084	1027
251084	1029
251084	1031
251084	1035
251084	1036
251084	1038
251084	1040
251084	1046
251084	1047
251084	1049
251084	1050
251084	1051
251084	1053
251084	1054
251084	1058
251084	1062
251084	1068
251084	1070
251084	1073
251084	1074
251084	1075
251084	1076
251084	1078
251084	1080
251084	1083
251084	1086
251084	1089
251084	1090
251084	1094
251084	1095
251084	1096
251084	1099
251084	1103
251084	1104
251084	1105
251084	1109
251084	1111
251084	1115
251084	1122
251084	1129
251084	1131
251084	1138
251084	1139
251084	1169
251084	1185
251407	965
251407	985
251407	1003
251407	1010
251407	1011
251407	1015
251407	1023
251407	1025
251407	1027
251407	1029
251407	1030
251407	1032
251407	1036
251407	1038
251407	1044
251407	1056
251407	1072
251407	1073
251407	1078
251407	1089
251407	1095
251407	1103
251407	1105
251407	1111
251407	1169
251407	1235
251940	998
251940	1018
251940	1020
251940	1022
251940	1025
251940	1026
251940	1027
251940	1044
251940	1085
251940	1138
251940	1143
252984	965
252984	978
252984	1002
252984	1004
252984	1005
252984	1008
252984	1010
252984	1011
252984	1012
252984	1015
252984	1019
252984	1022
252984	1025
252984	1028
252984	1030
252984	1032
252984	1046
252984	1052
252984	1069
252984	1070
252984	1073
252984	1074
252984	1076
252984	1080
252984	1081
252984	1084
252984	1087
252984	1103
252984	1104
252984	1111
252984	1151
254673	985
254673	996
254673	998
254673	1005
254673	1006
254673	1007
254673	1013
254673	1015
254673	1019
254673	1020
254673	1023
254673	1025
254673	1027
254673	1028
254673	1029
254673	1031
254673	1032
254673	1036
254673	1037
254673	1054
254673	1057
254673	1060
254673	1063
254673	1066
254673	1068
254673	1073
254673	1075
254673	1079
254673	1083
254673	1084
254673	1086
254673	1094
254673	1095
254673	1097
254673	1099
254673	1103
254673	1104
254673	1114
254673	1122
254673	1124
254673	1129
254673	1139
254673	1181
255195	985
255195	1002
255195	1003
255195	1004
255195	1005
255195	1008
255195	1010
255195	1011
255195	1029
255195	1033
255195	1038
255195	1048
255195	1051
255195	1055
255195	1066
255195	1068
255195	1069
255195	1070
255195	1072
255195	1074
255195	1089
255195	1090
255195	1096
255195	1103
255195	1105
255195	1111
255195	1122
255195	1151
255195	1169
255195	1185
255377	1033
255377	1084
255377	1116
255377	1151
255377	1192
255693	964
255693	1025
255693	1027
255693	1028
255961	1082
255961	1093
255961	1095
255961	1105
255961	1116
255961	1151
255961	1168
255961	1235
256126	997
256126	1013
256126	1023
256126	1030
256126	1143
258734	1068
258734	1105
259847	985
259847	1022
259847	1027
259847	1095
259952	986
259952	998
259952	1002
259952	1005
259952	1011
259952	1015
259952	1016
259952	1019
259952	1022
259952	1028
259952	1030
259952	1032
259952	1035
259952	1042
259952	1043
259952	1044
259952	1052
259952	1058
259952	1062
259952	1064
259952	1067
259952	1068
259952	1070
259952	1072
259952	1076
259952	1079
259952	1087
259952	1089
259952	1090
259952	1091
259952	1093
259952	1097
259952	1099
259952	1100
259952	1102
259952	1107
259952	1111
259952	1114
259952	1115
259952	1129
259952	1133
259952	1143
259952	1148
259952	1190
261982	1151
261982	1235
262445	985
262445	1012
262445	1014
262445	1023
262445	1042
262445	1058
262445	1062
262445	1067
262445	1073
262445	1075
262445	1095
262445	1103
262445	1133
262445	2064
262726	1068
262726	1095
262726	1103
262726	1118
262726	1151
262726	1152
262726	1168
262726	1235
262726	1394
263454	1018
263454	1095
263454	1113
263454	1138
263454	1148
263454	1235
263856	959
263856	964
263856	965
263856	966
263856	970
263856	975
263856	977
263856	978
263856	979
263856	984
263856	993
263856	995
263856	996
263856	997
263856	998
263856	1000
263856	1001
263856	1002
263856	1003
263856	1004
263856	1005
263856	1007
263856	1008
263856	1009
263856	1013
263856	1018
263856	1023
263856	1026
263856	1028
263856	1032
263856	1037
263856	1038
263856	1043
263856	1046
263856	1052
263856	1056
263856	1062
263856	1065
263856	1066
263856	1068
263856	1072
263856	1075
263856	1077
263856	1080
263856	1086
263856	1091
263856	1098
263856	1102
263856	1104
264025	985
264025	1023
264090	987
264090	996
264090	999
264090	1011
264090	1014
264090	1016
264090	1017
264090	1018
264090	1019
264090	1021
264090	1025
264090	1030
264090	1039
264090	1048
264090	1049
264135	1033
264135	1039
264135	1045
264135	1050
264135	1051
264135	1055
264135	1062
264135	1065
264135	1068
264135	1069
264135	1072
264135	1074
264135	1077
264135	1078
264135	1079
264135	1081
264135	1084
264135	1087
264135	1088
264135	1090
264135	1091
264135	1092
264135	1093
264135	1094
264135	1095
264135	1096
264135	1097
264135	1099
264135	1103
264135	1105
264135	1107
264135	1108
264135	1111
264135	1112
264135	1114
264135	1115
264135	1116
264135	1117
264135	1118
264135	1119
264135	1120
264135	1121
264135	1123
264135	1124
264135	1126
264135	1127
264135	1128
264135	1130
264135	1134
264135	1135
264135	1136
264135	1137
264135	1138
264135	1142
264135	1146
264135	1148
264135	1150
264135	1151
264135	1155
264135	1156
264135	1157
264135	1159
264135	1160
264135	1161
264135	1162
264135	1163
264135	1164
264135	1165
264135	1166
264135	1168
264135	1169
264135	1173
264135	1175
264135	1176
264135	1178
264135	1185
264135	1187
264135	1188
264135	1189
264135	1190
264135	1200
264135	1206
264135	1208
264135	1209
264135	1212
264135	1213
264135	1226
264135	1235
264135	1237
264135	1261
264135	1271
264135	1394
264490	1016
264490	1047
264490	1072
264490	1073
264490	1094
264490	1129
264490	1139
266031	1068
266031	1093
266031	1095
266031	1105
266031	1157
266031	1394
266356	1028
266356	1037
266356	1040
266356	1042
266356	1047
266356	1082
266837	1023
266837	1032
266837	1033
266837	1067
266837	1096
266837	1098
266837	1103
266837	1105
266837	1166
266837	1169
267590	1003
267590	1025
267590	1029
267590	1038
267590	1047
267590	1067
267590	1074
267590	1078
267590	1185
267783	1022
267783	1035
268762	1032
268762	1060
268762	1070
268762	1089
268762	1110
268762	1116
268762	1143
268762	2881
268891	1011
268891	1022
268891	1027
268891	1068
268891	1078
268891	1095
268891	1103
268891	1106
268891	1143
268891	1148
268891	1151
268891	1168
268891	1394
268991	985
268991	1038
268991	1048
268991	1051
268991	1068
268991	1095
268991	1103
268991	1105
268991	1106
268991	1116
268991	1138
268991	1143
268991	1151
268991	1168
268991	1190
269720	1050
269720	1068
269720	1093
269720	1103
269720	1116
269720	1118
269720	1123
269720	1151
269720	1168
269720	1394
271089	951
271089	1009
271089	1011
271089	1022
271089	1028
271089	1030
271089	1040
271089	1043
271089	1052
271089	1087
271089	1097
271089	1102
271089	1107
271089	1113
271089	1133
271089	1138
271089	1143
271966	1005
271966	1015
271966	1019
271966	1039
271966	1045
271966	1062
271966	1068
271966	1079
271966	1083
271966	1090
271966	1091
271966	1095
271966	1097
271966	1111
271966	1121
271966	1138
271966	1169
271966	1190
271976	1073
271976	1074
271976	1095
271976	1105
271976	1111
271976	1141
271976	1169
272179	1027
272179	1037
272179	1143
272805	1011
273258	1073
273691	986
273691	994
273691	1011
273691	1016
273691	1017
273691	1022
273691	1025
273691	1030
273691	1032
273691	1039
273691	1062
273691	1072
273691	1094
273691	1096
273691	1103
273691	1105
273691	1107
273691	1123
273691	1129
273691	1138
273691	1143
273691	1235
273691	1394
274161	928
274161	1011
274161	1061
274161	1074
274161	1095
274161	1151
274161	1726
274161	1897
274161	1942
274161	2639
275246	930
275246	954
275246	982
275246	1035
275246	1040
275246	1042
275246	1046
275246	1094
275246	1148
276034	1011
276034	1029
276034	1038
276034	1068
276034	1069
276034	1070
276034	1072
276034	1083
276034	1095
276034	1100
276034	1104
276034	1105
276034	1134
277439	1027
277439	1029
277439	1033
277439	1103
277439	1166
278559	983
278559	992
278559	996
278559	998
278559	1000
278559	1003
278559	1016
278559	1020
278559	1026
278559	1035
278559	1042
278559	1046
278559	1047
278559	1056
278559	1061
278559	1095
278559	1096
278559	1099
278559	1102
278559	1110
278559	1159
278559	1166
278559	1175
278559	1185
278559	1208
278559	1209
281734	941
281734	948
281734	955
281734	959
281734	964
281734	967
281734	968
281734	971
281734	975
281734	978
281734	979
281734	981
281734	983
281734	988
281734	992
281734	993
281734	995
281734	1000
281734	1005
281734	1016
281734	1027
281734	1028
281734	1032
281734	1033
281734	1038
281734	1044
281734	1049
281734	1054
281734	1064
282486	1027
282486	1078
282486	1093
282486	1095
282486	1148
282486	1151
282486	1394
284565	1073
284565	1080
284565	1095
284565	1100
284565	1168
290703	1003
290703	1011
290703	1025
290703	1027
290703	1047
290703	1078
290703	1095
290703	1105
290703	1111
290703	1124
290703	1133
290703	1138
290703	1185
290977	985
290977	1003
290977	1011
290977	1025
290977	1029
290977	1030
290977	1036
290977	1047
290977	1069
290977	1073
290977	1079
290977	1095
290977	1096
290977	1103
290977	1105
290977	1116
290977	1121
290977	1126
290977	1143
290977	1168
290977	1169
290977	1185
292663	931
292663	934
292663	944
292663	949
292663	951
292663	954
292663	955
292663	960
292663	962
292663	964
292663	965
292663	970
292663	973
292663	974
292663	975
292663	976
292663	978
292663	980
292663	981
292663	986
292663	989
292663	992
292663	993
292663	997
292663	998
292663	1000
292663	1002
292663	1006
292663	1008
292663	1009
292663	1012
292663	1015
292663	1017
292663	1021
292663	1022
292663	1025
292663	1026
292663	1027
292663	1028
292663	1029
292663	1032
292663	1034
292663	1037
292663	1040
292663	1043
292663	1044
292663	1046
292663	1048
292663	1049
292663	1053
292663	1054
292663	1055
292663	1059
292663	1063
292663	1067
292663	1081
292663	1086
292663	1089
292663	1100
292663	1107
292663	1143
292663	1240
292663	1250
292663	1309
294461	1095
294461	1123
294461	1235
294461	1246
296242	986
296242	995
296242	1025
296242	1028
296242	1048
296242	1050
296242	1057
296242	1088
296242	1103
296242	1131
296242	1257
296244	1047
296244	1106
297061	978
297061	981
297061	995
297061	996
297061	998
297061	1011
297061	1012
297061	1023
297061	1035
297061	1038
297061	1078
297061	1088
297061	1095
297061	1116
297061	1141
297061	1151
297623	1011
297623	1021
297623	1022
297623	1027
297623	1073
297623	1083
297623	1091
297623	1095
297623	1097
297623	1100
297623	1102
297623	1107
297623	1111
297623	1116
297623	1143
297623	1148
297623	1168
297623	1189
298825	985
298825	1022
298825	1027
298825	1038
298825	1044
298825	1047
298825	1105
298825	1133
298825	1151
299210	1015
299210	1025
299210	1032
299210	1036
299210	1072
299210	1095
299210	1105
299210	1133
299210	1138
299210	1143
299884	1029
299884	1032
299884	1038
299884	1089
299884	1169
299884	1208
300562	945
300562	948
300562	952
300562	953
300562	957
300562	959
300562	960
300562	961
300562	962
300562	965
300562	970
300562	973
300562	977
300562	979
300562	980
300562	983
300562	984
300562	986
300562	988
300562	989
300562	991
300562	993
300562	996
300562	998
300562	1000
300562	1007
300562	1008
300562	1009
300562	1012
300562	1015
300562	1018
300562	1019
300562	1021
300562	1023
300562	1029
300562	1031
300562	1037
300562	1040
300562	1043
300562	1045
300562	1047
301487	1027
301487	1033
301487	1095
301487	1103
301487	1105
301487	1136
301487	1306
302110	992
302110	993
302110	994
302110	995
302110	996
302110	998
302110	1000
302110	1004
302110	1007
302110	1009
302110	1012
302110	1013
302110	1015
302110	1016
302110	1017
302110	1018
302110	1026
302110	1032
302110	1033
302110	1038
302110	1042
302110	1043
302110	1045
302110	1046
302110	1047
302110	1048
302110	1049
302110	1050
302110	1053
302110	1054
302110	1056
302110	1057
302110	1058
302488	919
302488	926
302488	929
302488	933
302488	934
302488	935
302488	937
302488	943
302488	946
302488	952
302488	957
302488	973
302488	978
302488	979
302488	986
302488	989
302488	992
302488	993
302488	996
302488	997
302488	998
302488	1000
302488	1005
302488	1012
302488	1013
302488	1014
302488	1018
302488	1019
302488	1021
302488	1024
302488	1025
302488	1028
302488	1034
302488	1046
302488	1089
302645	985
302645	990
302645	1011
302645	1025
302645	1027
302645	1044
302645	1055
302645	1068
302645	1095
302645	1103
302645	1169
303269	932
303269	936
303269	942
303269	944
303269	951
303269	955
303269	960
303269	972
303269	975
303269	985
303269	986
303269	994
303269	1003
303269	1011
303269	1012
303269	1014
303269	1015
303269	1018
303269	1020
303269	1025
303269	1030
303269	1032
303269	1036
303269	1046
303269	1047
303269	1065
303269	1073
303269	1074
303269	1085
303269	1086
303269	1089
303269	1095
303269	1096
303269	1105
303269	1114
303269	1115
303269	1122
303269	1185
305182	921
305182	974
305182	1018
305182	1036
306282	998
306282	1018
306282	1022
306282	1027
306282	1032
306282	1036
306282	1037
306282	1038
306282	1047
306282	1055
306282	1069
306282	1074
306282	1075
306282	1078
306282	1085
306282	1087
306282	1088
306282	1093
306282	1094
306282	1095
306282	1098
306282	1099
306282	1105
306282	1112
306282	1114
306282	1116
306282	1118
306282	1119
306282	1121
306282	1127
306282	1131
306282	1136
306282	1138
306282	1139
306282	1142
306282	1148
306282	1151
306282	1161
306282	1168
306282	1169
306282	1175
306282	1185
306282	1190
306282	1209
306282	1235
306688	985
306688	1003
306688	1010
306688	1011
306688	1015
306688	1025
306688	1027
306688	1029
306688	1036
306688	1038
306688	1056
306688	1066
306688	1068
306688	1075
306688	1083
306688	1089
306688	1093
306688	1095
306688	1103
306688	1105
306688	1110
306688	1122
306688	1168
306688	1190
307201	990
307201	991
307201	994
307201	996
307201	998
307201	1000
307201	1004
307201	1007
307201	1008
307201	1009
307201	1012
307201	1013
307201	1016
307201	1017
307201	1028
307201	1029
307201	1032
307201	1037
307201	1044
307201	1045
307201	1046
307201	1047
307201	1049
307201	1050
307706	1003
307706	1008
307706	1010
307706	1013
307706	1022
307706	1025
307706	1027
307706	1030
307706	1039
307706	1050
307706	1060
307706	1067
307706	1078
307706	1083
307706	1084
307706	1086
307706	1095
307706	1102
307706	1107
307706	1113
307706	1133
307706	1143
307706	1190
308453	972
308453	975
308453	980
308453	983
308453	993
308453	995
308453	996
308453	1000
308453	1008
308453	1009
308453	1012
308453	1016
308453	1017
308453	1020
308453	1021
308453	1026
308453	1033
308453	1038
308453	1042
308453	1045
308453	1046
308453	1047
308453	1049
308453	1050
308453	1054
308453	1055
308453	1064
308453	1068
308453	1070
308453	1074
308453	1079
308453	1081
308453	1084
308453	1086
308834	951
308834	952
308834	953
308834	955
308834	957
308834	959
308834	960
308834	962
308834	964
308834	965
308834	966
308834	968
308834	972
308834	990
308834	1003
308834	1004
308834	1014
308834	1016
308834	1017
308834	1027
308834	1029
308834	1030
308834	1032
308834	1037
308834	1038
308834	1040
308834	1041
308834	1042
308834	1043
308834	1046
308834	1047
308834	1050
308834	1053
308834	1054
308834	1055
308834	1056
308834	1058
308834	1075
308834	1104
308834	1113
309162	1011
309162	1029
309162	1032
309162	1038
309162	1039
309162	1068
309162	1089
309162	1093
309162	1095
309162	1103
309162	1105
309162	1106
309162	1116
309162	1118
309162	1123
309162	1132
309162	1154
309162	1168
309162	1179
309162	1181
309162	1185
309162	1190
309162	1198
309162	1210
309926	1011
309926	1013
309926	1018
309926	1023
309926	1027
309926	1047
309926	1068
309926	1078
309926	1093
309926	1095
309926	1103
309926	1148
309926	1168
309926	1394
310354	953
310354	955
310354	957
310354	959
310354	960
310354	964
310354	971
310354	986
310354	993
310354	995
310354	996
310354	997
310354	998
310354	1000
310354	1002
310354	1003
310354	1004
310354	1005
310354	1008
310354	1010
310354	1011
310354	1012
310354	1013
310354	1015
310354	1018
310354	1019
310354	1021
310354	1027
310354	1028
310354	1029
310354	1032
310354	1033
310354	1034
310354	1035
310354	1037
310354	1038
310354	1039
310354	1042
310354	1044
310354	1045
310354	1046
310354	1047
310354	1048
310354	1049
310354	1050
310354	1052
310354	1053
310354	1054
310354	1055
310354	1056
310354	1057
310354	1058
310354	1059
310354	1060
310354	1062
310354	1065
310354	1067
310354	1068
310354	1069
310354	1072
310354	1074
310354	1075
310354	1076
310354	1078
310354	1079
310354	1080
310354	1081
310354	1083
310354	1084
310354	1086
310354	1090
310354	1091
310354	1095
310354	1096
310354	1097
310354	1098
310354	1099
310354	1100
310354	1102
310354	1103
310354	1104
310354	1107
310354	1109
310354	1110
310354	1111
310354	1115
310354	1122
310354	1129
310354	1133
310354	1169
310461	951
310461	968
310461	997
310461	1015
310461	1023
310461	1028
310461	1067
310461	1083
310461	1095
310461	1097
310461	1124
310461	1143
310461	1169
310461	1190
310499	1152
310499	1394
312108	1011
312108	1027
312108	1032
312108	1055
312108	1068
312108	1073
312108	1093
312108	1094
312108	1099
312108	1103
312108	1105
312108	1114
312108	1124
312108	1151
312497	915
312497	916
312497	922
312497	923
312497	926
312497	931
312497	935
312497	937
312497	942
312497	943
312497	944
312497	946
312497	951
312497	959
312497	964
312497	967
312497	968
312497	970
312497	971
312497	972
312497	973
312497	974
312497	975
312497	978
312497	979
312497	980
312497	982
312497	985
312497	986
312497	987
312497	988
312497	989
312497	990
312497	991
312497	993
312497	996
312497	997
312497	998
312497	1000
312497	1003
312497	1007
312497	1008
312497	1011
312497	1012
312497	1013
312497	1018
312497	1021
312497	1023
312497	1026
312497	1027
312497	1028
312497	1029
312497	1030
312497	1032
312497	1033
312497	1036
312497	1038
312497	1039
312497	1043
312497	1045
312497	1046
312497	1047
312497	1048
312497	1049
312497	1050
312497	1052
312497	1056
312497	1057
312497	1060
312497	1062
312497	1065
312497	1067
312497	1068
312497	1070
312497	1072
312497	1073
312497	1074
312497	1075
312497	1076
312497	1078
312497	1080
312497	1085
312497	1086
312497	1089
312497	1090
312497	1093
312497	1098
312497	1104
312497	1113
312497	1148
313893	1060
313893	1123
313893	1124
314302	1068
314302	1095
315749	1069
315749	1078
315749	1095
315749	1105
315749	1136
315749	1166
315749	1169
316528	1025
316528	1212
318503	985
318503	998
318503	1002
318503	1003
318503	1009
318503	1010
318503	1011
318503	1012
318503	1018
318503	1020
318503	1027
318503	1030
318503	1037
318503	1038
318503	1041
318503	1043
318503	1048
318503	1050
318503	1051
318503	1053
318503	1054
318503	1058
318503	1059
318503	1061
318503	1062
318503	1067
318503	1068
318503	1070
318503	1074
318503	1076
318503	1078
318503	1085
318503	1088
318503	1090
318503	1096
318503	1104
318503	1105
318503	1109
318503	1115
318503	1122
318503	1126
318503	1129
318503	1131
318503	1133
318503	1138
318503	1139
318503	1166
318503	1185
318503	1189
318503	1190
318518	985
318518	1060
318518	1068
318518	1072
318518	1095
318518	1136
318518	1148
318518	1185
318993	985
318993	986
318993	996
318993	1007
318993	1011
318993	1016
318993	1023
318993	1027
318993	1029
318993	1037
318993	1038
318993	1044
318993	1046
318993	1047
318993	1048
318993	1050
318993	1051
318993	1054
318993	1055
318993	1056
318993	1058
318993	1059
318993	1060
318993	1063
318993	1072
318993	1075
318993	1077
318993	1080
318993	1082
318993	1084
318993	1085
318993	1087
318993	1088
318993	1089
318993	1093
318993	1094
318993	1095
318993	1096
318993	1097
318993	1108
318993	1112
318993	1114
318993	1115
318993	1119
318993	1121
318993	1122
318993	1124
318993	1128
318993	1131
318993	1136
318993	1141
318993	1142
318993	1159
318993	1166
318993	1168
318993	1169
318993	1175
318993	1185
318993	1190
318993	1200
318993	1235
319194	1014
319194	1033
319194	1057
319194	1066
319194	1074
319194	1079
319194	1083
319194	1091
319194	1105
319194	1151
319194	1265
319194	2689
320537	946
320537	949
320537	952
320537	955
320537	956
320537	957
320537	959
320537	961
320537	992
320537	993
320537	994
320537	996
320537	997
320537	998
320537	1007
320537	1010
320537	1014
320537	1017
320537	1020
320537	1027
320537	1028
320537	1032
320537	1038
320537	1042
320537	1043
320537	1044
320537	1045
320537	1046
320537	1047
320537	1049
320537	1050
320537	1053
320537	1057
320537	1058
320537	1061
321036	985
321036	1010
321036	1029
321036	1038
321036	1068
321036	1103
321235	1005
321235	1006
321235	1015
321235	1022
321235	1025
321235	1027
321235	1029
321235	1030
321235	1032
321235	1060
321235	1066
321235	1068
321235	1095
321235	1100
321235	1105
321235	1116
321235	1143
321235	1151
321235	1168
321235	1190
321346	1016
321346	1041
321346	1056
321348	1011
321348	1020
321348	1046
321348	1058
321348	1068
321348	1069
321348	1075
321348	1093
321348	1103
321348	1105
321348	1122
321348	1148
321348	1235
321491	1003
321491	1022
321491	1030
321491	1068
321491	1081
321491	1086
321491	1102
321491	1107
321491	1138
322216	974
322216	979
322216	988
322216	1018
322216	1020
322216	1026
322216	1028
322216	1030
322216	1032
322216	1034
322216	1036
322216	1037
322216	1042
322216	1043
322216	1046
322216	1047
322216	1054
322216	1057
322216	1060
322216	1061
322216	1070
322216	1073
322216	1075
322216	1080
322216	1085
322216	1098
322216	1100
322216	1110
322216	1115
322465	986
322465	987
322465	991
322465	992
322465	993
322465	994
322465	997
322465	1001
322465	1003
322465	1004
322465	1010
322465	1012
322465	1014
322465	1020
322465	1024
322465	1026
322465	1085
322465	1095
322465	1105
322465	1116
322465	1122
322531	932
322531	934
322531	935
322531	937
322531	938
322531	946
322531	948
322531	951
322531	965
322531	969
322531	971
322531	973
322531	974
322531	975
322531	978
322531	986
322531	994
322531	995
322531	997
322531	998
322531	1008
322531	1015
322531	1018
322531	1019
322531	1021
322531	1022
322531	1025
322531	1026
322531	1032
322531	1033
322531	1035
322531	1044
322531	1047
322531	1052
322531	1059
322531	1085
322531	1095
322531	1102
322531	1143
322531	1166
322531	1188
324280	1072
324280	1095
324280	1105
324280	1121
324280	1131
324280	1134
324280	1168
325823	1068
325823	1136
326002	1023
326002	1025
326002	1068
326002	1105
326002	1151
326002	1168
326768	1022
326768	1030
326768	1035
326768	1043
326768	1085
326768	1095
326768	1102
326768	1107
326768	1143
326915	1123
326915	1141
326915	1179
326915	1394
327130	965
327130	973
327130	985
327130	996
327130	998
327130	1002
327130	1008
327130	1009
327130	1010
327130	1011
327130	1012
327130	1015
327130	1016
327130	1017
327130	1020
327130	1023
327130	1025
327130	1027
327130	1029
327130	1032
327130	1034
327130	1036
327130	1038
327130	1042
327130	1045
327130	1046
327130	1047
327130	1050
327130	1055
327130	1056
327130	1058
327130	1059
327130	1061
327130	1068
327130	1069
327130	1070
327130	1071
327130	1072
327130	1073
327130	1074
327130	1075
327130	1078
327130	1081
327130	1083
327130	1085
327130	1087
327130	1089
327130	1090
327130	1094
327130	1095
327130	1096
327130	1097
327130	1098
327130	1099
327130	1103
327130	1104
327130	1107
327130	1111
327130	1114
327130	1115
327130	1121
327130	1122
327130	1124
327130	1131
327130	1141
327130	1169
327130	1185
327999	1032
327999	1058
327999	1080
329126	1027
329126	1036
329126	1077
329126	1080
329126	1084
329126	1207
329126	1223
330387	1050
330387	1080
330387	1095
330387	1131
330407	985
330407	996
330407	998
330407	1011
330407	1018
330407	1023
330407	1029
330407	1032
330407	1036
330407	1038
330407	1047
330407	1050
330407	1058
330407	1067
330407	1068
330407	1073
330407	1078
330407	1084
330407	1085
330407	1095
330407	1096
330407	1103
330407	1105
330407	1114
330407	1169
332101	1011
332101	1068
332101	1095
332204	1018
332204	1023
332204	1047
332204	1067
332204	1078
332204	1080
332204	1123
332204	1136
332204	1148
332204	1166
332346	921
332346	926
332346	988
332346	992
332346	994
332346	996
332346	1032
332346	1046
332346	1073
332346	1100
332346	1101
332346	1113
334571	1022
334571	1103
334571	1110
334571	1133
334571	1143
334705	968
334705	976
334705	981
334705	985
334705	997
334705	1004
334705	1011
334705	1029
334705	1032
334705	1038
334705	1060
334705	1082
334705	1089
334998	1005
334998	1023
334998	1025
334998	1031
334998	1035
334998	1069
334998	1079
334998	1095
334998	1097
334998	1121
334998	1190
334998	1235
334998	1275
