1750	1542
1750	1575
1750	1576
1750	1676
1750	1679
1750	1697
1750	1717
1750	1726
1750	1744
1750	1757
1750	1788
1791	1526
1791	1543
1791	1571
1791	1580
1791	1607
1791	1612
1791	1624
1791	1632
1791	1641
1791	1658
1791	1790
2068	1520
2068	1542
2068	1565
2068	1609
2068	1629
2068	1637
2068	1638
2068	1750
3306	1542
3306	1580
3306	1596
3306	1635
3306	1685
3306	1689
3306	1723
3306	1788
3651	1523
3651	1565
3651	1569
3651	1571
3651	1609
3651	1612
3651	1666
3651	1675
3651	1678
3651	1697
3892	1504
3892	1530
3892	1542
3892	1549
3892	1585
3892	1591
3892	1592
3892	1596
3892	1614
3892	1615
3892	1635
3892	1651
3892	1654
3892	1663
3892	1708
3892	1723
4805	1609
4805	1612
4805	1674
4805	1678
4805	1686
4966	1685
4966	1701
4966	1726
6237	1523
6237	1542
6237	1609
6237	1612
6237	1628
6237	1650
6237	1686
6648	1502
6648	1507
6648	1510
6648	1511
6648	1517
6648	1519
6648	1521
6648	1523
6648	1524
6648	1530
6648	1536
6648	1539
6648	1542
6648	1549
6648	1555
6648	1565
6648	1566
6648	1575
6648	1580
6648	1586
6648	1612
6648	1625
6648	1629
6648	1635
6648	1640
6648	1672
6648	1685
6690	1500
6690	1504
6690	1517
6690	1542
6690	1543
6690	1548
6690	1556
6690	1562
6690	1565
6690	1571
6690	1572
6690	1574
6690	1577
6690	1579
6690	1581
6690	1593
6690	1598
6690	1601
6690	1602
6690	1609
6690	1625
6690	1642
6690	1644
6690	1646
6690	1653
6690	1788
6935	1525
6935	1593
6935	1597
6935	1609
6935	1666
6935	1679
6935	1687
6935	1717
6935	1735
6935	1769
6935	1802
7146	1523
7146	1668
7146	1676
7146	1677
7146	1679
7146	1685
7146	1726
7146	1727
7146	1736
7146	1738
7490	1507
7490	1523
7490	1555
7490	1559
7490	1589
7490	1625
7784	1518
7784	1523
7784	1524
7784	1525
7784	1541
7784	1542
7784	1548
7784	1553
7784	1563
7784	1566
7784	1568
7784	1570
7784	1571
7784	1579
7784	1581
7784	1585
7784	1587
7784	1590
7784	1593
7784	1594
7784	1599
7784	1603
7784	1643
7784	1649
7808	1504
7808	1510
7808	1511
7808	1514
7808	1517
7808	1519
7808	1523
7808	1530
7808	1534
7808	1542
7808	1549
7808	1556
7808	1561
7808	1562
7808	1564
7808	1566
7808	1567
7808	1570
7808	1575
7808	1577
7808	1586
7808	1591
7808	1592
7808	1593
7808	1597
7808	1602
7808	1613
7808	1614
7808	1616
7808	1620
7808	1625
7808	1630
7808	1631
7808	1633
7808	1640
7808	1645
7808	1650
7808	1656
7808	1657
7808	1660
7808	1664
7808	1666
7808	1695
7808	1699
7808	1702
7808	1719
7808	1721
7808	1735
7808	1767
7808	1805
7886	1575
7886	1593
7886	1626
7886	1635
7886	1638
7886	1646
7886	1651
7886	1652
7886	1660
7886	1675
7886	1682
7886	1685
7886	1688
7886	1697
7886	1701
7886	1726
7886	1738
7886	1788
9386	1474
9386	1475
9386	1478
9386	1484
9386	1486
9386	1487
9386	1488
9386	1489
9386	1491
9386	1492
9386	1494
9386	1495
9386	1496
9386	1499
9386	1501
9386	1502
9386	1510
9386	1513
9386	1514
9386	1515
9386	1518
9386	1523
9386	1524
9386	1525
9386	1526
9386	1529
9386	1530
9386	1531
9386	1533
9386	1535
9386	1539
9386	1544
9386	1547
9386	1549
9386	1553
9386	1563
9386	1566
9386	1568
9386	1571
9386	1574
9386	1577
9386	1581
9386	1585
9386	1590
9386	1593
9386	1594
9386	1595
9386	1596
9386	1598
9386	1599
9386	1606
9386	1607
9386	1608
9386	1610
9386	1611
9919	1522
9919	1585
9919	1602
9919	1635
9919	1640
9919	1749
10031	1514
10031	1523
10031	1530
10031	1542
10031	1606
10031	1634
10031	1697
10031	1738
10223	1489
10223	1490
10223	1499
10223	1500
10223	1509
10223	1510
10223	1514
10223	1523
10223	1524
10223	1526
10223	1533
10223	1534
10223	1535
10223	1537
10223	1539
10223	1541
10223	1542
10223	1544
10223	1548
10223	1552
10223	1556
10223	1559
10223	1562
10223	1565
10223	1567
10223	1569
10223	1570
10223	1575
10223	1576
10223	1582
10223	1585
10223	1593
10223	1597
10223	1600
10252	1614
10252	1640
10252	1651
10252	1654
10252	1664
10252	1673
10252	1681
10252	1685
10252	1689
10252	1701
10252	1708
10252	1788
11945	1502
11945	1556
11945	1588
11945	1589
11945	1593
11945	1630
11945	1637
11945	1681
11945	1788
12604	1514
12604	1523
12604	1542
12604	1591
12604	1675
12604	1697
13361	1519
13361	1523
13361	1530
13361	1618
13361	1625
13361	1635
13361	1664
13361	1697
13361	1730
15947	1504
15947	1519
15947	1542
15947	1551
15947	1556
15947	1570
15947	1574
15947	1575
15947	1580
15947	1586
15947	1604
15947	1609
15947	1611
15947	1612
15947	1625
15947	1626
15947	1635
15947	1637
15947	1639
15947	1662
15947	1675
15947	1685
15947	1701
15947	1714
15947	1741
15947	1750
15947	1788
15947	1793
16033	1517
16033	1542
16033	1629
16033	1811
16339	1510
16339	1513
16339	1524
16339	1525
16339	1531
16339	1534
16339	1536
16339	1537
16339	1539
16339	1542
16339	1543
16339	1547
16339	1549
16339	1553
16339	1555
16339	1558
16339	1559
16339	1561
16339	1566
16339	1567
16339	1568
16339	1569
16339	1570
16339	1571
16339	1574
16339	1576
16339	1577
16339	1578
16339	1580
16339	1581
16339	1585
16339	1588
16339	1591
16339	1598
16339	1601
16339	1602
16339	1607
16339	1608
16339	1609
16339	1614
16339	1615
16339	1617
16339	1622
16339	1623
16339	1624
16339	1625
16339	1627
16339	1631
16339	1633
16339	1635
16339	1637
16339	1639
16339	1641
16339	1644
16339	1647
16339	1652
16339	1654
16339	1656
16339	1659
16339	1664
16339	1674
16339	1681
16339	1686
16339	1689
16339	1710
16385	1523
16385	1560
16385	1580
16385	1591
16385	1614
16385	1635
16385	1665
16385	1668
16385	1679
16385	1685
16385	1723
16385	1726
16385	1738
16385	1788
17064	1504
17064	1519
17064	1526
17064	1542
17064	1544
17064	1551
17064	1559
17064	1562
17064	1567
17064	1570
17064	1584
17064	1589
17064	1604
17064	1606
17064	1611
17064	1612
17064	1620
17064	1626
17064	1630
17064	1635
17064	1637
17064	1640
17064	1643
17064	1653
17064	1656
17064	1662
17064	1663
17064	1683
17064	1788
18825	1708
19141	1504
19141	1523
19141	1530
19141	1593
19141	1609
19141	1635
19141	1640
19141	1685
19141	1788
20447	1523
20447	1531
20447	1542
20447	1549
20447	1560
20447	1573
20447	1576
20447	1591
20447	1592
20447	1600
20447	1607
20447	1616
20447	1618
20447	1623
20447	1635
20447	1645
20447	1685
20447	1698
20447	1708
20447	1710
20447	1788
23192	1517
23192	1523
23192	1542
23192	1612
23192	1623
23192	1635
23192	1636
23192	1639
23192	1642
23192	1651
23192	1653
23192	1676
23192	1678
23192	1710
23192	1793
24134	1504
24134	1511
24134	1523
24134	1524
24134	1542
24134	1549
24134	1555
24134	1566
24134	1567
24134	1568
24134	1572
24134	1592
24134	1593
24134	1614
24134	1639
24134	1646
24134	1685
24134	1708
24134	1788
24217	1514
24217	1519
24217	1565
24217	1659
24371	1523
24371	1526
24371	1534
24371	1542
24371	1547
24371	1553
24371	1568
24371	1571
24371	1581
24371	1583
24371	1589
24371	1593
24371	1596
24371	1597
24371	1598
24371	1599
24371	1604
24371	1607
24371	1609
24371	1610
24371	1612
24371	1615
24371	1618
24371	1622
24371	1623
24371	1626
24371	1632
24371	1637
24371	1638
24371	1642
24371	1643
24371	1644
24371	1653
24371	1656
24371	1660
24371	1666
24371	1674
24371	1683
24371	1686
24371	1788
24371	1790
24371	1793
26712	1511
26712	1515
26712	1518
26712	1520
26712	1524
26712	1526
26712	1527
26712	1528
26712	1531
26712	1534
26712	1535
26712	1538
26712	1539
26712	1540
26712	1542
26712	1548
26712	1559
26712	1560
26712	1576
26712	1586
26712	1596
26712	1602
26712	1607
26712	1615
26712	1616
26712	1617
26712	1628
26712	1638
26712	1666
26712	1709
27321	1507
27321	1530
27321	1559
27321	1640
27321	1708
27501	1523
27501	1586
27501	1654
27501	1708
29255	1476
29255	1478
29255	1479
29255	1480
29255	1483
29255	1485
29255	1486
29255	1487
29255	1488
29255	1490
29255	1491
29255	1492
29255	1495
29255	1496
29255	1499
29255	1500
29255	1504
29255	1505
29255	1506
29255	1507
29255	1511
29255	1514
29255	1515
29255	1517
29255	1518
29255	1523
29255	1524
29255	1527
29255	1528
29255	1530
29255	1533
29255	1534
29255	1535
29255	1538
29255	1541
29255	1542
29255	1545
29255	1548
29255	1552
29255	1555
29255	1561
29255	1563
29255	1565
29255	1566
29255	1569
29255	1575
29255	1581
29255	1582
29255	1585
29255	1586
29255	1587
29255	1590
29255	1593
29255	1595
29255	1596
29255	1597
29255	1598
29255	1600
29255	1606
29255	1607
29255	1610
29255	1611
29255	1615
29255	1616
29255	1621
29255	1623
29255	1628
29255	1630
29255	1632
29255	1633
29255	1637
29255	1639
29255	1640
29255	1647
29255	1648
29255	1649
29255	1652
29255	1657
29255	1666
29255	1674
29255	1685
29778	1542
29778	1549
29778	1560
29778	1568
29778	1665
29778	1668
29778	1679
29778	1681
29778	1685
29778	1697
29778	1726
29778	1732
29778	1736
29778	1738
29778	1757
30733	1523
30733	1568
30733	1668
30733	1726
30733	1788
33540	1521
33540	1531
33540	1548
33540	1650
34154	1523
34154	1525
34154	1534
34154	1542
34154	1543
34154	1560
34154	1566
34154	1583
34154	1589
34154	1652
34154	1658
34154	1685
34154	1727
34154	1734
34611	1542
34611	1555
34611	1592
34611	1708
35478	1497
35478	1514
35478	1516
35478	1524
35478	1525
35478	1526
35478	1530
35478	1532
35478	1535
35478	1538
35478	1539
35478	1541
35478	1542
35478	1545
35478	1548
35478	1552
35478	1553
35478	1555
35478	1556
35478	1562
35478	1563
35478	1564
35478	1566
35478	1568
35478	1570
35478	1571
35478	1572
35478	1573
35478	1576
35478	1577
35478	1579
35478	1582
35478	1584
35478	1585
35478	1594
35478	1595
35478	1597
35478	1598
35478	1599
35478	1602
35478	1605
35478	1606
35478	1607
35478	1611
35478	1630
35478	1636
35478	1640
35713	1522
35713	1523
35713	1525
35713	1529
35713	1542
35713	1577
35713	1587
35713	1592
35713	1628
35713	1640
35713	1643
35713	1685
35713	1788
35713	1822
35966	1500
35966	1504
35966	1519
35966	1523
35966	1549
35966	1575
35966	1593
35966	1609
35966	1685
35966	1738
36790	1593
36790	1651
37043	1543
37043	1559
37043	1568
37043	1592
37043	1615
37043	1624
37043	1678
38013	1524
38013	1533
38013	1535
38013	1537
38013	1539
38013	1545
38013	1553
38013	1555
38013	1560
38013	1563
38013	1565
38013	1569
38013	1577
38013	1579
38013	1582
38013	1586
38013	1587
38013	1590
38013	1591
38013	1595
38013	1596
38013	1602
38013	1605
38013	1606
38013	1608
38013	1610
38013	1612
38013	1619
38013	1628
38013	1639
38013	1640
38013	1652
38013	1656
38013	1658
38013	1666
38013	1683
38013	1686
38013	1689
38479	1502
38479	1504
38479	1507
38479	1510
38479	1514
38479	1515
38479	1517
38479	1519
38479	1521
38479	1522
38479	1523
38479	1524
38479	1525
38479	1526
38479	1529
38479	1530
38479	1534
38479	1535
38479	1542
38479	1543
38479	1544
38479	1547
38479	1549
38479	1551
38479	1553
38479	1555
38479	1558
38479	1559
38479	1560
38479	1561
38479	1564
38479	1565
38479	1566
38479	1568
38479	1570
38479	1571
38479	1572
38479	1573
38479	1575
38479	1576
38479	1578
38479	1581
38479	1584
38479	1586
38479	1588
38479	1589
38479	1590
38479	1592
38479	1593
38479	1595
38479	1597
38479	1598
38479	1599
38479	1600
38479	1601
38479	1602
38479	1604
38479	1605
38479	1607
38479	1609
38479	1610
38479	1611
38479	1612
38479	1615
38479	1616
38479	1617
38479	1619
38479	1620
38479	1622
38479	1624
38479	1625
38479	1626
38479	1628
38479	1629
38479	1630
38479	1631
38479	1633
38479	1634
38479	1635
38479	1637
38479	1638
38479	1639
38479	1640
38479	1642
38479	1643
38479	1646
38479	1647
38479	1651
38479	1652
38479	1656
38479	1657
38479	1659
38479	1660
38479	1662
38479	1663
38479	1664
38479	1666
38479	1669
38479	1673
38479	1675
38479	1676
38479	1678
38479	1681
38479	1682
38479	1686
38479	1688
38479	1689
38479	1697
38479	1709
38479	1710
38479	1711
38479	1716
38479	1718
38479	1723
38479	1733
38479	1740
38479	1747
38479	1749
38479	1750
38479	1753
38479	1788
38479	1790
38479	1793
39142	1504
39142	1514
39142	1517
39142	1530
39142	1535
39142	1539
39142	1542
39142	1566
39142	1575
39142	1593
39142	1613
39142	1615
39142	1629
39142	1636
39142	1651
39142	1657
39142	1660
39142	1661
39142	1663
39142	1666
39142	1697
39142	1701
39142	1727
39142	1734
39142	1740
39142	1741
39275	1543
39275	1584
39275	1627
39275	1632
39275	1636
39275	1646
39275	1675
39275	1686
39275	1749
39275	1788
40242	1478
40242	1480
40242	1490
40242	1520
40242	1549
40242	1571
40242	1576
40242	1599
40556	1542
40556	1573
40556	1635
40556	1666
40556	1668
40556	1685
40556	1710
40556	1723
40963	1519
40963	1520
40963	1534
40963	1544
40963	1549
40963	1556
40963	1580
40963	1589
40963	1597
40963	1598
40963	1609
40963	1612
40963	1614
40963	1637
40963	1644
40963	1663
40963	1676
40963	1685
40963	1734
43096	1498
43096	1635
43362	1480
43362	1504
43362	1511
43362	1523
43362	1524
43362	1525
43362	1527
43362	1528
43362	1529
43362	1532
43362	1533
43362	1534
43362	1535
43362	1536
43362	1537
43362	1539
43362	1541
43362	1542
43362	1544
43362	1545
43362	1548
43362	1549
43362	1553
43362	1554
43362	1555
43362	1560
43362	1563
43362	1564
43362	1566
43362	1567
43362	1569
43362	1570
43362	1571
43362	1572
43362	1573
43362	1574
43362	1575
43362	1576
43362	1577
43362	1578
43362	1579
43362	1581
43362	1582
43362	1584
43362	1585
43362	1586
43362	1587
43362	1589
43362	1590
43362	1591
43362	1593
43362	1596
43362	1597
43362	1598
43362	1599
43362	1600
43362	1602
43362	1605
43362	1606
43362	1609
43362	1610
43362	1615
43362	1616
43362	1617
43362	1620
43362	1621
43362	1623
43362	1632
43362	1633
43362	1637
43362	1647
43362	1651
43362	1652
43362	1653
43362	1656
43362	1657
43362	1659
43362	1661
43362	1665
43362	1666
48570	1519
48570	1523
48570	1561
48570	1562
49279	1500
49279	1507
49279	1514
49279	1542
49279	1551
49279	1555
49279	1561
49279	1568
49279	1571
49279	1575
49279	1591
49279	1597
49279	1599
49279	1606
49279	1611
49279	1637
49279	1640
49279	1644
49279	1653
49279	1659
49279	1676
49279	1790
49508	1542
49508	1599
49508	1634
49508	1639
49508	1678
49508	1688
49508	1718
49508	1793
49763	1502
49763	1517
49763	1530
49763	1558
49763	1572
49763	1586
49763	1629
49763	1632
49939	1476
49939	1478
49939	1483
49939	1484
49939	1486
49939	1487
49939	1488
49939	1496
49939	1500
49939	1502
49939	1504
49939	1507
49939	1514
49939	1523
49939	1524
49939	1526
49939	1530
49939	1533
49939	1539
49939	1541
49939	1542
49939	1545
49939	1548
49939	1549
49939	1554
49939	1555
49939	1556
49939	1563
49939	1566
49939	1573
49939	1574
49939	1585
49939	1590
49939	1593
49939	1596
49939	1597
49939	1599
49939	1605
49939	1606
49939	1609
49939	1611
50354	1495
50354	1500
50354	1506
50354	1507
50354	1513
50354	1514
50354	1515
50354	1517
50354	1521
50354	1523
50354	1524
50354	1525
50354	1530
50354	1532
50354	1534
50354	1535
50354	1537
50354	1539
50354	1540
50354	1544
50354	1547
50354	1548
50354	1549
50354	1552
50354	1553
50354	1557
50354	1559
50354	1561
50354	1562
50354	1563
50354	1565
50354	1567
50354	1570
50354	1576
50354	1577
50354	1581
50354	1582
50354	1585
50354	1593
50354	1595
50354	1596
50354	1597
50354	1598
50354	1599
50354	1600
50354	1602
50354	1606
50354	1607
50354	1608
50354	1610
50354	1614
50354	1617
50354	1619
50354	1620
50354	1628
50354	1630
50354	1636
50714	1510
50714	1615
50714	1660
51394	1578
51394	1592
51394	1612
51394	1640
51394	1651
51394	1662
51394	1675
51394	1679
51394	1685
51394	1697
51394	1701
51394	1726
51394	1727
51394	1738
51394	1740
51394	1749
51394	1788
51408	1567
51408	1636
51408	1675
51408	1676
51408	1738
51566	1523
51566	1534
51566	1542
51566	1593
51566	1651
51566	1788
51581	1515
51581	1519
51581	1520
51581	1523
51581	1530
51581	1534
51581	1535
51581	1542
51581	1570
51581	1577
51581	1579
51581	1580
51581	1591
51581	1609
51581	1612
51581	1618
51581	1626
51581	1635
51581	1637
51581	1662
51581	1675
51581	1676
51581	1678
51581	1685
51581	1718
51581	1723
51581	1727
51581	1738
51581	1741
51581	1750
51581	1788
54970	1542
54970	1570
54970	1571
54970	1572
54970	1591
54970	1602
54970	1612
54970	1615
54970	1616
54970	1626
54970	1635
54970	1647
54970	1654
54970	1666
54970	1686
54970	1718
54970	1788
55063	1519
55063	1552
55063	1555
55063	1559
55063	1570
55063	1571
55063	1572
55063	1576
55063	1580
55063	1591
55063	1604
55063	1605
55063	1608
55063	1610
55063	1617
55063	1622
55063	1623
55063	1626
55063	1637
55063	1638
55063	1640
55063	1643
55063	1653
55063	1657
55063	1659
55063	1664
55063	1681
55063	1683
55063	1685
55063	1689
55063	1708
55063	1723
55063	1788
55063	1793
55401	1614
55401	1626
55401	1639
55634	1517
55634	1523
55634	1542
55634	1591
55634	1593
55634	1640
55634	1666
55634	1685
55634	1788
55828	1523
55828	1542
55828	1593
55828	1666
55828	1697
56783	1542
56783	1606
56783	1788
57311	1478
57311	1479
57311	1480
57311	1482
57311	1485
57311	1486
57311	1487
57311	1495
57311	1496
57311	1507
57311	1514
57311	1515
57311	1516
57311	1517
57311	1523
57311	1524
57311	1528
57311	1529
57311	1530
57311	1531
57311	1532
57311	1536
57311	1537
57311	1539
57311	1540
57311	1542
57311	1555
57311	1559
57311	1560
57311	1562
57311	1563
57311	1564
57311	1565
57311	1566
57311	1571
57311	1572
57311	1573
57311	1576
57311	1579
57311	1581
57311	1582
57311	1584
57311	1585
57311	1586
57311	1593
57311	1598
57311	1599
57311	1600
57311	1605
57311	1659
57311	1690
58236	1523
58236	1525
58236	1542
58236	1562
58236	1591
58236	1606
58236	1611
58236	1612
58236	1616
58236	1640
59154	1523
59154	1542
59154	1551
59154	1575
59154	1593
59154	1672
59154	1679
59266	1542
59266	1636
59266	1665
59266	1668
59266	1679
59266	1687
59266	1749
59266	1788
59323	1530
59323	1568
59323	1586
59323	1631
59323	1685
59323	1688
59733	1504
59733	1507
59733	1517
59733	1530
59733	1534
59733	1539
59733	1542
59733	1549
59733	1564
59733	1566
59733	1602
59733	1625
59733	1637
59733	1790
60244	1665
60244	1668
60244	1679
60244	1687
60244	1697
60244	1726
60244	1738
60244	1757
60597	1525
60597	1542
60597	1593
60597	1596
60597	1600
60597	1609
60597	1618
60597	1634
60597	1640
60597	1664
60597	1711
60986	1523
60986	1542
60986	1559
60986	1580
60986	1626
60986	1651
60986	1685
60986	1723
60986	1749
60986	2063
60986	2166
61760	1523
61760	1534
61760	1597
61892	1522
61892	1545
61892	1549
61892	1586
62161	1509
62161	1518
62161	1521
62161	1530
62161	1543
62161	1551
62161	1555
62161	1559
62161	1571
62161	1589
62161	1595
62161	1601
62161	1626
62161	1632
62161	1637
62161	1644
62161	1646
62161	1659
62161	1850
62161	1879
62161	1993
62341	1570
62341	1578
62341	1580
62341	1584
62341	1591
62341	1592
62341	1596
62341	1605
62341	1607
62341	1612
62341	1614
62341	1618
62341	1620
62341	1622
62341	1627
62341	1630
62341	1633
62341	1634
62341	1636
62341	1638
62341	1651
62341	1655
62341	1656
62341	1661
62341	1666
62341	1674
62341	1676
62341	1685
62341	1697
62341	1698
62341	1708
62341	1709
62341	1710
62341	1741
62341	1753
63772	1514
63772	1523
63772	1580
63772	1604
63772	1685
63772	1686
64080	1523
64080	1543
64080	1559
64080	1581
64080	1599
64080	1608
64080	1675
64080	1738
64080	1788
64829	1523
64829	1697
65398	1484
65398	1485
65398	1486
65398	1487
65398	1488
65398	1490
65398	1495
65398	1496
65398	1499
65398	1500
65398	1553
65398	1555
65398	1556
65398	1559
65398	1560
65398	1563
65398	1570
65398	1574
65398	1576
65398	1578
65398	1581
65398	1582
65398	1585
65398	1590
65398	1595
65398	1598
65398	1599
65398	1600
66068	1564
66068	1611
66068	1661
66068	2304
67353	1510
67353	1530
67353	1555
67461	1523
67461	1525
67461	1534
67461	1542
67461	1549
67461	1555
67461	1559
67461	1561
67461	1566
67461	1568
67461	1570
67461	1573
67461	1576
67461	1580
67461	1585
67461	1591
67461	1593
67461	1597
67461	1598
67461	1599
67461	1602
67461	1604
67461	1612
67461	1614
67461	1615
67461	1616
67461	1617
67461	1618
67461	1623
67461	1626
67461	1632
67461	1633
67461	1635
67461	1636
67461	1637
67461	1638
67461	1639
67461	1640
67461	1645
67461	1651
67461	1652
67461	1654
67461	1664
67461	1666
67461	1669
67461	1683
67461	1685
67461	1686
67461	1689
67461	1698
67461	1709
67461	1718
67461	1723
67461	1727
67461	1733
67461	1734
67461	1740
67461	1741
67461	1788
67976	1575
67976	1632
69326	1591
69326	1596
69326	1597
69326	1616
69326	1633
69326	1659
69367	1519
69367	1520
69367	1592
69367	1642
69367	1666
70527	1523
70527	1530
70527	1542
70527	1559
70527	1570
70527	1579
70527	1606
70527	1650
70527	1664
70527	1685
70527	1708
70725	1523
70725	1547
70725	1555
70725	1571
70725	1572
70725	1614
70725	1635
70725	1640
70725	1651
70725	1654
70725	1685
74146	1526
74146	1612
74146	1632
74489	1507
74489	1536
74489	1609
74489	1621
74489	1630
74489	1640
74489	1652
75277	1523
75277	1524
75277	1531
75277	1549
75277	1580
75277	1635
75277	1664
75277	1685
75729	1541
75729	1568
75729	1580
75729	1583
75729	1591
75729	1608
75729	1612
75729	1633
75729	1635
75729	1641
75729	1772
75729	2175
75729	2249
75729	2635
76710	1500
76710	1508
76710	1531
76710	1533
76710	1535
76710	1571
76710	1574
76710	1577
76710	1586
76710	1597
76710	1598
76710	1607
76710	1609
76710	1615
76770	1504
76770	1531
76770	1536
76770	1537
76770	1593
76770	1618
76903	1490
76903	1502
76903	1504
76903	1505
76903	1515
76903	1535
76903	1542
76903	1565
76903	1567
76903	1575
76903	1577
76903	1586
76903	1591
76903	1592
76903	1593
76903	1594
76903	1598
76903	1602
76903	1603
76903	1612
76903	1613
76903	1616
76903	1788
77722	1500
77722	1502
77722	1507
77722	1514
77722	1515
77722	1524
77722	1526
77722	1529
77722	1532
77722	1536
77722	1539
77722	1544
77722	1549
77722	1552
77722	1553
77722	1560
77722	1564
77722	1570
77722	1571
77722	1574
77722	1576
77722	1577
77722	1578
77722	1579
77722	1585
77722	1596
77722	1597
77722	1598
77722	1599
77722	1600
77722	1603
77735	1635
77735	1654
77735	1681
77735	1720
77735	1742
77735	1744
77735	1784
79123	1497
79123	1525
79123	1542
79123	1551
79123	1600
79123	1612
79123	1640
80640	1507
80640	1522
80640	1523
80640	1524
80640	1526
80640	1529
80640	1536
80640	1537
80640	1544
80640	1548
80640	1553
80640	1564
80640	1573
80640	1580
80640	1589
80640	1593
80640	1597
80640	1599
80640	1602
80640	1606
80640	1611
80640	1612
80640	1622
80640	1624
80640	1625
80640	1632
80640	1634
80640	1638
80640	1642
80640	1646
80640	1650
80640	1652
80640	1655
80640	1657
80640	1658
80640	1659
80640	1663
80640	1666
80640	1672
80640	1698
80640	1708
80640	1709
80640	1710
80640	1718
83962	1522
83962	1534
83962	1593
83962	1602
83962	1613
83962	1666
83962	1697
83962	1788
83962	1791
84151	1542
84151	1669
84151	1679
84151	1788
85202	1573
85202	1581
85202	1638
85202	1640
86243	1504
86243	1519
86243	1530
86243	1577
86243	1579
86243	1623
86243	1629
86243	1631
86243	1657
86243	1664
86809	1525
86809	1543
86809	1556
86809	1580
86809	1609
86809	1635
86809	1665
86809	1675
86809	1685
86809	1788
87923	1502
87923	1507
87923	1514
87923	1523
87923	1542
87923	1543
87923	1548
87923	1564
87923	1568
87923	1570
87923	1576
87923	1586
87923	1593
87923	1611
87923	1633
87923	1635
87923	1640
87923	1659
87923	1672
87923	1685
87923	1697
87923	1716
87923	1733
87923	1749
87923	1788
89465	1530
89465	1542
89465	1640
90015	1479
90015	1482
90015	1485
90015	1487
90015	1489
90015	1490
90015	1491
90015	1494
90015	1495
90015	1496
90015	1499
90015	1500
90015	1504
90015	1507
90015	1510
90015	1514
90015	1518
90015	1523
90015	1524
90015	1535
90015	1536
90015	1538
90015	1541
90015	1542
90015	1544
90015	1553
90015	1560
90015	1561
90015	1563
90015	1566
90015	1570
90015	1575
90015	1576
90015	1578
90015	1579
90015	1607
90015	1611
90015	1614
90015	1617
90015	1639
90015	1640
90015	1656
90015	1659
90015	1666
90015	1686
90015	1689
92675	1599
92675	1604
92675	1642
92675	1793
94173	1570
94173	1579
94173	1580
94173	1614
94173	1650
94173	1651
94173	1654
94173	1668
94173	1679
94173	1681
94173	1685
94173	1687
94173	1689
94173	1701
94173	1717
94173	1726
94173	1747
94173	1772
94173	2653
94528	1517
94528	1523
94528	1539
94528	1542
94528	1543
94528	1549
94528	1555
94528	1566
94528	1567
94528	1571
94528	1576
94528	1581
94528	1585
94528	1591
94528	1598
94528	1602
94528	1609
94528	1612
94528	1620
94528	1623
94528	1634
94528	1635
94528	1642
94528	1644
94528	1659
94528	1660
94528	1665
94528	1688
94528	1697
94528	1726
94528	1732
94528	1734
94528	1738
94528	1745
95924	1543
95924	1591
95924	1612
95924	1646
95924	1675
95924	1750
95947	1665
95947	1679
95947	1726
95947	1738
95947	1749
96523	1479
96523	1480
96523	1481
96523	1482
96523	1486
96523	1490
96523	1499
96523	1500
96523	1505
96523	1512
96523	1514
96523	1520
96523	1521
96523	1525
96523	1526
96523	1529
96523	1533
96523	1535
96523	1536
96523	1539
96523	1544
96523	1547
96523	1552
96523	1553
96523	1557
96523	1559
96523	1562
96523	1563
96523	1564
96523	1565
96523	1566
96523	1567
96523	1607
96523	1612
96523	1623
96523	1642
96523	1656
96523	1693
96523	1705
96523	1743
96523	1747
96523	1752
96523	2055
96523	2393
97254	1504
97254	1507
97254	1542
97254	1562
97254	1575
97254	1651
97254	1685
97254	1708
97254	1726
98300	1517
98300	1523
98300	1525
98300	1542
98300	1575
98300	1593
98300	1609
98300	1614
98300	1635
98300	1636
98300	1669
98300	1685
98300	1710
98300	1741
99994	1532
99994	1540
99994	1574
99994	1576
99994	1577
99994	1578
99994	1579
99994	1581
99994	1582
99994	1586
99994	1610
99994	1611
99994	1612
99994	1613
99994	1615
99994	1616
99994	1619
99994	1639
99994	1640
99994	1648
99994	1653
99994	1656
99994	1657
99994	1674
99994	1678
99994	1746
99994	1764
101035	1514
101035	1515
101035	1520
101035	1521
101035	1523
101035	1524
101035	1529
101035	1537
101035	1539
101035	1598
101035	1600
101035	1606
101035	1616
101035	1852
102218	1600
102218	1679
102218	1831
102218	1994
102218	2027
102431	1491
102431	1497
102431	1509
102431	1510
102431	1511
102431	1514
102431	1515
102431	1522
102431	1532
102431	1536
102431	1550
102431	1555
102431	1558
102431	1565
102431	1570
102431	1575
102431	1578
102431	1591
102431	1593
102431	1598
102431	1599
102431	1602
102431	1604
102431	1606
102431	1611
102431	1613
102431	1632
102431	1637
102431	1640
102431	1644
102431	1647
102431	1672
102431	1683
102431	1685
102431	1761
102431	1769
102431	1788
102431	1793
102431	1803
102431	1818
102431	1860
102431	1912
102431	1942
102431	2664
103576	1522
103576	1542
103576	1651
103576	1685
103576	1788
106844	1560
106844	1589
106844	1612
106844	1615
106844	1638
106844	1654
106844	1683
106844	1710
106844	1749
107086	1504
107086	1519
107086	1562
107086	1568
107086	1577
107086	1609
107086	1615
107086	1638
107086	1689
107086	2155
107086	3533
107155	1526
107155	1530
107155	1542
107155	1547
107155	1549
107155	1566
107155	1593
107155	1597
107155	1606
107155	1623
107155	1657
107155	1669
110238	1572
110238	1593
110238	1632
110510	1548
110510	1570
110510	1571
110510	1573
110510	1574
110510	1576
110510	1577
110510	1583
110510	1587
110510	1596
110510	1598
110510	1600
110510	1602
110510	1606
110510	1608
110510	1621
110510	1629
110510	1642
110510	1644
110510	1656
110545	1543
110545	1593
110545	1612
110545	1617
110545	1635
110545	1701
110545	1708
111058	1480
111058	1504
111058	1531
111058	1542
111058	1579
111058	1605
111058	1626
111058	1636
111058	1660
111058	1738
111290	1490
111290	1491
111290	1492
111290	1496
111290	1500
111290	1502
111290	1504
111290	1506
111290	1514
111290	1515
111290	1518
111290	1523
111290	1524
111290	1530
111290	1531
111290	1533
111290	1536
111290	1539
111290	1540
111290	1545
111290	1548
111290	1549
111290	1552
111290	1553
111290	1555
111290	1557
111290	1560
111290	1561
111290	1566
111290	1570
111290	1571
111290	1576
111290	1577
111290	1581
111290	1582
111290	1583
111290	1584
111290	1585
111290	1590
111290	1593
111290	1597
111290	1598
111290	1600
111290	1603
111290	1606
111290	1609
111290	1610
111290	1617
111290	1619
111290	1627
111290	1628
111290	1636
111290	1639
111290	1643
111290	1647
111290	1649
111290	1658
111290	1661
111290	1662
111290	1664
111290	1665
111290	1666
112430	1523
112430	1542
112430	1549
112430	1584
112430	1591
112430	1593
112430	1600
112430	1606
112430	1635
112430	1636
112430	1640
112430	1668
112430	1738
112430	1749
112430	1750
112430	1788
113007	1523
113007	1591
113007	1622
113007	1669
113173	1542
113173	1631
113173	1710
113217	1507
113217	1513
113217	1515
113217	1517
113217	1525
113217	1529
113217	1532
113217	1534
113217	1537
113217	1542
113217	1553
113217	1566
113217	1578
113217	1581
113217	1584
113217	1585
113217	1587
113217	1588
113217	1590
113217	1593
113217	1595
113217	1596
113217	1597
113217	1598
113217	1599
113217	1600
113217	1601
113217	1602
113217	1606
113217	1607
113217	1609
113217	1612
113217	1615
113217	1616
113217	1624
113217	1628
113217	1630
113217	1638
113217	1639
113217	1641
113217	1646
113217	1647
113217	1648
113217	1649
113217	1652
113217	1660
113217	1666
113217	1686
114161	1504
114161	1519
114161	1542
114161	1559
114161	1586
114161	1593
114161	1597
114161	1602
114161	1606
114161	1614
114161	1616
114161	1640
114161	1645
114161	1650
114161	1652
114161	1654
114161	1664
114161	1666
114161	1687
114161	1734
114161	1750
114908	1542
114908	1567
114908	1620
114908	1651
114908	1698
114908	1723
114908	1740
116322	1525
116322	1593
116322	1685
118125	1543
118125	1556
118125	1572
118125	1577
118125	1609
118125	1626
118320	1530
118320	1542
118320	1580
118320	1612
118320	1625
118320	1626
118320	1640
118320	1662
118320	1675
118320	1678
118320	1709
118476	1504
118476	1549
118476	1618
118522	1523
118522	1525
118522	1534
118522	1555
118522	1598
118522	1601
118522	1609
118522	1612
118522	1672
118522	1708
118522	1718
118522	1738
118522	1788
121103	1521
121103	1523
121103	1531
121103	1542
121103	1589
121103	1618
121103	1626
121103	1628
121103	1634
121103	1647
121103	1660
121103	1688
121103	1710
124345	1654
124345	1665
126485	1537
126485	1542
126485	1567
126485	1580
126485	1592
126485	1612
126485	1618
126485	1620
126485	1633
126485	1666
126485	1685
126485	1698
126485	1710
126485	1723
126485	1740
126606	1560
126606	1573
126606	1585
126606	1591
126606	1616
126606	1635
126606	1654
126606	1663
126606	1685
126606	1708
126623	1629
126623	1718
127739	1519
127771	1504
127771	1517
127771	1518
127771	1523
127771	1529
127771	1533
127771	1534
127771	1535
127771	1537
127771	1542
127771	1561
127771	1563
127771	1566
127771	1568
127771	1575
127771	1583
127771	1584
127771	1585
127771	1588
127771	1590
127771	1591
127771	1592
127771	1593
127771	1595
127771	1597
127771	1599
127771	1606
127771	1611
127771	1615
127771	1619
127771	1627
127771	1628
127771	1629
127771	1639
127771	1640
127771	1648
127771	1649
127771	1652
129511	1496
129511	1590
129511	1617
130091	1504
130091	1530
130091	1679
130091	1704
130091	1717
130091	1721
130091	1726
130091	1791
130099	1523
130099	1640
130099	1685
130316	1597
130316	1598
130316	1612
130316	1642
130316	1654
130316	1699
130316	1718
130316	1793
130316	1805
130838	1542
130838	1584
130838	1640
131285	1517
131285	1549
131285	1559
131285	1561
131285	1576
131285	1580
131285	1585
131285	1587
131285	1591
131285	1593
131285	1618
131285	1623
131285	1627
131285	1629
131285	1666
131285	1682
131285	1688
131285	1697
131285	1711
131285	1734
131285	1788
131532	1523
131594	1514
131594	1523
131594	1525
131594	1530
131594	1535
131594	1542
131594	1559
131594	1568
131594	1575
131594	1577
131594	1582
131594	1585
131594	1592
131594	1593
131594	1600
131594	1654
131594	1708
132423	1514
132423	1516
132423	1517
132423	1518
132423	1523
132423	1524
132423	1525
132423	1526
132423	1529
132423	1532
132423	1535
132423	1536
132423	1539
132423	1540
132423	1541
132423	1544
132423	1545
132423	1549
132423	1552
132423	1553
132423	1555
132423	1559
132423	1560
132423	1561
132423	1562
132423	1563
132423	1564
132423	1565
132423	1566
132423	1567
132423	1569
132423	1570
132423	1575
132423	1576
132423	1579
132423	1585
132423	1587
132423	1588
132423	1592
132423	1593
132423	1596
132423	1597
132423	1598
132423	1600
132423	1601
132423	1605
132423	1606
132423	1608
132423	1611
132423	1614
132423	1617
132423	1627
132423	1628
132423	1629
132423	1630
132423	1633
132423	1635
132423	1638
132423	1640
132423	1641
132423	1642
132423	1647
132423	1651
132740	1504
132740	1515
132740	1519
132740	1523
132740	1524
132740	1530
132740	1531
132740	1535
132740	1536
132740	1542
132740	1548
132740	1549
132740	1558
132740	1561
132740	1562
132740	1565
132740	1568
132740	1570
132740	1571
132740	1575
132740	1576
132740	1577
132740	1579
132740	1580
132740	1581
132740	1584
132740	1589
132740	1591
132740	1597
132740	1600
132740	1606
132740	1609
132740	1612
132740	1616
132740	1625
132740	1626
132740	1627
132740	1628
132740	1635
132740	1638
132740	1640
132740	1652
132740	1659
132740	1664
132740	1672
132740	1681
132740	1788
133195	1505
133195	1507
133195	1518
133195	1519
133195	1521
133195	1525
133195	1528
133195	1530
133195	1535
133195	1542
133195	1544
133195	1548
133195	1549
133195	1551
133195	1555
133195	1566
133195	1575
133195	1585
133195	1591
133195	1592
133195	1606
133195	1616
133195	1625
133195	1635
133378	1480
133378	1481
133378	1486
133378	1490
133378	1502
133378	1507
133378	1511
133378	1512
133378	1514
133378	1520
133378	1526
133378	1527
133378	1528
133378	1529
133378	1530
133378	1531
133378	1532
133378	1534
133378	1535
133378	1536
133378	1537
133378	1539
133378	1540
133378	1541
133378	1544
133378	1549
133378	1557
133378	1559
133378	1563
133378	1564
133378	1567
133378	1570
133378	1571
133378	1572
133378	1573
133378	1574
133378	1576
133378	1578
133378	1579
133378	1582
133378	1583
133378	1587
133378	1594
133378	1596
133378	1599
133378	1600
133378	1601
133378	1602
133378	1607
133378	1608
133378	1615
133378	1656
133378	1660
133378	2012
133512	1519
133512	1523
133512	1530
133512	1580
133512	1601
133512	1612
133512	1632
133512	1639
133512	1640
133512	1701
133746	1493
133746	1496
133746	1504
133746	1505
133746	1518
133746	1537
133746	1545
133746	1548
133746	1569
133746	1577
133746	1590
133746	1622
133746	1689
133788	1542
133788	1568
133788	1589
133788	1597
133788	1598
133788	1651
133788	1671
133788	1726
133788	1740
136252	1522
136252	1635
136953	1515
136953	1520
136953	1523
136953	1535
136953	1536
136953	1539
136953	1540
136953	1552
136953	1559
136953	1561
136953	1563
136953	1565
136953	1566
136953	1569
136953	1573
136953	1574
136953	1576
136953	1581
136953	1582
136953	1585
136953	1587
136953	1590
136953	1593
136953	1599
136953	1603
136953	1616
136953	1646
136953	1675
136953	1697
137467	1507
137467	1514
137467	1543
137467	1580
137467	1609
137467	1612
137467	1625
137467	1635
137467	1650
137467	1651
137467	1663
137467	1664
137467	1673
137467	1687
137467	1701
137467	1734
137467	1747
137504	1523
137504	1542
137504	1599
137504	1640
137504	1660
137504	1749
137504	1788
138950	1519
138950	1523
138950	1542
138950	1560
138950	1570
138950	1580
138950	1582
138950	1589
138950	1591
138950	1598
138950	1611
138950	1612
138950	1623
138950	1632
138950	1635
138950	1640
138950	1659
138950	1665
138950	1666
138950	1672
138950	1697
138950	1708
138950	1741
138950	1749
138950	1788
139033	1542
139033	1593
139033	1679
139650	1519
139650	1523
141168	1542
141168	1579
141168	1580
141168	1640
141168	1685
141168	1749
141168	1788
141168	1812
141168	1847
141168	1886
144296	1490
144296	1494
144296	1507
144296	1508
144296	1512
144296	1521
144296	1523
144296	1525
144296	1530
144296	1531
144296	1532
144296	1533
144296	1538
144296	1542
144296	1547
144296	1549
144296	1553
144296	1559
144296	1562
144296	1563
144296	1567
144296	1568
144296	1574
144296	1576
144296	1579
144296	1582
144296	1587
144296	1593
144296	1594
144296	1598
144296	1599
144296	1600
144296	1606
144296	1608
144296	1614
144296	1616
144296	1617
144296	1620
144296	1621
144296	1628
144296	1630
144296	1675
144296	1685
144459	1519
144459	1532
144459	1609
144459	1613
144459	1631
144459	1788
144913	1570
144913	1571
144913	1580
144913	1589
144913	1598
144913	1612
144913	1625
144913	1638
144913	1650
144913	1652
144913	1685
145460	1534
145460	1542
145460	1593
145460	1609
145460	1612
145460	1616
145460	1676
145460	1685
147848	1505
147848	1537
147848	1559
147848	1568
147848	1591
147848	1598
147848	1600
147848	1609
147848	1626
147848	1627
147848	1630
147848	1638
147848	1641
147848	1651
147848	1652
147848	1662
147848	1685
147848	1686
147848	1727
147848	1739
147848	1744
147848	2408
147848	3487
147939	1519
147939	1549
147939	1597
147939	1685
147939	1740
147939	1912
148237	1517
148237	1542
148237	1549
148237	1618
148237	1660
148293	1525
148293	1549
148293	1593
148293	1609
148293	1652
148293	1788
149516	1497
149516	1532
149516	1534
149516	1551
149516	1556
149516	1567
149516	1598
149516	1624
149516	1640
149516	1647
149516	1660
151016	1582
151016	1593
151016	1604
151016	1606
151685	1480
151685	1482
151685	1486
151685	1487
151685	1501
151685	1503
151685	1510
151685	1514
151685	1517
151685	1521
151685	1522
151685	1523
151685	1524
151685	1525
151685	1526
151685	1529
151685	1530
151685	1531
151685	1532
151685	1534
151685	1535
151685	1536
151685	1537
151685	1539
151685	1541
151685	1542
151685	1543
151685	1544
151685	1547
151685	1549
151685	1552
151685	1553
151685	1555
151685	1558
151685	1559
151685	1560
151685	1562
151685	1563
151685	1566
151685	1567
151685	1568
151685	1569
151685	1571
151685	1572
151685	1573
151685	1575
151685	1576
151685	1577
151685	1581
151685	1583
151685	1586
151685	1587
151685	1588
151685	1589
151685	1593
151685	1595
151685	1596
151685	1597
151685	1598
151685	1599
151685	1600
151685	1601
151685	1602
151685	1612
151685	1616
151685	1624
151685	1625
151685	1629
151685	1632
151685	1635
151685	1639
151685	1641
151685	1644
151685	1645
151685	1652
151685	1660
151685	1666
151685	1674
151685	1686
152331	1490
152331	1492
152331	1495
152331	1496
152331	1499
152331	1501
152331	1506
152331	1525
152331	1599
152331	1603
154558	1470
154558	1480
154558	1483
154558	1489
154558	1491
154558	1493
154558	1494
154558	1495
154558	1496
154558	1502
154558	1505
154558	1511
154558	1514
154558	1517
154558	1523
154558	1524
154558	1525
154558	1527
154558	1535
154558	1541
154558	1544
154558	1548
154558	1552
154558	1553
154558	1556
154558	1559
154558	1560
154558	1563
154558	1568
154558	1571
154558	1574
155063	1612
155063	1631
155063	1678
155063	1709
155063	1788
158890	1665
158890	1668
158890	1679
158890	1687
158890	1701
158890	1717
158890	1726
158890	1738
158890	1744
158890	1757
159912	1504
159912	1519
159912	1523
159912	1591
159912	1592
159912	1597
159912	1618
159912	1635
159912	1645
159912	1665
159912	1668
160024	1532
160024	1564
160024	1567
160024	1590
160024	1595
160024	1597
160024	1598
160024	1602
160024	1628
160024	1629
160024	1630
160024	1632
160024	1633
160024	1658
160024	1670
160024	1690
160024	1695
160024	1746
161106	1535
161106	1536
161106	1542
161106	1544
161106	1545
161106	1549
161106	1552
161106	1553
161106	1555
161106	1563
161106	1564
161106	1566
161106	1569
161106	1570
161106	1571
161106	1574
161106	1575
161106	1576
161106	1579
161106	1585
161106	1586
161106	1590
161106	1593
161106	1597
161106	1600
161106	1605
161106	1606
161106	1607
161106	1615
161106	1617
161106	1620
161106	1628
161106	1630
161106	1633
161106	1639
161106	1640
161106	1643
161106	1644
161106	1647
161333	1478
161333	1479
161333	1482
161333	1483
161333	1485
161333	1487
161333	1488
161333	1495
161333	1502
161333	1504
161333	1507
161333	1511
161333	1514
161333	1515
161333	1518
161333	1523
161333	1527
161333	1528
161333	1530
161333	1532
161333	1533
161333	1535
161333	1536
161333	1538
161333	1541
161333	1542
161333	1548
161333	1549
161333	1559
161333	1562
161333	1563
161333	1564
161333	1566
161333	1569
161333	1570
161333	1573
161333	1574
161333	1575
161333	1578
161333	1579
161333	1581
161333	1582
161333	1583
161333	1593
161333	1598
161333	1603
161333	1605
161333	1606
161333	1607
161333	1609
161333	1610
161333	1611
161333	1617
161333	1619
161333	1620
161333	1663
161541	1504
161541	1515
161541	1523
161541	1534
161541	1542
161541	1549
161541	1580
161541	1586
161541	1593
161541	1609
161541	1635
161541	1788
163175	1523
163175	1524
163175	1542
163175	1543
163175	1549
163175	1568
163175	1585
163175	1589
163175	1593
163175	1598
163175	1609
163175	1616
163175	1653
163175	1710
163175	1723
163175	1788
163175	2516
163727	1626
163727	1665
163727	1668
163727	1675
163727	1679
163727	1701
163727	1738
163727	1744
163727	1749
163727	1788
164644	1489
164644	1494
164644	1504
164644	1521
164644	1523
164644	1530
164644	1539
164644	1547
164644	1572
164644	1575
164644	1586
164644	1679
164644	1681
164644	1738
164644	1755
165054	1517
165054	1523
165054	1525
165054	1555
165054	1581
165054	1591
165054	1593
165054	1598
165054	1602
165054	1612
165054	1615
165054	1622
165054	1626
165054	1635
165054	1639
165054	1642
165054	1646
165054	1651
165054	1668
165054	1676
165054	1692
165054	1708
165054	1726
165054	1727
165054	1741
165054	1788
167435	1542
167435	1640
167435	1734
167435	1744
167649	1478
167649	1479
167649	1480
167649	1483
167649	1487
167649	1489
167649	1490
167649	1494
167649	1502
167649	1504
167649	1507
167649	1510
167649	1511
167649	1518
167649	1523
167649	1524
167649	1525
167649	1532
167649	1533
167649	1536
167649	1538
167649	1541
167649	1544
167649	1545
167649	1548
167649	1549
167649	1552
167649	1553
167649	1555
167649	1560
167649	1563
167649	1564
167649	1565
167649	1566
167649	1568
167649	1570
167649	1571
167649	1576
167649	1579
167649	1584
167649	1585
167649	1587
167649	1588
167649	1594
167649	1598
167649	1603
167649	1605
167649	1606
167649	1634
167649	1659
169665	1473
169665	1479
169665	1480
169665	1481
169665	1482
169665	1483
169665	1487
169665	1490
169665	1491
169665	1492
169665	1499
169665	1500
169665	1501
169665	1504
169665	1506
169665	1507
169665	1516
169665	1517
169665	1518
169665	1520
169665	1523
169665	1524
169665	1526
169665	1533
169665	1539
169665	1540
169665	1541
169665	1544
169665	1548
169665	1559
169665	1561
169665	1562
169665	1566
169665	1567
169665	1569
169665	1571
169665	1574
169665	1575
169665	1576
169665	1577
169665	1578
169665	1579
169665	1582
169665	1585
169665	1587
169665	1588
169665	1593
169665	1595
169665	1596
169665	1597
169665	1600
169665	1611
169665	1612
169665	1614
172863	1504
172863	1506
172863	1508
172863	1512
172863	1515
172863	1518
172863	1520
172863	1522
172863	1523
172863	1530
172863	1531
172863	1532
172863	1533
172863	1535
172863	1537
172863	1540
172863	1541
172863	1547
172863	1549
172863	1552
172863	1553
172863	1555
172863	1559
172863	1560
172863	1561
172863	1563
172863	1571
172863	1572
172863	1576
172863	1584
172863	1587
172863	1591
172863	1599
172863	1600
172863	1602
172863	1606
172863	1609
172863	1616
172863	1624
172863	1632
172863	1635
172863	1636
172863	1641
172863	1644
172863	1647
172863	1652
172863	1666
172863	1672
172863	1674
172863	1675
172863	1685
172863	1723
172863	1749
172863	1793
175937	1504
175937	1552
175937	1559
175937	1571
175937	1579
175937	1581
175937	1604
175937	1609
175937	1612
175937	1617
175937	1626
175937	1637
175937	1640
175937	1667
175937	1788
176333	1504
176333	1507
176333	1511
176333	1515
176333	1519
176333	1521
176333	1535
176333	1542
176333	1543
176333	1556
176333	1562
176333	1568
176333	1571
176333	1575
176333	1580
176333	1582
176333	1587
176333	1609
176333	1618
176333	1635
176333	1641
176333	1644
176333	1663
176333	1681
176333	1689
178196	1504
178196	1525
178196	1539
178196	1575
178196	1640
178196	1788
182008	1609
182008	1675
182008	1738
182883	1547
182883	1549
182883	1560
182883	1563
182883	1564
182883	1566
182883	1574
182883	1576
182883	1579
182883	1581
182883	1582
182883	1585
182883	1586
182883	1593
182883	1597
182883	1598
182883	1599
182883	1600
182883	1603
182883	1608
182883	1610
182883	1615
182883	1619
182883	1620
182883	1623
182883	1630
182883	1636
182883	1649
182883	1659
182883	1661
182883	1663
182883	1665
182883	1666
182883	1668
182883	1673
182883	1686
182883	1689
182883	1690
182883	1692
182883	1693
184695	1517
184695	1523
184695	1530
184695	1542
184695	1549
184695	1577
184695	1580
184695	1593
184695	1618
184695	1623
184695	1666
184695	1685
184695	1788
185072	1662
185072	1678
185072	1704
185072	1755
187049	1504
187049	1510
187049	1511
187049	1514
187049	1519
187049	1520
187049	1521
187049	1523
187049	1524
187049	1525
187049	1526
187049	1530
187049	1534
187049	1537
187049	1539
187049	1544
187049	1548
187049	1549
187049	1553
187049	1555
187049	1556
187049	1558
187049	1559
187049	1562
187049	1567
187049	1568
187049	1570
187049	1571
187049	1577
187049	1579
187049	1580
187049	1582
187049	1585
187049	1586
187049	1589
187049	1591
187049	1592
187049	1593
187049	1595
187049	1596
187049	1598
187049	1600
187049	1602
187049	1608
187049	1609
187049	1611
187049	1612
187049	1615
187049	1617
187049	1618
187049	1623
187049	1625
187049	1626
187049	1627
187049	1628
187049	1629
187049	1630
187049	1631
187049	1632
187049	1635
187049	1637
187049	1645
187049	1647
187049	1652
187049	1656
187049	1658
187049	1660
187049	1663
187049	1664
187049	1666
187049	1669
187049	1672
187049	1674
187049	1686
187049	1689
187049	1723
187049	1788
188222	1502
188222	1519
188222	1543
188222	1562
188222	1586
188222	1589
188222	1631
188222	1654
188222	1660
188222	1788
188718	1664
188724	1612
188948	1523
188948	1525
188948	1549
188948	1615
188948	1618
188948	1692
189288	1519
189288	1542
189288	1579
189978	1491
189978	1494
189978	1500
189978	1502
189978	1506
189978	1507
189978	1514
189978	1515
189978	1521
189978	1529
189978	1532
189978	1538
189978	1540
189978	1542
189978	1547
189978	1552
189978	1560
189978	1561
189978	1564
189978	1566
189978	1568
189978	1569
189978	1575
189978	1579
189978	1583
189978	1585
189978	1594
189978	1595
189978	1597
189978	1599
189978	1602
189978	1603
189978	1606
189978	1608
189978	1609
189978	1617
189978	1628
189978	1666
191503	1542
191503	1612
191503	1614
191503	1636
191503	1651
191503	1654
191503	1669
191503	1701
191503	1710
191503	1788
191902	1523
191902	1542
191902	1543
191902	1568
191902	1616
191902	1672
191902	1681
191902	1788
191902	2165
192992	1489
192992	1511
192992	1516
192992	1517
192992	1533
192992	1541
192992	1563
192992	1566
192992	1598
192992	1619
192992	1629
192992	1638
192992	1712
194952	1523
194952	1570
194952	1581
194952	1593
194952	1597
194952	1611
194952	1612
194952	1632
194952	1637
194952	1723
194952	1788
198256	1530
198256	1555
198256	1571
198256	1593
198256	1625
198256	1631
198256	1676
199007	1518
199007	1520
199007	1523
199007	1524
199007	1535
199007	1542
199007	1548
199007	1560
199007	1561
199007	1566
199007	1567
199007	1569
199007	1571
199007	1578
199007	1579
199007	1582
199007	1585
199007	1590
199007	1598
199007	1606
199007	1607
199007	1609
199007	1619
199007	1652
199069	1568
199069	1589
199069	1598
199069	1614
199069	1631
199069	1651
199069	1673
199069	1685
199069	1688
199069	1734
199069	1747
199339	1542
199339	1591
199339	1593
199339	1605
199339	1613
199339	1718
200126	1542
200126	1573
200126	1575
200126	1577
200126	1609
200126	1618
200126	1638
200126	1642
200126	1647
200126	1675
200126	1701
200126	1723
200126	1738
200126	1749
200665	1519
200665	1523
200665	1542
200665	1551
200665	1580
200665	1685
201865	1542
201865	1592
201865	1613
201865	1615
201865	1630
201865	1647
201865	1697
201865	1726
201865	1734
201865	1791
203295	1591
203295	1635
203295	1668
203506	1523
203506	1726
203506	1738
204895	1523
204895	1549
204895	1669
204895	1672
204895	1675
204895	1678
206404	1517
206404	1522
206404	1523
206404	1524
206404	1530
206404	1531
206404	1534
206404	1549
206404	1555
206404	1567
206404	1587
206404	1592
206404	1593
206404	1596
206404	1597
206404	1620
206404	1629
206404	1631
206404	1633
206404	1635
206404	1640
206404	1645
206404	1651
206404	1656
206404	1658
206404	1664
206404	1676
206404	1740
206404	1753
206557	1612
206557	1672
206557	1685
206557	1686
206557	1718
206557	1733
206557	1749
208070	1517
208070	1551
208070	1609
208070	1640
208070	1654
208598	1531
208598	1596
208598	1597
209308	1542
209308	1568
209308	1570
209308	1580
209308	1591
209308	1593
209308	1612
209308	1618
209308	1623
209308	1626
209308	1635
209308	1640
209308	1651
209308	1662
209308	1666
209308	1672
209308	1676
209308	1685
209308	1697
209308	1708
209308	1718
209308	1727
209308	1736
209308	1740
209308	1741
209308	1750
209308	1788
209375	1575
211747	1542
211747	1543
211747	1788
211825	1529
211825	1559
211825	1570
211825	1599
211825	1637
211825	1658
211825	1659
213035	1592
213035	1651
214461	1519
214461	1523
214461	1612
214461	1679
214461	1788
215493	1497
215493	1517
215493	1525
215493	1532
215493	1537
215493	1541
215493	1542
215493	1553
215493	1567
215493	1575
215493	1578
215493	1588
215493	1589
215493	1596
215493	1597
215493	1600
215493	1607
215493	1619
215493	1631
215493	1640
215493	1659
215493	1683
215493	1685
215493	1698
215493	1788
215493	1867
215493	1918
216738	1622
216738	1734
217248	1522
217248	1568
217248	1580
217248	1609
217248	1625
217248	1640
217248	1664
217248	1730
217814	1517
217814	1525
217814	1542
217814	1549
217814	1555
217814	1583
217814	1600
217814	1616
219202	1514
219202	1515
219202	1520
219202	1548
219202	1555
219202	1571
219202	1575
219202	1583
219202	1585
219202	1598
219202	1606
219202	1609
219202	1612
219202	1644
219202	1677
219202	1686
219202	1718
219202	1753
219202	2311
219202	2794
219369	1523
219369	1542
219369	1588
219516	1473
219516	1476
219516	1477
219516	1478
219516	1480
219516	1481
219516	1482
219516	1483
219516	1486
219516	1487
219516	1490
219516	1491
219516	1495
219516	1497
219516	1502
219516	1504
219516	1507
219516	1508
219516	1511
219516	1512
219516	1514
219516	1515
219516	1516
219516	1518
219516	1520
219516	1523
219516	1524
219516	1525
219516	1531
219516	1532
219516	1533
219516	1535
219516	1538
219516	1539
219516	1541
219516	1542
219516	1544
219516	1548
219516	1553
219516	1560
219516	1562
219516	1563
219516	1564
219516	1565
219516	1566
219516	1567
219516	1569
219516	1570
219516	1571
219516	1572
219516	1574
219516	1575
219516	1576
219516	1577
219516	1579
219516	1581
219516	1582
219516	1585
219516	1586
219516	1593
219516	1596
219516	1598
219516	1599
219516	1611
219516	1649
219516	1703
219719	1523
219719	1553
219719	1618
219719	1666
219719	1738
219719	1749
219719	1788
221564	1502
221564	1542
221564	1575
221564	1579
221564	1586
221564	1590
221564	1593
221564	1645
221564	1656
221564	1831
221564	2906
221746	1535
221746	1537
221746	1549
221746	1559
221746	1571
221746	1577
221746	1581
221746	1596
221746	1605
221746	1609
221746	1614
221746	1615
221746	1618
221746	1623
221746	1640
221746	1642
221746	1647
221746	1669
221746	1697
221746	1708
221746	1709
221746	1711
221746	1726
221746	1738
221746	1741
222886	1515
222886	1519
222886	1523
222886	1526
222886	1535
222886	1556
222886	1559
222886	1570
222886	1571
222886	1574
222886	1577
222886	1578
222886	1579
222886	1584
222886	1586
222886	1592
222886	1599
222886	1600
222886	1602
222886	1613
222886	1616
222886	1620
222886	1624
222886	1626
222886	1630
222886	1632
222886	1633
222886	1634
222886	1636
222886	1637
222886	1640
222886	1642
222886	1646
222886	1660
222886	1676
222886	1683
222886	1689
222886	1711
222886	1718
222886	1740
222886	1793
224073	1523
224073	1542
224073	1640
224073	1788
224661	1504
224661	1507
224661	1523
224661	1542
224661	1544
224661	1545
224661	1555
224661	1556
224661	1562
224661	1571
224661	1577
224661	1579
224661	1591
224661	1595
224661	1606
224661	1611
224661	1625
224661	1630
224661	1635
224661	1652
224661	1660
224661	1663
224661	1679
224661	1683
224661	1685
224661	1708
224661	1726
225204	1542
225204	1568
225204	1570
225204	1580
225204	1635
225204	1654
226264	1523
226264	1532
226264	1534
226264	1538
226264	1540
226264	1542
226264	1545
226264	1548
226264	1552
226264	1555
226264	1567
226264	1569
226264	1575
226264	1580
226264	1584
226264	1593
226264	1597
226264	1604
226264	1609
226264	1618
226264	1623
226264	1631
226264	1635
226264	1636
226264	1640
226264	1651
226264	1660
226264	1662
226264	1665
226264	1666
226264	1668
226264	1669
226264	1672
226264	1675
226264	1676
226264	1677
226264	1678
226264	1679
226264	1685
226264	1687
226264	1697
226264	1701
226264	1708
226264	1711
226264	1717
226264	1718
226264	1723
226264	1725
226264	1726
226264	1727
226264	1734
226264	1736
226264	1738
226264	1740
226264	1749
226264	1757
226264	1788
227249	1481
227249	1493
227249	1504
227249	1507
227249	1510
227249	1517
227249	1519
227249	1520
227249	1521
227249	1523
227249	1529
227249	1530
227249	1534
227249	1535
227249	1539
227249	1544
227249	1551
227249	1553
227249	1555
227249	1558
227249	1562
227249	1575
227249	1582
227249	1583
227249	1585
227249	1586
227249	1588
227249	1595
227249	1599
227249	1611
227249	1615
227249	1625
227249	1634
227249	1645
227249	1646
227249	1682
228053	1504
228053	1511
228053	1514
228053	1517
228053	1519
228053	1523
228053	1524
228053	1530
228053	1531
228053	1534
228053	1535
228053	1539
228053	1542
228053	1544
228053	1549
228053	1551
228053	1553
228053	1557
228053	1558
228053	1559
228053	1566
228053	1570
228053	1577
228053	1586
228053	1589
228053	1598
228053	1604
228053	1605
228053	1607
228053	1615
228053	1618
228053	1623
228053	1628
228053	1629
228053	1633
228053	1637
228053	1639
228053	1645
228053	1663
230291	1577
230291	1594
230291	1602
230291	1612
230291	1688
230291	1709
230291	1718
230291	1726
230291	1734
230291	1741
230291	1747
231583	1591
231583	1697
231583	1726
231583	1791
232511	1519
232511	1530
232511	1542
232511	1609
232511	1618
232511	1678
232511	1697
232511	1788
232511	1892
232511	2004
232511	3043
233252	1515
233252	1535
233252	1556
233252	1574
233252	1579
233252	1580
233252	1635
233252	1640
233252	1652
233252	1663
233252	1685
233252	1710
233252	1726
233739	1519
233739	1523
236270	1530
236270	1640
236270	1685
236493	1523
236493	1530
236493	1542
236493	1567
236493	1591
236493	1612
236493	1619
236493	1635
236493	1640
236493	1645
236493	1685
236493	1697
236493	1708
236493	1788
237810	1507
237810	1517
237810	1543
237810	1570
237810	1580
237810	1583
237810	1589
237810	1593
237810	1598
237810	1599
237810	1605
237810	1609
237810	1612
237810	1614
237810	1618
237810	1625
237810	1629
237810	1631
237810	1635
237810	1640
237810	1651
237810	1652
237810	1663
237810	1672
237810	1674
237810	1676
237810	1681
237810	1685
237810	1689
237810	1710
237810	1723
237810	1734
237810	1747
237810	1753
240042	1580
240042	1614
240042	1640
240042	1650
240042	1651
240042	1654
240042	1664
240042	1685
240042	1734
240229	1523
240229	1524
240229	1529
240229	1531
240229	1534
240229	1539
240229	1547
240229	1549
240229	1555
240229	1560
240229	1565
240229	1568
240229	1570
240229	1571
240229	1573
240229	1581
240229	1583
240229	1596
240229	1602
240229	1609
240229	1612
240229	1614
240229	1617
240229	1625
240229	1626
240229	1629
240229	1631
240229	1634
240229	1635
240229	1637
240229	1639
240229	1643
240229	1645
240229	1656
240229	1673
240229	1676
240229	1678
240229	1681
240229	1685
240229	1686
240229	1709
240229	1718
241441	1510
241441	1517
241441	1521
241441	1523
241441	1530
241441	1534
241441	1536
241441	1539
241441	1543
241441	1548
241441	1549
241441	1558
241441	1565
241441	1566
241441	1567
241441	1568
241441	1580
241441	1587
241441	1593
241441	1597
241441	1598
241441	1618
241441	1629
241441	1630
241441	1631
241441	1635
241441	1645
241441	1646
241441	1652
241441	1660
241441	1666
241441	1676
241441	1738
241441	1745
242159	1480
242159	1484
242159	1485
242159	1486
242159	1487
242159	1490
242159	1500
242159	1502
242159	1506
242159	1507
242159	1508
242159	1515
242159	1520
242159	1523
242159	1524
242159	1525
242159	1526
242159	1529
242159	1532
242159	1536
242159	1537
242159	1539
242159	1540
242159	1541
242159	1542
242159	1544
242159	1545
242159	1548
242159	1549
242159	1555
242159	1557
242159	1559
242159	1560
242159	1561
242159	1563
242159	1564
242159	1565
242159	1567
242159	1568
242159	1570
242159	1571
242159	1573
242159	1574
242159	1576
242159	1585
242159	1587
242159	1593
242159	1594
242159	1595
242159	1597
242159	1598
242159	1599
242159	1600
242159	1602
242159	1606
242159	1610
242159	1611
242159	1614
242159	1617
242159	1620
242159	1623
242159	1628
242159	1631
242159	1633
242159	1636
242159	1642
242159	1644
242159	1647
242159	1656
242159	1662
242159	1671
242159	1674
242159	1676
242159	1709
242159	1718
243236	1496
243236	1498
243236	1530
243236	1580
243236	1593
243236	1596
243236	1602
243236	1622
243236	1640
243236	1666
243236	1689
243236	1708
243236	2241
246132	1513
246132	1517
246132	1524
246132	1526
246132	1529
246132	1530
246132	1531
246132	1532
246132	1536
246132	1539
246132	1544
246132	1548
246132	1549
246132	1557
246132	1562
246132	1563
246132	1570
246132	1571
246132	1574
246132	1576
246132	1577
246132	1579
246132	1583
246132	1585
246132	1586
246132	1599
246132	1605
246132	1615
246632	1515
246632	1519
246632	1551
246632	1586
246632	1627
246632	1643
246632	1676
246632	1688
246632	1723
246632	1788
248665	1523
248665	1531
248665	1640
248665	1652
248755	1591
248755	1738
248755	1788
251084	1542
251084	1547
251084	1559
251084	1560
251084	1567
251084	1568
251084	1570
251084	1572
251084	1573
251084	1576
251084	1580
251084	1581
251084	1591
251084	1592
251084	1596
251084	1600
251084	1602
251084	1607
251084	1608
251084	1609
251084	1610
251084	1612
251084	1614
251084	1615
251084	1618
251084	1620
251084	1622
251084	1623
251084	1626
251084	1627
251084	1630
251084	1631
251084	1633
251084	1635
251084	1636
251084	1638
251084	1641
251084	1642
251084	1647
251084	1650
251084	1651
251084	1653
251084	1654
251084	1655
251084	1656
251084	1657
251084	1658
251084	1660
251084	1661
251084	1662
251084	1665
251084	1666
251084	1667
251084	1668
251084	1672
251084	1673
251084	1674
251084	1675
251084	1676
251084	1678
251084	1679
251084	1680
251084	1681
251084	1682
251084	1687
251084	1688
251084	1697
251084	1698
251084	1701
251084	1706
251084	1707
251084	1709
251084	1710
251084	1711
251084	1718
251084	1726
251084	1727
251084	1732
251084	1734
251084	1736
251084	1738
251084	1740
251084	1741
251084	1745
251084	1747
251084	1753
251084	1774
251084	1778
251084	1791
251084	1889
251407	1504
251407	1511
251407	1517
251407	1519
251407	1523
251407	1525
251407	1530
251407	1542
251407	1549
251407	1551
251407	1561
251407	1575
251407	1577
251407	1582
251407	1589
251407	1592
251407	1593
251407	1602
251407	1609
251407	1618
251407	1623
251407	1626
251407	1629
251407	1645
251407	1664
251407	1666
251407	1676
251407	1681
251407	1697
251407	1788
251940	1568
251940	1598
251940	1612
251940	1666
251940	1672
251940	1681
252984	1551
252984	1556
252984	1562
252984	1607
252984	1612
252984	1622
252984	1627
252984	1640
252984	1647
252984	1654
252984	1689
252984	1697
252984	1790
252984	1793
254673	1502
254673	1504
254673	1507
254673	1510
254673	1511
254673	1519
254673	1521
254673	1522
254673	1523
254673	1529
254673	1530
254673	1532
254673	1534
254673	1536
254673	1542
254673	1543
254673	1544
254673	1548
254673	1551
254673	1553
254673	1556
254673	1561
254673	1562
254673	1564
254673	1565
254673	1574
254673	1577
254673	1582
254673	1583
254673	1587
254673	1591
254673	1593
254673	1595
254673	1597
254673	1599
254673	1600
254673	1606
254673	1609
254673	1611
254673	1612
254673	1616
254673	1625
254673	1626
254673	1628
254673	1629
254673	1635
254673	1640
254673	1663
254673	1686
254673	1788
254673	2061
254673	2090
255195	1504
255195	1524
255195	1525
255195	1530
255195	1532
255195	1542
255195	1547
255195	1551
255195	1553
255195	1555
255195	1559
255195	1573
255195	1576
255195	1578
255195	1587
255195	1596
255195	1597
255195	1607
255195	1615
255195	1618
255195	1620
255195	1622
255195	1623
255195	1631
255195	1635
255195	1636
255195	1639
255195	1645
255195	1650
255195	1666
255195	1669
255195	1681
255195	1685
255195	1689
255377	1523
255377	1591
255377	1642
255377	1643
255377	1664
255693	1513
255693	1553
255693	1606
255693	1607
255693	1608
255693	1609
255693	1617
255693	1620
255693	1637
255693	1642
255693	1647
255693	1651
255693	1652
255693	1684
255693	1689
255693	1696
255693	1745
255693	1763
255961	1523
255961	1537
255961	1542
255961	1610
255961	1612
255961	1640
255961	1651
255961	1675
255961	1685
255961	1697
255961	1788
256126	1523
256126	1561
256126	1587
258734	1612
258734	1788
259847	1522
259847	1523
259847	1559
259847	1571
259847	1585
259847	1593
259847	1612
259847	1632
259847	1637
259847	1651
259847	1738
259952	1502
259952	1504
259952	1519
259952	1520
259952	1521
259952	1522
259952	1523
259952	1526
259952	1542
259952	1548
259952	1551
259952	1555
259952	1559
259952	1565
259952	1566
259952	1568
259952	1570
259952	1571
259952	1581
259952	1585
259952	1593
259952	1598
259952	1599
259952	1601
259952	1602
259952	1609
259952	1611
259952	1612
259952	1615
259952	1623
259952	1624
259952	1626
259952	1631
259952	1632
259952	1634
259952	1635
259952	1637
259952	1640
259952	1641
259952	1644
259952	1646
259952	1650
259952	1652
259952	1659
259952	1660
259952	1664
259952	1676
259952	1686
259952	1718
259952	1788
259952	1793
261982	1542
261982	1580
261982	1685
262445	1517
262445	1523
262445	1530
262445	1534
262445	1539
262445	1580
262445	1629
262445	1639
262445	1640
262445	1660
262445	1681
262445	1685
262445	1788
262726	1591
262726	1788
263454	1500
263454	1519
263454	1525
263454	1542
263454	1593
263454	1597
263454	1658
263454	1672
263454	1683
263856	1487
263856	1489
263856	1490
263856	1494
263856	1495
263856	1497
263856	1500
263856	1501
263856	1502
263856	1503
263856	1505
263856	1510
263856	1511
263856	1512
263856	1513
263856	1514
263856	1515
263856	1517
263856	1518
263856	1520
263856	1521
263856	1523
263856	1524
263856	1525
263856	1526
263856	1528
263856	1529
263856	1532
263856	1533
263856	1534
263856	1535
263856	1537
263856	1538
263856	1539
263856	1540
263856	1541
263856	1544
263856	1545
263856	1547
263856	1548
263856	1549
263856	1552
263856	1553
263856	1554
263856	1560
263856	1561
263856	1563
263856	1564
263856	1565
263856	1566
263856	1569
263856	1577
263856	1582
263856	1593
263856	1595
263856	1597
263856	1598
263856	1600
263856	1602
263856	1606
263856	1608
263856	1628
263856	1636
264025	1523
264025	1530
264025	1549
264025	1555
264025	1593
264025	1645
264090	1506
264090	1517
264090	1518
264090	1520
264090	1521
264090	1522
264090	1531
264090	1534
264090	1540
264090	1542
264090	1548
264090	1561
264090	1570
264090	1575
264090	1576
264090	1577
264090	1590
264090	1603
264135	1537
264135	1542
264135	1543
264135	1547
264135	1559
264135	1560
264135	1567
264135	1568
264135	1570
264135	1571
264135	1572
264135	1573
264135	1576
264135	1578
264135	1580
264135	1581
264135	1583
264135	1584
264135	1589
264135	1591
264135	1592
264135	1596
264135	1598
264135	1602
264135	1604
264135	1605
264135	1607
264135	1608
264135	1610
264135	1612
264135	1613
264135	1614
264135	1615
264135	1617
264135	1618
264135	1620
264135	1622
264135	1623
264135	1624
264135	1626
264135	1627
264135	1630
264135	1631
264135	1633
264135	1634
264135	1635
264135	1636
264135	1637
264135	1638
264135	1640
264135	1641
264135	1642
264135	1643
264135	1644
264135	1647
264135	1650
264135	1651
264135	1653
264135	1654
264135	1655
264135	1656
264135	1657
264135	1658
264135	1659
264135	1660
264135	1666
264135	1669
264135	1672
264135	1673
264135	1674
264135	1676
264135	1678
264135	1681
264135	1683
264135	1685
264135	1688
264135	1689
264135	1698
264135	1708
264135	1709
264135	1710
264135	1711
264135	1718
264135	1723
264135	1727
264135	1734
264135	1740
264135	1747
264135	1750
264135	1753
264135	1788
264135	1790
264135	1793
264490	1497
264490	1504
264490	1514
264490	1519
264490	1520
264490	1522
264490	1523
264490	1549
264490	1570
264490	1575
264490	1599
264490	1625
264490	1632
264490	1635
264490	1645
264490	1646
264490	1663
266031	1549
266031	1593
266031	1618
266031	1640
266031	1708
266356	1635
266837	1542
266837	1597
266837	1657
267590	1504
267590	1517
267590	1523
267590	1530
267590	1542
267590	1549
267590	1566
267590	1575
267590	1596
267590	1602
267590	1640
267590	1660
267783	1575
267783	1726
268762	1600
268762	1605
268762	2148
268891	1629
268891	1651
268891	1659
268891	1662
268891	1675
268891	1788
268991	1504
268991	1530
268991	1542
268991	1549
268991	1567
268991	1580
268991	1586
268991	1593
268991	1609
268991	1612
268991	1640
268991	1788
269720	1504
269720	1511
269720	1523
269720	1530
269720	1534
269720	1536
269720	1542
269720	1561
269720	1568
269720	1575
269720	1587
269720	1593
269720	1597
269720	1609
269720	1612
269720	1618
269720	1620
269720	1623
269720	1629
269720	1631
269720	1637
269720	1640
269720	1651
269720	1657
269720	1660
269720	1665
269720	1666
269720	1668
269720	1669
269720	1675
269720	1676
269720	1678
269720	1679
269720	1685
269720	1688
269720	1697
269720	1698
269720	1711
269720	1726
269720	1740
269720	1788
271089	1519
271089	1543
271089	1556
271089	1568
271089	1571
271089	1580
271089	1593
271089	1604
271089	1612
271089	1637
271089	1643
271089	1666
271089	1686
271966	1519
271966	1520
271966	1521
271966	1561
271966	1565
271966	1592
271966	1609
271966	1640
271966	1643
271966	1646
271966	1653
271966	1689
271976	1517
271976	1521
271976	1523
271976	1526
271976	1534
271976	1543
271976	1547
271976	1548
271976	1551
271976	1555
271976	1561
271976	1572
271976	1591
271976	1593
271976	1596
271976	1625
271976	1651
271976	1676
271976	1685
271976	1788
272179	1522
272179	1551
272179	1562
272179	1579
272179	1602
272179	1615
272179	1622
272179	1636
272179	1638
272179	1642
272179	1678
272179	1681
272805	1519
272805	1549
272805	1593
272805	1685
272805	1727
273258	1551
273258	1558
273691	1542
273691	1543
273691	1568
273691	1581
273691	1593
273691	1599
273691	1609
273691	1612
273691	1614
273691	1616
273691	1635
273691	1644
273691	1650
273691	1651
273691	1662
273691	1665
273691	1672
273691	1675
273691	1686
273691	1687
273691	1738
273691	1777
273691	1788
274161	1523
274161	1541
274161	1560
274161	1591
274161	1597
274161	1602
274161	1616
275246	1507
275246	1625
275246	1664
275246	1685
276034	1497
276034	1504
276034	1519
276034	1567
276034	1575
276034	1576
276034	1591
276034	1602
276034	1635
276034	1637
276034	1642
276034	1656
276034	1660
276034	1666
276034	1734
277439	1523
277439	1577
277439	1618
277439	1721
277439	1738
277439	1749
277439	1788
278559	1480
278559	1483
278559	1488
278559	1494
278559	1499
278559	1518
278559	1524
278559	1525
278559	1530
278559	1548
278559	1553
278559	1556
278559	1568
278559	1571
278559	1576
278559	1581
278559	1585
278559	1594
278559	1599
278559	1602
278559	1607
278559	1615
278559	1630
278559	1641
278559	1646
278559	1652
278559	1658
281734	1491
281734	1492
281734	1496
281734	1501
281734	1504
281734	1507
281734	1514
281734	1517
281734	1518
281734	1525
281734	1532
281734	1535
281734	1541
281734	1544
281734	1548
281734	1549
281734	1553
281734	1563
281734	1565
281734	1566
281734	1569
281734	1570
281734	1573
281734	1578
281734	1582
281734	1584
281734	1586
281734	1590
281734	1595
281734	1596
281734	1598
281734	1601
281734	1606
281734	1607
281734	1610
281734	1611
281734	1615
281734	1616
281734	1619
281734	1627
281734	1628
281734	1630
281734	1638
282486	1519
282486	1530
282486	1672
282486	1678
282486	1723
282486	1788
284565	1523
284565	1542
284565	1583
284565	1602
284565	1635
284565	1656
284565	1666
284565	1685
284565	1741
284565	1767
284565	1788
290703	1511
290703	1519
290703	1523
290703	1543
290703	1568
290703	1575
290703	1618
290703	1622
290703	1640
290703	1788
290977	1543
290977	1576
290977	1592
290977	1604
290977	1631
290977	1636
290977	1638
290977	1647
290977	1662
290977	1676
290977	1685
290977	1701
290977	1708
290977	1738
292663	1504
292663	1515
292663	1517
292663	1521
292663	1522
292663	1523
292663	1542
292663	1543
292663	1544
292663	1564
292663	1565
292663	1572
292663	1593
292663	1595
292663	1599
292663	1617
292663	1625
292663	1629
292663	1631
292663	1645
292663	1646
292663	1656
292663	1659
292663	1723
292663	1788
294461	1662
294461	1665
294461	1668
294461	1678
294461	1717
294461	1726
294461	1738
294461	1740
294461	1757
294461	1762
294461	1772
296242	1542
296242	1570
296242	1612
296242	1627
296242	1675
296242	1958
296242	2170
296242	2339
296242	2545
296242	3006
296242	3258
296244	1591
296244	1605
296244	1616
296244	1635
296244	1651
296244	1685
297061	1480
297061	1500
297061	1523
297061	1530
297061	1576
297061	1584
297061	1626
297061	1666
297061	1788
297623	1523
297623	1555
297623	1561
297623	1612
297623	1626
297623	1788
298825	1579
298825	1591
298825	1635
299210	1523
299210	1534
299210	1542
299210	1567
299210	1593
299210	1597
299210	1620
299210	1666
299884	1586
299884	1596
300562	1480
300562	1481
300562	1482
300562	1485
300562	1486
300562	1487
300562	1490
300562	1491
300562	1492
300562	1495
300562	1499
300562	1500
300562	1502
300562	1505
300562	1532
300562	1534
300562	1535
300562	1536
300562	1537
300562	1545
300562	1552
300562	1555
300562	1560
300562	1562
300562	1563
300562	1564
300562	1566
300562	1567
300562	1568
300562	1569
300562	1570
300562	1571
300562	1573
300562	1574
300562	1576
300562	1579
300562	1582
300562	1583
300562	1584
300562	1593
300562	1597
300562	1599
300562	1600
300562	1607
300562	1608
300562	1609
300562	1627
300562	1647
301487	1504
301487	1519
301487	1542
301487	1562
301487	1575
301487	1579
301487	1636
301487	1669
301487	1679
301487	1685
301487	1697
301487	1726
301487	1738
302110	1478
302110	1479
302110	1480
302110	1483
302110	1484
302110	1485
302110	1486
302110	1487
302110	1491
302110	1502
302110	1506
302110	1508
302110	1514
302110	1515
302110	1524
302110	1525
302110	1531
302110	1532
302110	1533
302110	1535
302110	1536
302110	1538
302110	1539
302110	1541
302110	1542
302110	1545
302110	1548
302110	1549
302110	1552
302110	1553
302110	1555
302110	1560
302110	1563
302110	1564
302110	1565
302110	1566
302110	1569
302110	1570
302110	1571
302110	1576
302110	1577
302110	1581
302110	1582
302110	1584
302110	1585
302110	1587
302110	1590
302110	1591
302110	1595
302110	1596
302110	1597
302110	1598
302110	1602
302110	1607
302110	1611
302110	1640
302488	1480
302488	1487
302488	1503
302488	1523
302488	1524
302488	1526
302488	1535
302488	1536
302488	1539
302488	1542
302488	1547
302488	1563
302488	1566
302488	1576
302488	1581
302488	1583
302488	1585
302488	1588
302488	1601
302488	1605
302488	1607
302488	1615
302488	1644
302488	1646
302488	1653
302488	1656
302488	1712
302488	1826
302488	1868
302645	1519
302645	1523
302645	1532
302645	1567
302645	1577
302645	1629
302645	1631
302645	1635
302645	1641
303269	1502
303269	1504
303269	1514
303269	1519
303269	1522
303269	1523
303269	1530
303269	1535
303269	1542
303269	1544
303269	1549
303269	1551
303269	1555
303269	1558
303269	1560
303269	1561
303269	1567
303269	1573
303269	1575
303269	1576
303269	1591
303269	1592
303269	1593
303269	1595
303269	1599
303269	1613
303269	1615
303269	1616
303269	1618
303269	1623
303269	1629
303269	1631
303269	1645
303269	1656
303269	1658
303269	1660
303269	1662
303269	1663
303269	1664
303269	1666
303269	1669
303269	1673
303269	1677
303269	1679
303269	1684
303269	1688
303269	1693
303269	1701
303269	1704
303269	1709
303269	1717
303269	1726
303269	1738
303269	1740
303269	1745
303269	1772
303269	1805
305182	1487
305182	1535
305182	1544
305182	1602
305182	1606
305182	1607
306282	1502
306282	1504
306282	1507
306282	1514
306282	1519
306282	1521
306282	1522
306282	1523
306282	1524
306282	1542
306282	1543
306282	1544
306282	1549
306282	1561
306282	1562
306282	1565
306282	1568
306282	1570
306282	1571
306282	1572
306282	1575
306282	1576
306282	1579
306282	1583
306282	1587
306282	1591
306282	1596
306282	1598
306282	1602
306282	1605
306282	1606
306282	1609
306282	1612
306282	1616
306282	1625
306282	1631
306282	1635
306282	1638
306282	1640
306282	1647
306282	1652
306282	1660
306282	1661
306282	1663
306282	1664
306282	1673
306282	1681
306282	1688
306282	1689
306282	1697
306282	1718
306282	1727
306282	1733
306282	1734
306282	1741
306282	1747
306282	1750
306282	1753
306688	1517
306688	1522
306688	1523
306688	1530
306688	1534
306688	1537
306688	1542
306688	1549
306688	1560
306688	1567
306688	1570
306688	1580
306688	1593
306688	1602
306688	1612
306688	1629
306688	1631
306688	1635
306688	1645
306688	1651
306688	1656
306688	1658
306688	1660
306688	1666
306688	1672
306688	1685
306688	1708
306688	1788
307201	1476
307201	1479
307201	1480
307201	1481
307201	1483
307201	1485
307201	1490
307201	1496
307201	1500
307201	1502
307201	1504
307201	1508
307201	1514
307201	1518
307201	1520
307201	1521
307201	1529
307201	1532
307201	1536
307201	1538
307201	1539
307201	1541
307201	1542
307201	1544
307201	1547
307201	1548
307201	1549
307201	1552
307201	1553
307201	1560
307201	1563
307201	1564
307201	1565
307201	1566
307201	1567
307201	1570
307201	1571
307201	1572
307201	1573
307201	1574
307201	1575
307201	1576
307201	1579
307201	1585
307201	1590
307201	1593
307201	1596
307201	1597
307201	1600
307201	1608
307201	1611
307201	1620
307201	1630
307201	1633
307201	1640
307201	1641
307201	1644
307706	1500
307706	1551
307706	1575
307706	1579
307706	1584
307706	1586
307706	1593
307706	1617
307706	1633
307706	1640
307706	1660
308453	1477
308453	1478
308453	1479
308453	1480
308453	1481
308453	1482
308453	1483
308453	1485
308453	1486
308453	1487
308453	1490
308453	1491
308453	1497
308453	1502
308453	1506
308453	1508
308453	1514
308453	1516
308453	1524
308453	1525
308453	1529
308453	1531
308453	1532
308453	1539
308453	1541
308453	1590
308453	1605
308453	1606
308453	1611
308453	1614
308453	1615
308453	1617
308453	1623
308453	1628
308453	1640
308453	1642
308834	1481
308834	1483
308834	1485
308834	1487
308834	1488
308834	1490
308834	1492
308834	1501
308834	1504
308834	1506
308834	1507
308834	1513
308834	1514
308834	1515
308834	1517
308834	1518
308834	1520
308834	1523
308834	1524
308834	1529
308834	1530
308834	1539
308834	1541
308834	1544
308834	1545
308834	1548
308834	1549
308834	1563
308834	1564
308834	1566
308834	1582
308834	1584
308834	1585
308834	1587
308834	1588
308834	1593
308834	1595
308834	1596
308834	1597
308834	1598
308834	1599
308834	1600
308834	1601
308834	1602
308834	1605
308834	1614
308834	1620
308834	1628
308834	1653
308834	1656
308834	1698
308834	1950
309162	1523
309162	1542
309162	1580
309162	1613
309162	1631
309162	1651
309162	1664
309162	1665
309162	1668
309162	1677
309162	1679
309162	1683
309162	1685
309162	1697
309162	1702
309162	1704
309162	1717
309162	1726
309162	1733
309162	1735
309162	1736
309162	1738
309162	1740
309162	1745
309162	1757
309162	1788
309162	1793
309926	1567
309926	1640
309926	1675
309926	1697
309926	1708
309926	1788
309926	2063
310354	1480
310354	1489
310354	1490
310354	1495
310354	1498
310354	1500
310354	1502
310354	1504
310354	1507
310354	1511
310354	1514
310354	1515
310354	1518
310354	1520
310354	1521
310354	1523
310354	1526
310354	1532
310354	1535
310354	1536
310354	1537
310354	1541
310354	1542
310354	1544
310354	1547
310354	1548
310354	1552
310354	1553
310354	1555
310354	1559
310354	1562
310354	1563
310354	1565
310354	1566
310354	1568
310354	1569
310354	1570
310354	1571
310354	1572
310354	1573
310354	1575
310354	1576
310354	1577
310354	1578
310354	1579
310354	1581
310354	1582
310354	1583
310354	1584
310354	1585
310354	1586
310354	1587
310354	1589
310354	1590
310354	1593
310354	1595
310354	1596
310354	1597
310354	1598
310354	1599
310354	1602
310354	1605
310354	1606
310354	1607
310354	1608
310354	1609
310354	1610
310354	1611
310354	1612
310354	1613
310354	1614
310354	1615
310354	1617
310354	1618
310354	1619
310354	1620
310354	1623
310354	1626
310354	1627
310354	1628
310354	1630
310354	1631
310354	1633
310354	1639
310354	1641
310354	1647
310354	1649
310354	1652
310354	1653
310354	1654
310354	1657
310354	1659
310354	1663
310354	1664
310354	1681
310354	1710
310461	1504
310461	1525
310461	1548
310461	1567
310461	1568
310461	1593
310461	1609
310461	1612
310461	1665
310499	1525
310499	1539
310499	1542
310499	1566
310499	1577
310499	1612
310499	1615
310499	1622
310499	1788
312108	1549
312108	1566
312108	1571
312108	1612
312108	1626
312108	1636
312108	1640
312108	1645
312108	1651
312108	1666
312108	1788
312497	1474
312497	1475
312497	1476
312497	1477
312497	1479
312497	1480
312497	1481
312497	1482
312497	1484
312497	1500
312497	1507
312497	1508
312497	1511
312497	1512
312497	1514
312497	1515
312497	1517
312497	1520
312497	1521
312497	1523
312497	1524
312497	1526
312497	1529
312497	1532
312497	1534
312497	1535
312497	1536
312497	1537
312497	1539
312497	1542
312497	1547
312497	1552
312497	1562
312497	1563
312497	1565
312497	1566
312497	1567
312497	1569
312497	1570
312497	1571
312497	1572
312497	1573
312497	1575
312497	1576
312497	1577
312497	1582
312497	1584
312497	1585
312497	1586
312497	1591
312497	1593
312497	1594
312497	1597
312497	1598
312497	1599
312497	1600
312497	1603
312497	1612
312497	1613
312497	1620
312497	1621
312497	1628
312497	1629
312497	1630
312497	1637
312497	1640
312497	1644
312497	1648
312497	1649
313893	1522
313893	1583
313893	1602
313893	1647
313893	1658
314302	1523
314302	1534
314302	1580
314302	1585
314302	1651
314302	1676
314302	1685
314302	1788
315749	1523
315749	1571
315749	1676
315749	1738
315749	2192
316528	1581
316528	1599
316528	1605
316528	1614
316528	1626
316528	1682
316528	1711
318503	1522
318503	1523
318503	1529
318503	1534
318503	1549
318503	1559
318503	1567
318503	1570
318503	1576
318503	1581
318503	1591
318503	1592
318503	1596
318503	1598
318503	1601
318503	1602
318503	1610
318503	1612
318503	1613
318503	1615
318503	1616
318503	1617
318503	1618
318503	1620
318503	1628
318503	1635
318503	1638
318503	1653
318503	1654
318503	1656
318503	1658
318503	1660
318503	1664
318503	1666
318503	1698
318503	1723
318518	1542
318518	1593
318518	1640
318518	1677
318518	1679
318518	1685
318518	1701
318518	1726
318518	1744
318518	1749
318518	1757
318993	1523
318993	1537
318993	1539
318993	1543
318993	1547
318993	1549
318993	1553
318993	1560
318993	1566
318993	1568
318993	1570
318993	1573
318993	1580
318993	1584
318993	1585
318993	1587
318993	1589
318993	1591
318993	1597
318993	1606
318993	1608
318993	1609
318993	1612
318993	1614
318993	1618
318993	1620
318993	1627
318993	1628
318993	1630
318993	1633
318993	1635
318993	1636
318993	1641
318993	1645
318993	1650
318993	1651
318993	1652
318993	1654
318993	1661
318993	1664
318993	1666
318993	1669
318993	1672
318993	1673
318993	1674
318993	1681
318993	1685
318993	1689
318993	1697
318993	1698
318993	1710
318993	1723
318993	1728
318993	1734
318993	1740
318993	1741
318993	1753
318993	1763
318993	1788
319194	1504
319194	1507
319194	1520
319194	1556
319194	1570
319194	1574
319194	1612
319194	1622
319194	1636
319194	1663
319194	1710
320537	1490
320537	1496
320537	1502
320537	1504
320537	1521
320537	1523
320537	1524
320537	1525
320537	1528
320537	1529
320537	1530
320537	1531
320537	1532
320537	1534
320537	1535
320537	1536
320537	1537
320537	1539
320537	1540
320537	1542
320537	1545
320537	1548
320537	1552
320537	1564
320537	1565
320537	1566
320537	1570
320537	1571
320537	1572
320537	1573
320537	1576
320537	1577
320537	1582
320537	1585
320537	1586
320537	1587
320537	1590
320537	1596
320537	1598
320537	1599
320537	1600
320537	1605
320537	1606
320537	1612
320537	1615
320537	1620
320537	1621
320537	1636
320537	1641
321036	1521
321036	1523
321036	1542
321036	1549
321036	1577
321036	1599
321036	1788
321235	1519
321235	1520
321235	1523
321235	1525
321235	1530
321235	1534
321235	1542
321235	1543
321235	1544
321235	1549
321235	1551
321235	1568
321235	1580
321235	1609
321235	1616
321235	1635
321235	1676
321235	1685
321235	1718
321235	1788
321346	1630
321346	1633
321346	1636
321346	1641
321348	1523
321348	1524
321348	1533
321348	1534
321348	1567
321348	1580
321348	1593
321348	1599
321348	1635
321348	1645
321348	1656
321348	1666
321348	1676
321348	1780
321348	2242
321491	1534
321491	1563
321491	1604
321491	1606
321491	1612
321491	1637
321491	1672
322216	1482
322216	1487
322216	1535
322216	1537
322216	1544
322216	1566
322216	1569
322216	1574
322216	1575
322216	1577
322216	1579
322216	1585
322216	1586
322216	1587
322216	1593
322216	1595
322216	1599
322216	1601
322216	1602
322216	1603
322216	1606
322216	1610
322216	1611
322216	1628
322216	1632
322216	1640
322216	1646
322216	1648
322216	1652
322216	1654
322216	1658
322216	1659
322216	1663
322216	1666
322216	1674
322216	1681
322216	1683
322216	1689
322465	1516
322465	1518
322465	1523
322465	1531
322465	1534
322465	1544
322465	1545
322465	1548
322465	1600
322465	1612
322465	1738
322465	1772
322465	1788
322531	1473
322531	1480
322531	1488
322531	1491
322531	1494
322531	1514
322531	1515
322531	1517
322531	1518
322531	1519
322531	1520
322531	1521
322531	1522
322531	1523
322531	1531
322531	1534
322531	1535
322531	1539
322531	1543
322531	1547
322531	1548
322531	1549
322531	1550
322531	1551
322531	1552
322531	1558
322531	1559
322531	1568
322531	1570
322531	1572
322531	1575
322531	1578
322531	1581
322531	1582
322531	1598
322531	1599
322531	1602
322531	1604
322531	1605
322531	1606
322531	1612
322531	1613
322531	1615
322531	1628
322531	1631
322531	1635
322531	1638
322531	1639
322531	1644
322531	1649
322531	1653
322531	1656
322531	1658
322531	1664
322531	1666
322531	1672
322531	1674
322531	1683
322531	1790
324280	1635
324280	1788
324280	2215
325823	1523
325823	1530
325823	1543
325823	1591
325823	1635
325823	1685
325823	1697
325823	1726
325823	1994
326002	1523
326002	1635
326002	1665
326002	1685
326002	1697
326002	1726
326002	1788
326768	1568
326768	1612
326768	1635
326768	1651
326768	1654
326768	1675
326768	1689
326768	1741
326768	1747
326768	1757
326768	1778
326768	1788
326768	1790
326768	1793
326915	1519
326915	1523
326915	1609
326915	1668
326915	1675
326915	1685
326915	1723
326915	1727
326915	1738
326915	1749
326915	1750
326915	1788
327130	1504
327130	1511
327130	1515
327130	1517
327130	1519
327130	1521
327130	1523
327130	1526
327130	1530
327130	1531
327130	1534
327130	1536
327130	1537
327130	1539
327130	1542
327130	1544
327130	1549
327130	1551
327130	1555
327130	1561
327130	1564
327130	1565
327130	1566
327130	1568
327130	1571
327130	1572
327130	1573
327130	1575
327130	1576
327130	1578
327130	1579
327130	1582
327130	1583
327130	1585
327130	1586
327130	1587
327130	1589
327130	1591
327130	1596
327130	1602
327130	1607
327130	1608
327130	1612
327130	1614
327130	1615
327130	1616
327130	1618
327130	1622
327130	1623
327130	1625
327130	1626
327130	1627
327130	1629
327130	1631
327130	1635
327130	1644
327130	1645
327130	1647
327130	1650
327130	1652
327130	1654
327130	1656
327130	1658
327130	1660
327130	1666
327130	1672
327130	1674
327130	1685
327130	1689
327130	1698
327130	1788
327130	1790
327999	1632
329126	1571
329126	1573
329126	1612
329126	1620
329126	1655
329126	1706
330387	1593
330387	1612
330387	1628
330387	1642
330387	1668
330387	1682
330387	1741
330387	1753
330407	1523
330407	1525
330407	1530
330407	1531
330407	1537
330407	1539
330407	1549
330407	1555
330407	1559
330407	1560
330407	1561
330407	1565
330407	1566
330407	1573
330407	1576
330407	1591
330407	1592
330407	1593
330407	1596
330407	1602
330407	1605
330407	1612
330407	1618
330407	1620
330407	1623
330407	1629
330407	1633
330407	1635
330407	1645
330407	1647
330407	1656
330407	1657
330407	1664
330407	1666
330407	1674
330407	1708
330407	1710
330407	1788
332101	1523
332101	1549
332101	1593
332101	1635
332101	1640
332101	1708
332101	1749
332101	1788
332204	1560
332204	1576
332204	1580
332204	1635
332204	1641
332204	1651
332204	1668
332346	1487
332346	1490
332346	1491
332346	1492
332346	1494
332346	1495
332346	1496
332346	1498
332346	1499
332346	1506
332346	1508
332346	1511
332346	1512
332346	1513
332346	1516
332346	1517
332346	1518
332346	1538
332346	1540
332346	1541
332346	1545
332346	1552
332346	1569
334571	1542
334571	1562
334571	1568
334571	1580
334571	1593
334571	1606
334571	1611
334571	1626
334571	1651
334571	1685
334705	1530
334998	1559
334998	1676
334998	1692
334998	1693
334998	1704
334998	1721
334998	1741
334998	1788
