1750	189
1750	195
1750	196
1750	224
1750	247
1750	258
1750	264
1791	185
1791	189
1791	207
1791	225
1791	239
1791	263
1791	283
1791	294
1791	301
2068	179
2068	182
2068	234
2068	251
2068	255
2068	257
2068	283
2068	293
2068	295
3306	167
3306	179
3306	185
3306	187
3306	189
3306	202
3306	208
3306	221
3306	233
3306	256
3306	273
3306	288
3306	341
3651	195
3651	230
3651	237
3651	238
3651	264
3651	272
3651	275
3651	277
3651	290
3651	293
3651	295
3651	297
3651	300
3651	303
3892	192
3892	204
3892	221
3892	239
3892	253
3892	256
3892	258
3892	288
3892	294
3892	295
4805	159
4805	173
4805	179
4805	192
4805	215
4805	303
4966	172
4966	185
4966	202
4966	204
4966	221
4966	282
4966	295
4966	336
6237	168
6237	169
6237	172
6237	190
6237	236
6237	256
6237	307
6648	167
6648	169
6648	185
6648	191
6648	194
6648	202
6648	204
6648	214
6648	237
6648	246
6648	257
6648	258
6648	288
6648	295
6648	389
6690	167
6690	169
6690	191
6690	195
6690	196
6690	207
6690	208
6690	210
6690	212
6690	217
6690	223
6690	224
6690	226
6690	238
6690	251
6690	252
6690	257
6690	273
6690	277
6690	284
6690	292
6690	300
6690	303
6690	421
6690	447
6690	509
6935	218
6935	240
6935	258
6935	271
6935	280
7146	256
7146	284
7490	181
7490	198
7490	214
7490	238
7490	282
7490	283
7490	292
7490	298
7490	310
7490	341
7490	357
7784	123
7784	157
7784	161
7784	162
7784	164
7784	165
7784	166
7784	170
7784	174
7784	175
7784	182
7784	191
7784	195
7784	211
7784	223
7784	246
7808	159
7808	167
7808	169
7808	172
7808	175
7808	176
7808	178
7808	182
7808	183
7808	192
7808	199
7808	202
7808	204
7808	212
7808	224
7808	229
7808	234
7808	237
7808	248
7808	253
7808	258
7808	260
7808	261
7808	262
7808	264
7808	269
7808	274
7808	280
7808	281
7808	286
7808	291
7808	295
7808	326
7808	331
7808	334
7808	372
7808	400
7808	421
7808	432
7886	185
7886	192
7886	195
7886	196
7886	198
7886	221
7886	224
7886	226
7886	238
7886	239
7886	256
7886	257
7886	276
7886	281
7886	282
7886	283
7886	284
7886	285
7886	286
7886	289
7886	294
7886	295
7886	314
7886	318
7886	350
7886	407
7886	509
9386	123
9386	124
9386	126
9386	130
9386	131
9386	136
9386	137
9386	140
9386	142
9386	143
9386	148
9386	149
9386	150
9386	151
9386	154
9386	156
9386	157
9386	160
9386	161
9386	164
9386	166
9386	167
9386	173
9386	175
9386	176
9386	179
9386	188
9386	190
9386	191
9386	192
9386	195
9386	200
9386	201
9386	205
9386	207
9386	210
9386	211
9386	214
9386	218
9386	221
9386	222
9386	223
9386	224
9386	226
9386	227
9386	228
9386	230
9386	231
9386	232
9386	235
9386	236
9386	237
9386	240
9386	242
9386	245
9386	246
9386	250
9386	255
9386	257
9386	260
9386	264
9386	265
9919	226
9919	239
9919	256
9919	294
9919	312
9919	334
9919	341
10031	167
10031	169
10031	199
10031	202
10031	221
10031	222
10031	236
10031	258
10031	288
10031	290
10031	383
10223	140
10223	142
10223	143
10223	145
10223	150
10223	157
10223	161
10223	164
10223	165
10223	176
10223	179
10223	182
10223	184
10223	191
10223	192
10223	193
10223	194
10223	195
10223	201
10223	203
10223	213
10223	214
10223	221
10223	222
10223	230
10223	231
10223	234
10223	235
10223	236
10223	237
10223	239
10223	244
10223	245
10223	250
10223	252
10223	255
10223	257
10223	263
10223	269
10223	271
10223	273
10223	274
10223	277
10223	279
10223	286
10252	221
10252	235
10252	256
10252	258
10252	261
10252	271
10252	282
10252	284
10252	287
10252	294
10252	295
10252	301
10252	302
10252	305
10252	318
10252	326
10252	332
10252	341
10252	344
10252	350
10252	432
11945	167
11945	195
11945	196
11945	230
11945	233
11945	269
11945	283
11945	372
12604	191
12604	264
12604	282
12604	284
12604	288
12604	295
13361	159
13361	167
13361	169
13361	172
13361	185
13361	188
13361	190
13361	192
13361	194
13361	196
13361	202
13361	216
13361	236
13361	242
13361	258
13361	331
13361	432
15947	168
15947	169
15947	179
15947	187
15947	190
15947	218
15947	219
15947	237
15947	238
15947	256
15947	257
15947	290
15947	293
15947	294
15947	296
15947	322
15947	357
15947	447
16033	237
16033	256
16033	257
16339	186
16339	245
16339	247
16339	261
16339	268
16339	272
16339	276
16339	293
16339	295
16339	357
16385	140
16385	169
16385	172
16385	176
16385	185
16385	194
16385	237
16385	239
16385	400
17064	169
17064	171
17064	172
17064	179
17064	185
17064	192
17064	198
17064	204
17064	208
17064	213
17064	214
17064	216
17064	217
17064	239
17064	246
17064	251
17064	257
17064	262
17064	266
17064	279
17064	295
17064	298
17064	366
18825	256
18825	282
18825	293
19141	221
19141	238
19141	256
19141	258
19141	273
19141	284
19141	294
19141	295
20447	159
20447	167
20447	169
20447	172
20447	175
20447	183
20447	196
20447	202
20447	204
20447	208
20447	211
20447	218
20447	221
20447	234
20447	236
20447	239
20447	248
20447	251
20447	256
20447	257
20447	258
20447	260
20447	273
20447	288
20447	294
20447	295
20447	334
20447	372
23192	172
23192	200
23192	211
23192	425
24134	167
24134	202
24134	204
24134	218
24134	230
24134	234
24134	247
24134	256
24134	258
24134	261
24134	264
24134	294
24134	295
24134	296
24134	331
24217	179
24217	187
24217	210
24217	248
24217	251
24217	255
24217	266
24217	285
24371	167
24371	169
24371	172
24371	179
24371	181
24371	185
24371	187
24371	191
24371	198
24371	199
24371	203
24371	205
24371	207
24371	208
24371	212
24371	214
24371	218
24371	221
24371	226
24371	228
24371	230
24371	233
24371	234
24371	239
24371	240
24371	243
24371	247
24371	251
24371	255
24371	256
24371	257
24371	258
24371	259
24371	263
24371	264
24371	266
24371	269
24371	270
24371	276
24371	279
24371	280
24371	281
24371	282
24371	283
24371	286
24371	288
24371	290
24371	292
24371	293
24371	294
24371	295
24371	300
24371	303
24371	306
24371	310
24371	317
24371	322
24371	334
24371	349
24371	364
24371	366
24371	371
24371	372
24371	401
26712	146
26712	149
26712	156
26712	157
26712	171
26712	178
26712	180
26712	182
26712	186
26712	187
26712	195
26712	196
26712	197
26712	222
26712	228
26712	239
26712	240
26712	248
26712	249
26712	256
26712	265
26712	267
26712	273
26712	283
26712	294
26712	306
26712	317
26712	333
27321	214
27321	237
27321	241
27321	242
27321	247
27321	249
27321	257
27321	258
27321	275
27321	277
27321	282
27321	296
27321	305
27501	1103
27501	194
27501	196
27501	221
27501	224
27501	260
27501	295
27501	331
27501	389
29255	123
29255	125
29255	129
29255	131
29255	135
29255	136
29255	137
29255	140
29255	142
29255	143
29255	145
29255	146
29255	147
29255	148
29255	149
29255	150
29255	151
29255	154
29255	156
29255	157
29255	161
29255	162
29255	164
29255	165
29255	167
29255	170
29255	171
29255	176
29255	180
29255	182
29255	183
29255	185
29255	187
29255	188
29255	190
29255	191
29255	192
29255	193
29255	194
29255	195
29255	197
29255	198
29255	199
29255	202
29255	203
29255	205
29255	207
29255	211
29255	212
29255	215
29255	217
29255	218
29255	220
29255	222
29255	223
29255	226
29255	228
29255	230
29255	231
29255	232
29255	233
29255	236
29255	237
29255	244
29255	245
29255	248
29255	258
29255	260
29255	263
29255	265
29255	268
29255	269
29255	283
29255	295
29778	202
29778	221
29778	235
29778	258
29778	282
29778	284
29778	341
29778	383
30733	295
33540	1283
33540	1962
33540	216
33540	218
33540	222
33540	286
33540	321
33540	406
34154	179
34154	183
34154	202
34154	225
34154	256
34154	257
34154	258
34154	261
34154	264
34154	273
34154	282
34154	288
34154	294
34154	295
34154	310
34154	372
34611	175
34611	200
34611	205
34611	229
34611	263
34611	277
34611	281
34611	288
34611	372
35478	135
35478	137
35478	140
35478	144
35478	146
35478	164
35478	182
35478	187
35478	188
35478	193
35478	199
35478	202
35478	203
35478	205
35478	207
35478	211
35478	212
35478	213
35478	215
35478	220
35478	221
35478	222
35478	225
35478	226
35478	228
35478	230
35478	231
35478	234
35478	235
35478	236
35478	239
35478	241
35478	242
35478	246
35478	248
35478	249
35478	252
35478	253
35478	255
35478	256
35478	278
35478	286
35478	288
35478	291
35478	292
35478	293
35478	294
35478	295
35478	296
35478	302
35478	304
35478	305
35478	307
35478	311
35478	313
35478	315
35478	322
35478	326
35713	169
35713	178
35713	225
35713	236
35713	240
35713	251
35713	254
35713	261
35713	295
35966	208
35966	247
35966	295
35966	302
35966	319
36790	169
36790	202
36790	383
37043	202
37043	217
37043	247
37043	250
37043	257
37043	258
37043	270
37043	285
37043	318
37043	391
37043	447
38013	146
38013	173
38013	183
38013	184
38013	192
38013	195
38013	197
38013	224
38013	233
38013	241
38013	269
38013	283
38013	290
38013	300
38013	305
38013	322
38479	167
38479	169
38479	171
38479	172
38479	179
38479	181
38479	184
38479	185
38479	188
38479	189
38479	191
38479	192
38479	194
38479	195
38479	196
38479	197
38479	198
38479	202
38479	203
38479	205
38479	207
38479	208
38479	211
38479	214
38479	215
38479	218
38479	219
38479	220
38479	221
38479	224
38479	225
38479	226
38479	227
38479	228
38479	229
38479	230
38479	232
38479	233
38479	234
38479	235
38479	238
38479	239
38479	240
38479	243
38479	246
38479	247
38479	249
38479	250
38479	251
38479	252
38479	254
38479	255
38479	256
38479	257
38479	258
38479	259
38479	262
38479	264
38479	265
38479	266
38479	269
38479	270
38479	272
38479	274
38479	275
38479	276
38479	277
38479	279
38479	280
38479	281
38479	282
38479	283
38479	285
38479	286
38479	287
38479	288
38479	289
38479	290
38479	292
38479	293
38479	294
38479	295
38479	296
38479	298
38479	300
38479	303
38479	305
38479	306
38479	307
38479	312
38479	316
38479	317
38479	319
38479	331
38479	333
38479	334
38479	349
38479	350
38479	352
38479	357
38479	366
38479	372
38479	382
38479	401
38479	421
38479	432
38479	433
39142	202
39142	204
39142	249
39142	295
39142	307
39142	331
39275	168
39275	172
39275	179
39275	187
39275	191
39275	200
39275	202
39275	257
39275	258
39275	282
40242	135
40242	155
40242	166
40242	172
40242	180
40242	191
40242	192
40242	207
40242	245
40242	248
40556	185
40556	256
40556	258
40556	284
40556	288
40556	318
40963	140
40963	172
40963	176
40963	179
40963	253
40963	400
40963	401
43096	256
43096	273
43096	282
43362	135
43362	170
43362	171
43362	173
43362	174
43362	175
43362	176
43362	179
43362	181
43362	182
43362	183
43362	184
43362	185
43362	187
43362	188
43362	189
43362	190
43362	191
43362	192
43362	193
43362	195
43362	197
43362	198
43362	201
43362	202
43362	203
43362	204
43362	205
43362	211
43362	212
43362	213
43362	214
43362	215
43362	218
43362	219
43362	220
43362	221
43362	222
43362	223
43362	224
43362	227
43362	228
43362	230
43362	231
43362	232
43362	233
43362	234
43362	236
43362	237
43362	239
43362	240
43362	242
43362	244
43362	245
43362	247
43362	248
43362	249
43362	252
43362	253
43362	254
43362	256
43362	258
43362	262
43362	263
43362	264
43362	270
43362	271
43362	272
43362	274
43362	275
43362	276
43362	277
43362	279
43362	283
43362	287
43362	290
43362	291
43362	294
43362	295
43362	296
43362	302
43362	305
43362	319
43362	334
43362	372
48570	169
48570	178
48570	194
48570	195
48570	208
48570	255
49279	159
49279	167
49279	168
49279	185
49279	190
49279	196
49279	200
49279	205
49279	208
49279	226
49279	234
49279	235
49279	253
49279	266
49279	280
49279	293
49279	296
49279	300
49279	357
49279	433
49508	179
49508	187
49508	224
49508	295
49508	322
49508	389
49508	421
49763	167
49763	185
49763	273
49763	295
49939	125
49939	130
49939	147
49939	195
49939	198
49939	202
49939	204
49939	205
49939	206
49939	211
49939	215
49939	222
49939	223
49939	227
49939	228
49939	231
49939	234
49939	235
49939	236
49939	239
49939	249
50354	145
50354	148
50354	149
50354	150
50354	154
50354	157
50354	161
50354	162
50354	164
50354	165
50354	166
50354	167
50354	170
50354	173
50354	176
50354	178
50354	179
50354	182
50354	184
50354	188
50354	191
50354	192
50354	193
50354	195
50354	197
50354	198
50354	201
50354	203
50354	205
50354	210
50354	211
50354	214
50354	215
50354	217
50354	218
50354	220
50354	221
50354	222
50354	224
50354	228
50354	230
50354	231
50354	233
50354	234
50354	236
50354	237
50354	239
50354	241
50354	244
50354	245
50354	249
50354	250
50354	255
50354	257
50354	260
50354	264
50354	269
50354	271
50354	272
50354	273
50354	279
50354	285
50354	286
50354	287
50354	288
50354	289
50354	290
50354	291
50354	295
50354	296
50714	186
50714	201
50714	214
50714	233
50714	247
50714	264
50714	265
50714	317
51394	167
51394	185
51394	202
51394	208
51394	218
51394	219
51394	230
51394	234
51394	256
51394	257
51394	258
51394	273
51394	276
51394	280
51394	282
51394	284
51394	289
51394	294
51394	295
51394	306
51394	309
51394	313
51394	326
51394	336
51394	341
51394	362
51394	370
51394	383
51394	398
51394	419
51394	425
51394	509
51408	256
51408	257
51566	167
51566	175
51566	179
51566	192
51566	195
51566	196
51566	202
51566	207
51566	208
51566	219
51566	221
51566	238
51566	239
51566	257
51566	258
51566	261
51566	268
51566	277
51566	282
51566	284
51566	286
51566	288
51566	293
51566	294
51566	295
51566	309
51566	326
51566	341
51566	344
51566	353
51566	356
51566	364
51581	256
51581	282
51581	284
51581	289
51581	293
51581	295
51581	307
51581	318
51581	425
51581	509
54970	153
54970	159
54970	167
54970	168
54970	169
54970	172
54970	179
54970	183
54970	196
54970	198
54970	221
54970	223
54970	256
54970	257
54970	276
55063	167
55063	179
55063	181
55063	184
55063	187
55063	189
55063	192
55063	197
55063	198
55063	203
55063	224
55063	229
55063	241
55063	242
55063	257
55063	265
55063	269
55063	275
55063	280
55063	285
55063	298
55063	310
55063	317
55063	421
55401	256
55634	167
55634	169
55634	194
55634	199
55634	202
55634	204
55634	221
55634	247
55634	254
55634	256
55634	257
55634	288
55634	295
55828	169
55828	202
55828	218
55828	221
55828	230
55828	234
55828	258
55828	295
55828	300
55828	324
55828	391
55828	433
56783	179
56783	194
56783	288
57311	129
57311	130
57311	134
57311	136
57311	137
57311	141
57311	142
57311	143
57311	144
57311	145
57311	147
57311	149
57311	150
57311	157
57311	161
57311	162
57311	170
57311	173
57311	175
57311	176
57311	179
57311	182
57311	183
57311	185
57311	186
57311	187
57311	188
57311	192
57311	197
57311	200
57311	201
57311	202
57311	205
57311	211
57311	212
57311	214
57311	215
57311	217
57311	220
57311	223
57311	228
57311	230
57311	231
57311	258
58236	256
58236	274
58236	284
58236	294
58236	296
58236	305
59154	1293
59154	159
59154	167
59154	169
59154	185
59154	196
59154	202
59154	208
59154	223
59154	224
59154	230
59154	256
59154	258
59154	264
59154	295
59154	306
59154	334
59154	341
59154	346
59154	370
59154	375
59154	381
59154	383
59154	408
59154	425
59154	432
59154	436
59266	169
59266	258
59323	194
59323	264
59323	282
59323	295
59733	1749
59733	167
59733	169
59733	189
59733	191
59733	194
59733	197
59733	202
59733	204
59733	207
59733	233
59733	256
59733	257
59733	258
59733	261
59733	264
59733	276
59733	281
59733	284
59733	289
59733	294
59733	295
59733	296
59733	312
60244	256
60244	273
60244	282
60244	284
60244	341
60244	367
60597	159
60597	167
60597	169
60597	194
60597	202
60597	221
60597	233
60597	258
60597	271
60597	282
60597	284
60597	293
60597	295
60986	159
60986	171
60986	172
60986	189
60986	202
60986	221
60986	256
60986	257
60986	258
60986	265
60986	273
60986	279
60986	288
60986	295
60986	318
60986	341
60986	372
60986	407
60986	416
60986	484
60986	509
61760	208
61760	288
61760	432
61892	136
61892	142
61892	155
61892	193
61892	194
61892	241
61892	252
61892	257
61892	278
61892	291
62161	980
62161	179
62161	181
62161	187
62161	207
62161	218
62161	283
62161	324
62161	357
62161	416
62341	137
62341	159
62341	172
62341	179
62341	185
62341	191
62341	194
62341	197
62341	198
62341	199
62341	200
62341	202
62341	207
62341	211
62341	212
62341	213
62341	215
62341	217
62341	220
62341	221
62341	222
62341	223
62341	225
62341	227
62341	229
62341	231
62341	232
62341	233
62341	237
62341	246
62341	247
62341	248
62341	253
62341	258
62341	260
62341	262
62341	263
62341	266
62341	269
62341	270
62341	274
62341	277
62341	279
62341	280
62341	282
62341	283
62341	286
62341	287
62341	295
62341	297
62341	300
62341	306
62341	310
62341	317
62341	321
62341	322
62341	326
62341	333
62341	334
62341	350
62341	353
62341	357
62341	364
62341	389
62341	432
63772	179
63772	205
63772	251
63772	259
63772	282
63772	312
64080	218
64080	256
64080	257
64080	276
64080	282
64080	284
64080	293
64080	295
64080	307
64080	318
64080	328
64080	349
64080	407
64080	419
64829	185
64829	202
64829	276
65398	124
65398	126
65398	134
65398	135
65398	136
65398	140
65398	142
65398	146
65398	171
65398	175
65398	176
65398	180
65398	181
65398	189
65398	190
65398	192
65398	193
65398	195
65398	198
65398	201
65398	202
65398	205
65398	206
65398	212
65398	215
65398	218
65398	222
65398	240
65398	290
66068	258
66068	295
66068	383
67353	273
67353	334
67353	341
67461	159
67461	167
67461	168
67461	172
67461	175
67461	179
67461	181
67461	183
67461	184
67461	185
67461	187
67461	192
67461	195
67461	196
67461	200
67461	202
67461	204
67461	205
67461	208
67461	211
67461	213
67461	214
67461	215
67461	216
67461	218
67461	220
67461	221
67461	224
67461	227
67461	228
67461	233
67461	237
67461	238
67461	239
67461	240
67461	241
67461	243
67461	244
67461	247
67461	248
67461	249
67461	250
67461	253
67461	254
67461	256
67461	257
67461	258
67461	261
67461	264
67461	265
67461	266
67461	268
67461	269
67461	270
67461	271
67461	274
67461	276
67461	279
67461	281
67461	282
67461	283
67461	284
67461	285
67461	286
67461	287
67461	288
67461	290
67461	292
67461	293
67461	294
67461	295
67461	296
67461	300
67461	307
67461	309
67461	310
67461	312
67461	317
67461	318
67461	326
67461	330
67461	331
67461	333
67461	338
67461	344
67461	350
67461	352
67461	353
67461	364
67461	369
67461	372
67461	382
67461	383
67461	391
67461	398
67461	400
67461	421
67461	425
67461	432
67461	433
67461	509
67976	167
67976	194
67976	207
67976	322
67976	333
69326	172
69326	175
69326	215
69326	240
69326	284
69367	147
69367	241
69367	249
69367	268
69367	293
69367	295
70527	167
70527	172
70527	191
70527	196
70527	219
70527	234
70527	239
70527	256
70527	257
70527	282
70527	294
70527	297
70527	305
70725	167
70725	168
70725	187
70725	189
70725	195
70725	196
70725	216
70725	219
70725	226
70725	230
70725	238
70725	239
70725	242
70725	256
70725	258
70725	274
70725	277
70725	283
70725	291
70725	294
70725	306
70725	326
70725	331
70725	334
70725	353
70725	364
74146	251
74489	168
74489	171
74489	185
74489	192
74489	194
74489	200
74489	218
74489	230
74489	231
74489	234
74489	277
75277	159
75277	167
75277	175
75277	185
75277	189
75277	195
75277	196
75277	202
75277	203
75277	208
75277	214
75277	219
75277	221
75277	239
75277	240
75277	256
75277	258
75277	264
75277	265
75277	269
75277	270
75277	273
75277	283
75277	284
75277	286
75277	288
75277	294
75277	295
75277	298
75277	341
75277	364
75729	197
75729	204
75729	208
75729	215
75729	218
75729	219
75729	220
75729	224
75729	226
75729	228
75729	231
75729	234
75729	235
75729	238
75729	239
75729	240
75729	242
75729	243
75729	245
75729	247
75729	249
75729	252
75729	256
75729	262
75729	266
75729	268
75729	271
75729	273
75729	277
75729	282
75729	284
75729	287
75729	289
75729	291
75729	293
75729	295
75729	302
75729	307
75729	309
75729	310
75729	316
75729	323
75729	327
75729	341
75729	344
75729	349
75729	350
75729	352
75729	353
75729	355
75729	356
75729	357
75729	359
75729	382
75729	383
75729	398
75729	403
75729	443
75729	445
75729	447
75729	505
75729	509
76710	145
76710	173
76710	188
76710	207
76710	212
76710	218
76710	224
76710	241
76710	262
76710	268
76710	269
76710	273
76710	280
76770	183
76770	189
76770	202
76770	237
76770	248
76770	258
76770	270
76770	271
76770	275
76770	295
76770	299
76770	307
76770	315
76770	318
76770	319
76770	338
76770	353
76770	361
76770	372
76770	379
76770	391
76770	407
76770	425
76770	429
76770	432
76903	137
76903	202
76903	205
76903	217
76903	232
76903	271
76903	319
77722	140
77722	142
77722	145
77722	147
77722	149
77722	154
77722	155
77722	160
77722	162
77722	166
77722	167
77722	168
77722	171
77722	173
77722	174
77722	176
77722	181
77722	183
77722	187
77722	188
77722	189
77722	190
77722	192
77722	195
77722	198
77722	202
77722	203
77722	207
77722	213
77722	217
77722	218
77722	221
77722	222
77722	224
77722	228
77722	232
77722	233
77722	237
77722	241
77722	242
77722	245
77722	247
77722	249
77722	250
77722	252
77722	255
77722	256
77722	258
77722	263
77735	226
77735	313
77735	338
77735	400
77735	410
79123	183
79123	185
79123	189
79123	211
79123	214
79123	264
79123	295
79123	327
79123	341
79123	419
80640	164
80640	167
80640	169
80640	172
80640	175
80640	179
80640	181
80640	185
80640	192
80640	204
80640	205
80640	208
80640	214
80640	215
80640	224
80640	226
80640	229
80640	234
80640	237
80640	242
80640	251
80640	256
80640	263
80640	266
80640	269
80640	282
80640	294
80640	295
80640	301
80640	317
80640	352
80640	353
80640	400
83962	181
83962	202
83962	256
83962	258
83962	281
83962	295
83962	308
83962	341
83962	371
83962	372
83962	509
84151	284
85202	234
85202	334
86243	167
86243	172
86243	204
86243	219
86243	223
86243	256
86243	269
86243	288
86809	159
86809	192
86809	195
86809	248
86809	256
86809	281
86809	294
87923	1136
87923	167
87923	168
87923	169
87923	172
87923	179
87923	182
87923	185
87923	194
87923	195
87923	196
87923	207
87923	221
87923	233
87923	239
87923	244
87923	251
87923	255
87923	257
87923	264
87923	272
87923	276
87923	281
87923	288
87923	295
87923	325
87923	344
87923	383
87923	398
87923	433
87923	509
89465	194
90015	834
90015	126
90015	136
90015	137
90015	140
90015	142
90015	143
90015	161
90015	167
90015	176
90015	178
90015	183
90015	185
90015	187
90015	188
90015	195
90015	202
90015	205
90015	218
90015	221
90015	222
90015	226
90015	231
90015	232
90015	237
90015	246
90015	254
90015	269
90015	275
90015	276
90015	277
90015	290
90015	293
90015	294
90015	296
90015	312
90015	463
92675	205
92675	241
92675	276
92675	280
92675	293
92675	357
94173	1879
94173	216
94173	221
94173	272
94173	282
94173	382
94528	159
94528	167
94528	168
94528	169
94528	171
94528	172
94528	175
94528	179
94528	183
94528	185
94528	187
94528	188
94528	194
94528	195
94528	196
94528	199
94528	202
94528	205
94528	208
94528	214
94528	218
94528	219
94528	223
94528	226
94528	230
94528	235
94528	239
94528	240
94528	241
94528	251
94528	255
94528	256
94528	257
94528	258
94528	260
94528	264
94528	266
94528	268
94528	282
94528	284
94528	285
94528	286
94528	287
94528	288
94528	289
94528	290
94528	293
94528	295
94528	300
94528	302
94528	307
94528	314
94528	330
94528	338
94528	341
94528	353
94528	357
94528	379
94528	391
94528	401
94528	421
94528	425
95924	179
95924	185
95924	195
95924	196
95924	257
95924	293
95924	331
95947	167
95947	169
95947	172
95947	202
95947	221
95947	241
95947	256
95947	257
95947	258
95947	273
95947	282
95947	284
95947	288
95947	294
95947	318
95947	353
95947	383
95947	509
96523	131
96523	141
96523	142
96523	144
96523	145
96523	147
96523	150
96523	151
96523	152
96523	154
96523	155
96523	157
96523	162
96523	164
96523	166
96523	167
96523	170
96523	171
96523	173
96523	174
96523	175
96523	176
96523	179
96523	181
96523	185
96523	187
96523	190
96523	192
96523	194
96523	199
96523	201
96523	202
96523	203
96523	210
96523	211
96523	214
96523	222
96523	223
96523	231
96523	236
96523	237
96523	255
96523	260
96523	269
96523	277
96523	283
96523	307
96523	389
97254	167
97254	169
97254	194
97254	295
97254	366
98300	167
98300	169
98300	172
98300	194
98300	196
98300	203
98300	221
98300	254
98300	256
98300	257
98300	258
99994	179
99994	182
99994	205
99994	208
99994	211
99994	212
99994	213
99994	229
99994	240
99994	241
99994	248
99994	250
99994	252
99994	253
99994	286
99994	287
99994	295
99994	363
99994	521
101035	150
101035	151
101035	154
101035	155
101035	156
101035	157
101035	164
101035	165
101035	166
101035	167
101035	171
101035	174
101035	175
101035	178
101035	179
101035	181
101035	184
101035	188
101035	195
101035	196
101035	199
101035	200
101035	202
101035	208
101035	214
101035	215
101035	223
101035	225
101035	227
101035	228
101035	229
101035	239
101035	240
101035	245
101035	248
101035	264
101035	271
101035	275
101035	276
101035	280
101035	281
101035	285
101035	291
101035	400
102218	323
102218	396
102218	433
102218	460
102218	465
102431	129
102431	150
102431	158
102431	162
102431	163
102431	166
102431	181
102431	184
102431	187
102431	188
102431	190
102431	200
102431	201
102431	202
102431	205
102431	208
102431	210
102431	212
102431	218
102431	219
102431	221
102431	229
102431	234
102431	235
102431	241
102431	252
102431	256
102431	259
102431	278
102431	286
102431	295
102431	298
102431	303
102431	336
102431	357
102431	370
102431	410
102431	416
103576	256
103576	282
103576	284
103576	293
103576	295
103576	362
103576	509
106844	168
106844	172
106844	179
106844	202
106844	208
106844	211
106844	213
106844	248
106844	251
106844	257
106844	264
106844	283
107086	1219
107086	192
107086	196
107086	197
107086	205
107086	214
107086	251
107086	255
107086	256
107086	257
107086	266
107086	270
107086	279
107086	283
107086	298
107086	303
107155	254
107155	264
110238	163
110238	179
110238	208
110238	262
110238	266
110238	279
110238	303
110238	497
110510	207
110510	224
110545	179
110545	196
110545	204
110545	207
110545	216
110545	256
110545	257
110545	273
110545	284
110545	288
110545	509
111058	167
111058	171
111058	178
111058	183
111058	185
111058	202
111058	204
111058	221
111058	257
111058	258
111058	260
111058	264
111058	295
111058	400
111290	162
111290	167
111290	171
111290	173
111290	174
111290	176
111290	178
111290	181
111290	182
111290	183
111290	185
111290	188
111290	190
111290	191
111290	192
111290	193
111290	195
111290	201
111290	202
111290	203
111290	205
111290	207
111290	217
111290	218
111290	221
111290	222
111290	223
111290	224
111290	228
111290	230
111290	231
111290	234
111290	236
111290	239
111290	240
111290	241
111290	243
111290	249
111290	252
111290	255
111290	256
111290	257
111290	258
111290	260
111290	267
111290	268
111290	273
111290	274
111290	277
111290	280
111290	286
111290	287
111290	289
111290	291
111290	292
111290	296
111290	299
112430	158
112430	159
112430	167
112430	196
112430	202
112430	214
112430	218
112430	221
112430	223
112430	233
112430	240
112430	255
112430	256
112430	257
112430	258
112430	288
112430	294
112430	295
112430	297
112430	331
112430	509
113007	167
113007	185
113007	196
113007	217
113007	256
113007	257
113007	282
113007	284
113007	425
113173	167
113173	169
113173	284
113173	288
113173	295
113173	389
113217	1840
113217	152
113217	162
113217	175
113217	179
113217	184
113217	185
113217	187
113217	191
113217	192
113217	202
113217	203
113217	205
113217	207
113217	213
113217	214
113217	215
113217	217
113217	218
113217	220
113217	224
113217	225
113217	228
113217	232
113217	234
113217	239
113217	240
113217	241
113217	242
113217	248
113217	249
113217	252
113217	253
113217	256
113217	257
113217	264
113217	269
113217	270
113217	281
113217	286
113217	326
113217	331
113217	333
113217	371
113217	421
113217	447
114161	167
114161	185
114161	195
114161	196
114161	202
114161	204
114161	219
114161	248
114161	253
114161	256
114161	261
114161	264
114161	265
114161	282
114161	294
114161	312
114161	331
114161	350
114161	407
114161	432
114161	433
114908	167
114908	239
114908	256
114908	257
114908	273
114908	274
114908	295
114908	312
114908	407
116322	169
116322	185
116322	199
116322	233
116322	250
116322	283
116322	295
116322	331
116322	333
118125	192
118125	195
118125	257
118320	2450
118320	221
118320	226
118320	266
118320	295
118320	333
118476	195
118476	196
118476	202
118476	239
118476	247
118476	256
118476	258
118476	282
118476	284
118476	295
118476	318
118522	167
118522	175
118522	185
118522	198
118522	200
118522	202
118522	203
118522	208
118522	217
118522	218
118522	221
118522	228
118522	232
118522	234
118522	235
118522	239
118522	241
118522	252
118522	256
118522	257
118522	258
118522	274
118522	276
118522	280
118522	282
118522	284
118522	286
118522	295
118522	306
118522	307
118522	310
118522	318
118522	334
118522	341
118522	421
118522	509
121103	189
121103	234
121103	257
121103	258
121103	264
121103	267
121103	274
121103	290
121103	293
121103	295
121103	299
121103	309
121103	314
121103	341
121103	346
121103	364
121103	407
121103	425
124345	280
124345	324
126485	202
126485	224
126485	247
126485	252
126485	258
126485	264
126485	271
126485	274
126485	282
126485	295
126485	299
126485	315
126485	319
126485	327
126485	331
126485	334
126485	341
126485	359
126485	362
126485	372
126485	383
126485	391
126485	419
126485	425
126485	432
126606	167
126606	169
126606	172
126606	182
126606	187
126606	191
126606	194
126606	218
126606	236
126606	248
126606	258
126606	262
126606	274
126606	277
126606	280
126606	292
126606	295
126606	301
126606	389
126606	391
126623	172
126623	188
126623	197
126623	200
126623	251
126623	322
127739	167
127739	169
127739	176
127739	208
127739	256
127739	257
127739	288
127771	156
127771	167
127771	182
127771	183
127771	189
127771	197
127771	208
127771	211
127771	220
127771	222
127771	225
127771	226
127771	227
127771	228
127771	230
127771	234
127771	242
127771	244
127771	252
127771	254
127771	255
127771	258
127771	260
127771	267
127771	271
127771	276
127771	290
127771	294
127771	300
127771	308
127771	322
127771	333
127771	532
129511	151
129511	223
129511	224
129511	231
129511	234
129511	235
129511	239
129511	240
129511	241
129511	246
129511	252
129511	256
129511	269
129511	271
129511	274
129511	278
130091	273
130091	284
130091	299
130091	336
130091	362
130091	383
130091	417
130091	436
130099	199
130099	256
130099	295
130316	158
130316	164
130316	168
130316	169
130316	171
130316	172
130316	176
130316	182
130316	185
130316	190
130316	194
130316	211
130316	216
130316	223
130316	224
130316	239
130316	255
130316	256
130316	279
130316	284
130316	298
130316	364
130316	400
130838	140
130838	142
130838	143
130838	147
130838	149
130838	150
130838	154
130838	155
130838	156
130838	157
130838	160
130838	162
130838	164
130838	165
130838	166
130838	170
130838	173
130838	174
130838	182
130838	186
130838	190
130838	193
130838	199
130838	201
130838	210
130838	228
130838	231
130838	260
130838	267
131285	167
131285	185
131285	191
131285	196
131285	202
131285	204
131285	205
131285	207
131285	214
131285	221
131285	234
131285	238
131285	240
131285	256
131285	257
131285	258
131285	265
131285	279
131285	282
131285	284
131285	287
131285	295
131285	310
131285	328
131285	334
131285	341
131285	349
131285	353
131285	356
131285	432
131532	159
131532	167
131532	171
131532	194
131532	221
131532	222
131532	251
131532	257
131532	281
131532	288
131594	167
131594	183
131594	195
131594	198
131594	202
131594	221
131594	224
131594	256
131594	257
131594	258
131594	262
131594	276
131594	293
131594	295
131594	296
131594	331
131594	383
131594	421
132423	152
132423	154
132740	167
132740	169
132740	178
132740	182
132740	194
132740	219
132740	222
132740	226
132740	232
132740	234
132740	256
132740	257
132740	276
132740	282
132740	293
132740	295
132740	307
132740	312
132740	341
132740	349
132740	352
132740	353
132740	355
132740	366
133195	1044
133195	167
133195	171
133195	172
133195	178
133195	196
133195	214
133195	221
133195	224
133195	241
133195	255
133195	286
133195	288
133195	400
133378	134
133378	135
133378	138
133378	140
133378	141
133378	142
133378	147
133378	155
133378	157
133378	164
133378	166
133378	167
133378	168
133378	170
133378	171
133378	173
133378	176
133378	179
133378	180
133378	181
133378	183
133378	185
133378	187
133378	192
133378	195
133378	198
133378	199
133378	200
133378	202
133378	203
133378	209
133378	211
133378	212
133378	213
133378	214
133378	215
133378	221
133378	222
133378	226
133378	230
133378	232
133378	247
133378	253
133378	254
133378	255
133378	256
133378	263
133512	185
133512	192
133512	194
133512	200
133512	210
133512	236
133512	251
133512	256
133512	282
133512	284
133512	286
133512	294
133746	136
133746	143
133746	144
133746	146
133746	148
133746	160
133746	161
133746	162
133746	185
133746	196
133746	211
133746	227
133746	231
133746	232
133746	235
133746	248
133746	254
133788	172
133788	258
136252	273
136252	307
136252	356
136252	509
136953	155
136953	157
136953	160
136953	161
136953	162
136953	165
136953	166
136953	171
136953	176
136953	178
136953	179
136953	182
136953	188
136953	190
136953	192
136953	193
136953	195
136953	198
136953	209
136953	211
136953	215
136953	217
136953	218
136953	221
136953	222
136953	230
136953	231
136953	234
136953	236
136953	239
136953	250
136953	252
136953	254
136953	255
136953	257
136953	260
136953	264
136953	269
136953	272
136953	274
136953	285
136953	286
136953	288
136953	290
136953	291
136953	292
136953	294
136953	298
137467	192
137467	195
137467	196
137467	224
137467	238
137467	239
137467	256
137467	294
137467	400
137504	221
137504	257
137504	258
137504	288
137504	295
137504	341
138950	169
138950	202
138950	208
138950	232
138950	241
138950	251
138950	256
138950	258
138950	290
138950	294
138950	295
139033	258
139033	295
139033	341
139033	432
139650	196
139650	205
139650	256
139650	270
139650	282
139650	284
141168	169
141168	176
141168	202
141168	204
141168	207
141168	222
141168	237
141168	256
141168	257
141168	258
141168	271
141168	275
141168	284
141168	295
141168	381
141168	424
141168	505
141168	591
144296	141
144296	157
144296	161
144296	162
144296	165
144296	166
144296	167
144296	170
144296	181
144296	188
144296	190
144296	191
144296	192
144296	211
144296	212
144296	215
144296	218
144296	228
144296	230
144296	231
144296	233
144296	236
144296	237
144296	239
144296	246
144296	248
144296	249
144296	252
144296	254
144296	257
144459	274
144459	291
144459	334
144913	169
144913	185
144913	187
144913	191
144913	208
144913	216
144913	226
144913	238
144913	239
144913	256
144913	263
144913	277
144913	282
144913	295
144913	297
145460	194
145460	239
147848	921
147848	998
147848	1034
147848	1073
147848	154
147848	155
147848	156
147848	159
147848	161
147848	165
147848	170
147848	171
147848	181
147848	182
147848	184
147848	186
147848	187
147848	192
147848	194
147848	195
147848	196
147848	197
147848	198
147848	201
147848	203
147848	206
147848	209
147848	213
147848	215
147848	225
147848	227
147848	231
147848	234
147848	242
147848	243
147848	244
147848	246
147848	249
147848	254
147848	257
147848	261
147848	264
147848	265
147848	267
147848	270
147848	276
147848	278
147848	287
147848	294
147848	295
147848	305
147848	306
147848	308
147848	317
147848	321
147848	322
147848	325
147848	326
147848	337
147848	340
147848	349
147848	352
147848	558
147939	185
147939	216
147939	233
147939	238
147939	256
147939	271
147939	294
147939	295
147939	312
147939	350
148237	167
148237	202
148237	235
148237	271
148237	282
148237	284
148237	308
148293	191
149516	232
151016	202
151016	258
151685	138
151685	140
151685	141
151685	143
151685	148
151685	154
151685	157
151685	165
151685	166
151685	168
151685	170
151685	173
151685	176
151685	190
151685	191
151685	192
151685	198
151685	199
151685	201
151685	203
151685	204
151685	206
151685	211
151685	215
151685	221
151685	224
151685	235
151685	241
151685	245
151685	250
151685	262
151685	263
151685	273
152331	135
152331	136
152331	141
152331	143
152331	149
152331	150
152331	151
152331	152
152331	154
152331	157
152331	161
152331	162
152331	165
152331	176
152331	178
152331	255
154558	124
154558	125
154558	126
154558	129
154558	130
154558	140
154558	182
154558	193
154558	195
154558	197
154558	198
154558	202
154558	203
154558	204
154558	205
154558	207
154558	211
154558	212
154558	226
154558	229
154558	230
154558	232
154558	233
154558	235
154558	237
154558	250
154558	252
154558	253
154558	265
154558	269
155063	704
155063	167
155063	169
155063	179
155063	217
155063	221
155063	241
155063	256
155063	264
155063	282
155063	294
155063	295
155063	333
155063	433
158890	221
158890	258
158890	284
158890	336
158890	367
158890	391
158890	407
158890	416
159912	164
159912	167
159912	168
159912	169
159912	171
159912	172
159912	175
159912	176
159912	179
159912	181
159912	182
159912	185
159912	187
159912	188
159912	189
159912	191
159912	192
159912	195
159912	198
159912	215
159912	216
159912	218
159912	219
159912	221
159912	224
159912	226
159912	234
159912	238
159912	239
159912	242
159912	255
159912	256
159912	258
159912	265
159912	269
159912	286
159912	293
159912	294
159912	297
159912	401
159912	421
159912	432
160024	165
160024	189
160024	198
160024	199
160024	217
160024	218
160024	220
160024	223
160024	224
160024	254
160024	255
160024	256
160024	260
160024	262
160024	268
160024	301
160024	308
160024	312
160024	314
160024	320
160024	335
160024	342
160024	351
160024	354
161106	171
161106	175
161106	176
161106	185
161106	187
161106	189
161106	191
161106	192
161106	194
161106	195
161106	198
161106	200
161106	202
161106	203
161106	206
161106	207
161106	211
161106	213
161106	214
161106	215
161106	217
161106	221
161106	222
161106	223
161106	228
161106	231
161106	232
161106	236
161106	237
161106	239
161106	240
161106	242
161106	245
161106	247
161106	249
161106	250
161106	252
161106	253
161106	254
161106	257
161106	262
161106	263
161106	269
161106	271
161106	272
161106	291
161106	298
161333	180
161333	181
161333	185
161333	187
161333	188
161333	189
161333	190
161333	191
161333	193
161333	196
161333	198
161333	199
161333	202
161333	203
161333	204
161333	205
161333	211
161333	213
161333	214
161333	215
161333	217
161333	218
161333	221
161333	227
161333	228
161333	230
161333	231
161333	233
161333	234
161333	235
161333	237
161333	239
161333	243
161333	249
161333	253
161541	167
161541	169
161541	176
161541	187
161541	194
161541	196
161541	199
161541	202
161541	204
161541	250
161541	256
161541	288
161541	291
161541	355
163175	159
163175	167
163175	175
163175	176
163175	185
163175	195
163175	202
163175	204
163175	205
163175	207
163175	208
163175	214
163175	221
163175	224
163175	226
163175	229
163175	230
163175	232
163175	233
163175	238
163175	252
163175	258
163175	261
163175	264
163175	268
163175	282
163175	283
163175	285
163175	290
163175	292
163175	293
163175	295
163175	301
163175	306
163175	317
163175	318
163175	333
163175	334
163175	341
163175	421
163175	433
163727	167
163727	185
163727	256
163727	282
163727	284
163727	295
163727	341
164644	165
164644	167
164644	179
164644	185
164644	191
164644	196
164644	224
164644	229
164644	247
164644	264
164644	295
164644	301
165054	158
165054	159
165054	175
165054	185
165054	202
165054	214
165054	256
165054	257
165054	275
165054	282
165054	284
165054	293
165054	294
165054	295
165054	298
165054	305
165054	318
165054	341
165054	419
165054	445
165054	509
167435	185
167435	261
167649	135
167649	136
167649	137
167649	138
167649	140
167649	141
167649	146
167649	147
167649	150
167649	156
167649	161
167649	162
167649	167
167649	168
167649	171
167649	176
167649	179
167649	182
167649	185
167649	187
167649	191
167649	192
167649	193
167649	195
167649	205
167649	207
167649	209
167649	210
167649	211
167649	212
167649	213
167649	214
167649	215
167649	221
167649	222
167649	226
167649	228
167649	231
167649	232
167649	234
167649	235
167649	236
167649	237
169665	124
169665	136
169665	137
169665	141
169665	145
169665	148
169665	149
169665	150
169665	155
169665	156
169665	161
169665	164
169665	167
169665	178
169665	179
169665	182
169665	185
169665	188
169665	189
169665	195
169665	203
169665	205
169665	207
169665	213
169665	218
169665	220
169665	222
169665	230
169665	231
169665	233
169665	234
169665	235
169665	236
169665	237
169665	239
169665	240
169665	241
169665	243
169665	245
169665	246
169665	247
169665	250
169665	252
169665	254
169665	255
169665	257
172863	162
172863	164
172863	165
172863	166
172863	167
172863	168
172863	170
172863	171
172863	173
172863	174
172863	175
172863	176
172863	177
172863	178
172863	179
172863	181
172863	183
172863	185
172863	187
172863	188
172863	191
172863	192
172863	195
172863	198
172863	199
172863	200
172863	205
172863	207
172863	215
172863	221
172863	238
172863	239
172863	243
172863	247
172863	252
172863	256
172863	257
172863	265
172863	267
172863	268
172863	269
172863	272
172863	273
172863	274
172863	281
172863	283
172863	292
172863	293
172863	296
172863	317
172863	387
172863	425
175937	1839
175937	2198
175937	159
175937	167
175937	191
175937	195
175937	196
175937	200
175937	202
175937	214
175937	231
175937	237
175937	239
175937	241
175937	247
175937	249
175937	256
175937	257
175937	259
175937	264
175937	275
175937	278
175937	282
175937	283
175937	288
175937	294
175937	331
176333	179
176333	185
176333	192
176333	194
176333	202
176333	207
176333	216
176333	219
176333	221
176333	222
176333	226
176333	237
176333	239
176333	240
176333	244
176333	248
176333	256
176333	266
176333	275
176333	276
176333	291
176333	294
176333	297
176333	321
176333	326
176333	334
176333	349
176333	353
176333	382
176333	421
176333	433
178196	172
178196	185
178196	215
178196	221
178196	256
178196	258
178196	284
178196	288
178196	294
178196	318
178196	341
178196	372
182008	202
182008	205
182008	207
182008	273
182883	187
182883	192
182883	195
182883	201
182883	202
182883	203
182883	210
182883	211
182883	212
182883	213
182883	215
182883	218
182883	221
182883	222
182883	226
182883	228
182883	230
182883	231
182883	232
182883	236
182883	237
182883	239
182883	245
182883	247
182883	250
182883	255
182883	257
182883	260
182883	262
182883	263
182883	264
182883	271
182883	272
182883	273
182883	275
182883	276
182883	277
182883	283
182883	286
182883	287
182883	291
182883	292
182883	294
182883	299
182883	313
182883	316
182883	322
182883	323
182883	324
182883	325
182883	326
182883	327
182883	331
182883	335
182883	340
182883	343
182883	348
182883	349
182883	353
182883	354
184695	159
184695	167
184695	202
184695	256
184695	257
184695	258
184695	264
184695	282
184695	295
184695	310
184695	372
185072	167
185072	169
185072	194
185072	202
185072	239
185072	257
185072	293
185072	295
185072	330
185072	331
185072	509
187049	147
187049	159
187049	167
187049	168
187049	169
187049	179
187049	185
187049	189
187049	191
187049	192
187049	194
187049	195
187049	196
187049	199
187049	200
187049	202
187049	204
187049	205
187049	208
187049	210
187049	213
187049	214
187049	215
187049	216
187049	217
187049	218
187049	219
187049	220
187049	221
187049	222
187049	223
187049	224
187049	226
187049	228
187049	230
187049	235
187049	236
187049	237
187049	238
187049	239
187049	240
187049	241
187049	242
187049	243
187049	245
187049	248
187049	250
187049	251
187049	252
187049	253
187049	255
187049	257
187049	258
187049	261
187049	263
187049	264
187049	266
187049	268
187049	269
187049	270
187049	271
187049	272
187049	276
187049	279
187049	280
187049	284
187049	285
187049	286
187049	288
187049	289
187049	290
187049	292
187049	293
187049	294
187049	295
187049	296
187049	297
187049	300
187049	301
187049	303
187049	304
187049	305
187049	306
187049	307
187049	308
187049	309
187049	311
187049	312
187049	313
187049	314
187049	318
187049	324
187049	330
187049	332
187049	333
187049	334
187049	337
187049	338
187049	341
187049	354
187049	361
187049	366
187049	369
187049	372
187049	383
187049	389
187049	393
187049	398
187049	400
187049	401
187049	425
187049	428
187049	429
187049	442
187049	445
187049	493
187049	509
188222	235
188222	258
188222	276
188222	277
188718	179
188718	185
188718	205
188718	210
188718	215
188718	221
188718	242
188718	290
188718	318
188718	326
188724	172
188724	188
188724	218
188724	221
188724	249
188724	295
188724	421
188948	167
188948	169
188948	172
188948	179
188948	182
188948	204
188948	218
188948	234
188948	240
188948	258
188948	264
188948	280
188948	357
188948	389
188948	433
189288	240
189288	256
189288	276
189288	282
189288	284
189288	291
189288	295
189288	318
189288	425
189978	143
189978	144
189978	145
189978	148
189978	149
189978	157
189978	162
189978	165
189978	166
189978	176
189978	178
189978	183
189978	187
189978	188
189978	189
189978	190
189978	191
189978	192
189978	195
189978	198
189978	201
189978	205
189978	206
189978	210
189978	217
189978	218
189978	222
189978	229
189978	234
189978	243
189978	246
189978	249
189978	253
189978	271
191503	169
191503	176
191503	182
191503	194
191503	202
191503	205
191503	208
191503	221
191503	251
191503	257
191503	258
191503	284
191902	235
192992	147
192992	149
192992	157
192992	162
192992	165
192992	167
192992	176
192992	182
192992	185
192992	188
192992	189
192992	190
192992	191
192992	192
192992	193
192992	195
192992	197
192992	199
192992	201
192992	210
192992	218
192992	220
192992	222
192992	223
192992	224
192992	231
192992	234
192992	235
192992	236
192992	240
192992	241
192992	244
192992	249
192992	252
192992	253
192992	254
192992	260
192992	267
192992	269
192992	278
192992	292
194952	169
194952	205
194952	208
194952	218
194952	229
194952	232
194952	241
194952	245
194952	247
194952	251
194952	257
194952	277
194952	290
194952	295
198256	176
198256	218
198256	221
198256	230
198256	238
198256	247
198256	256
198256	276
199007	242
199069	169
199069	172
199069	221
199339	168
199339	169
199339	172
199339	202
199339	216
199339	224
199339	250
199339	259
199339	303
200126	159
200126	169
200126	172
200126	194
200126	202
200126	205
200126	222
200126	236
200126	244
200126	251
200126	254
200126	255
200126	258
200126	264
200126	266
200126	290
200126	293
200126	295
200126	331
200126	334
200126	432
200665	167
200665	172
200665	179
200665	185
200665	194
200665	221
200665	239
200665	256
200665	273
200665	282
200665	294
201865	169
201865	199
201865	202
201865	204
201865	208
201865	212
201865	225
201865	234
201865	253
201865	256
201865	261
201865	274
201865	294
201865	300
201865	301
201865	350
201865	371
201865	383
201865	432
203295	182
203295	196
203295	295
203295	334
203506	250
203506	293
203506	307
203506	336
203506	362
203506	367
203506	416
203506	419
203506	425
204895	251
204895	266
204895	293
206404	167
206404	169
206404	172
206404	176
206404	185
206404	189
206404	191
206404	196
206404	202
206404	203
206404	204
206404	211
206404	215
206404	219
206404	220
206404	221
206404	225
206404	230
206404	233
206404	237
206404	246
206404	248
206404	249
206404	256
206404	261
206404	264
206404	268
206404	269
206404	271
206404	274
206404	282
206404	284
206404	288
206404	295
206404	297
206404	327
206404	352
206404	372
206404	400
206404	401
206557	208
206557	241
206557	257
206557	258
206557	282
206557	284
206557	294
208070	159
208070	168
208070	172
208070	205
208070	216
208070	218
208070	251
208070	260
208070	270
208070	282
208070	295
208070	433
208598	168
208598	202
208598	233
208598	270
208598	295
209308	167
209308	169
209308	172
209308	179
209308	185
209308	194
209308	196
209308	202
209308	204
209308	208
209308	221
209308	237
209308	239
209308	241
209308	247
209308	256
209308	257
209308	264
209308	282
209308	284
209308	288
209308	290
209308	293
209308	294
209308	295
209308	307
209308	309
209308	312
209308	313
209308	318
209308	324
209308	325
209308	330
209308	341
209308	344
209308	349
209308	356
209308	383
209308	391
209308	393
209308	398
209308	404
209308	413
209308	425
209308	442
209308	443
209308	493
209308	509
209375	199
209375	202
209375	230
209375	235
209375	257
209375	432
211747	179
211747	221
211747	294
211825	175
211825	185
211825	191
211825	192
211825	193
211825	234
211825	248
211825	333
213035	169
213035	208
213035	216
213035	221
213035	256
213035	290
213035	294
213035	295
213035	300
214461	169
214461	171
214461	172
214461	179
214461	222
214461	255
214461	256
214461	258
214461	282
214461	284
214461	325
214461	366
214461	367
214461	370
214461	407
214461	442
215493	152
215493	173
215493	183
215493	184
215493	188
215493	189
215493	191
215493	192
215493	193
215493	197
215493	205
215493	212
215493	217
215493	218
215493	220
215493	222
215493	223
215493	226
215493	238
215493	240
215493	243
215493	260
215493	285
215493	286
215493	308
215493	326
216738	205
216738	214
216738	242
216738	258
216738	261
216738	272
216738	295
216738	297
217248	1072
217248	159
217248	169
217248	196
217248	198
217248	222
217248	249
217248	256
217248	258
217814	167
217814	175
217814	217
217814	221
217814	235
217814	253
217814	256
217814	257
217814	268
217814	280
217814	284
217814	293
217814	294
217814	295
217814	318
217814	331
217814	341
217814	364
219202	179
219202	188
219202	208
219202	210
219202	236
219202	257
219202	263
219202	266
219202	272
219202	293
219202	296
219202	322
219202	400
219369	202
219369	241
219369	255
219369	257
219369	258
219369	273
219369	282
219369	284
219369	341
219516	126
219516	130
219516	131
219516	134
219516	135
219516	136
219516	137
219516	143
219516	148
219516	149
219516	150
219516	154
219516	155
219516	156
219516	157
219516	160
219516	161
219516	164
219516	165
219516	166
219516	167
219516	173
219516	174
219516	179
219516	190
219516	191
219516	192
219516	193
219516	195
219516	198
219516	202
219516	203
219516	205
219516	207
219516	209
219516	217
219516	218
219516	221
219516	222
219516	224
219516	228
219516	230
219516	231
219516	233
219516	235
219516	237
219516	256
219516	345
219516	420
219719	167
219719	169
219719	172
219719	176
219719	196
219719	202
219719	204
219719	208
219719	241
219719	284
219719	288
219719	295
219719	331
221564	159
221564	239
221564	256
221564	257
221564	258
221564	262
221564	272
221564	273
221564	274
221564	282
221564	284
221564	295
221564	341
221564	407
221564	509
221746	159
221746	167
221746	195
221746	196
221746	214
221746	221
221746	233
221746	241
221746	257
221746	258
221746	269
221746	288
221746	295
221746	319
221746	341
221746	344
221746	383
222886	175
222886	179
222886	181
222886	200
222886	208
222886	213
222886	214
222886	215
222886	218
222886	221
222886	227
222886	232
222886	233
222886	234
222886	235
222886	237
222886	241
222886	247
222886	248
222886	252
222886	258
222886	259
222886	263
222886	264
222886	283
222886	286
222886	290
222886	292
222886	300
222886	317
222886	319
222886	326
222886	364
222886	433
222886	447
224073	185
224073	202
224073	208
224661	169
224661	182
224661	194
224661	221
224661	241
224661	246
224661	256
224661	273
224661	280
224661	282
224661	284
224661	294
224661	312
224661	349
224661	356
224661	401
224661	419
224661	455
225204	185
225204	194
225204	221
225204	282
225204	366
226264	696
226264	159
226264	161
226264	165
226264	166
226264	167
226264	170
226264	174
226264	175
226264	176
226264	179
226264	182
226264	185
226264	191
226264	192
226264	196
226264	202
226264	204
226264	208
226264	215
226264	217
226264	221
226264	224
226264	237
226264	239
226264	241
226264	247
226264	252
226264	256
226264	257
226264	258
226264	271
226264	273
226264	282
226264	284
226264	288
226264	290
226264	294
226264	295
226264	307
226264	309
226264	318
226264	325
226264	341
226264	353
226264	372
226264	383
226264	509
227249	159
227249	167
227249	169
227249	189
227249	199
227249	207
227249	214
227249	216
227249	286
227249	364
228053	225
228053	295
230291	168
230291	169
230291	172
230291	176
230291	184
230291	189
230291	196
230291	225
230291	229
230291	258
230291	263
230291	308
230291	371
231583	167
231583	212
231583	257
231583	284
231583	289
231583	295
231583	307
231583	349
231583	356
232511	167
232511	169
232511	172
232511	194
232511	202
232511	221
232511	258
232511	260
232511	282
232511	288
232511	295
233252	192
233252	237
233252	242
233252	284
233252	297
233739	1068
233739	208
233739	250
233739	256
233739	295
236270	169
236270	172
236270	176
236270	185
236270	194
236270	219
236270	226
236270	233
236270	255
236270	258
236270	261
236270	274
236270	295
236270	425
236270	432
236493	167
236493	179
236493	185
236493	187
236493	196
236493	217
236493	224
236493	247
236493	256
236493	257
236493	258
236493	264
236493	265
236493	273
236493	284
236493	295
236493	307
236493	509
237810	167
237810	168
237810	176
237810	185
237810	188
237810	192
237810	195
237810	196
237810	202
237810	204
237810	218
237810	221
237810	224
237810	226
237810	237
237810	238
237810	240
237810	245
237810	252
237810	253
237810	255
237810	258
237810	261
237810	270
237810	271
237810	282
237810	284
237810	291
237810	293
237810	295
237810	302
237810	326
237810	331
237810	350
237810	353
237810	382
240042	185
240042	192
240042	204
240042	216
240042	221
240042	237
240042	256
240042	282
240042	287
240042	294
240042	295
240042	297
240042	301
240042	313
240042	321
240042	332
240042	383
240042	414
240229	195
240229	196
240229	199
240229	228
240229	239
240229	240
240229	243
240229	253
240229	256
240229	271
240229	286
240229	290
240229	303
240229	310
240229	322
240229	357
240229	433
241441	159
241441	167
241441	192
241441	195
241441	197
241441	214
241441	217
241441	221
241441	233
241441	237
241441	256
241441	257
241441	258
241441	263
241441	264
241441	273
241441	275
241441	281
241441	282
241441	283
241441	288
241441	292
241441	295
241441	297
241441	307
241441	310
241441	319
241441	331
241441	341
241441	355
241441	372
241441	383
241441	421
241441	432
242159	155
242159	165
242159	170
242159	171
242159	176
242159	178
242159	179
242159	180
242159	181
242159	182
242159	183
242159	184
242159	185
242159	188
242159	191
242159	192
242159	193
242159	195
242159	198
242159	199
242159	200
242159	201
242159	202
242159	203
242159	204
242159	205
242159	207
242159	209
242159	210
242159	211
242159	212
242159	213
242159	215
242159	217
242159	218
242159	222
242159	227
242159	228
242159	231
242159	232
242159	234
242159	236
242159	239
242159	245
242159	247
242159	250
242159	252
242159	254
242159	256
242159	257
242159	271
242159	272
242159	273
242159	277
242159	278
242159	279
242159	283
243236	194
243236	258
243236	281
243236	432
246132	131
246132	135
246132	136
246132	147
246132	149
246132	164
246132	166
246132	171
246132	174
246132	182
246132	185
246132	187
246132	192
246132	193
246132	195
246132	202
246132	207
246132	211
246132	213
246132	214
246132	215
246132	217
246132	221
246132	222
246132	226
246132	233
246132	234
246132	237
246132	243
246132	245
246132	247
246132	250
246132	253
246132	254
246632	183
246632	195
246632	196
246632	204
246632	219
246632	224
246632	225
246632	235
246632	239
246632	256
246632	257
246632	264
246632	265
246632	268
246632	271
246632	295
246632	312
246632	319
248665	199
248665	215
248665	295
248665	372
248755	256
248755	257
248755	284
248755	336
248755	433
251084	183
251084	185
251084	187
251084	189
251084	192
251084	195
251084	196
251084	198
251084	202
251084	204
251084	207
251084	208
251084	212
251084	213
251084	218
251084	219
251084	220
251084	221
251084	224
251084	225
251084	227
251084	228
251084	229
251084	232
251084	235
251084	238
251084	240
251084	241
251084	243
251084	244
251084	245
251084	247
251084	248
251084	250
251084	252
251084	253
251084	254
251084	256
251084	257
251084	258
251084	261
251084	262
251084	263
251084	264
251084	268
251084	271
251084	272
251084	273
251084	274
251084	275
251084	277
251084	280
251084	282
251084	283
251084	285
251084	290
251084	291
251084	292
251084	293
251084	294
251084	295
251084	296
251084	297
251084	300
251084	301
251084	305
251084	306
251084	308
251084	310
251084	312
251084	319
251084	321
251084	331
251084	333
251084	334
251084	349
251084	350
251084	352
251084	353
251084	355
251084	372
251084	403
251084	432
251084	447
251407	167
251407	168
251407	169
251407	179
251407	182
251407	183
251407	192
251407	194
251407	199
251407	202
251407	204
251407	211
251407	221
251407	224
251407	238
251407	242
251407	255
251407	256
251407	257
251407	258
251407	260
251407	264
251407	288
251407	295
251407	296
251407	356
251407	432
251940	181
251940	191
251940	202
251940	208
251940	221
251940	241
251940	258
251940	341
252984	179
252984	185
252984	189
252984	201
252984	218
252984	219
252984	221
252984	255
252984	257
252984	266
252984	270
252984	292
252984	294
252984	303
252984	366
252984	421
254673	167
254673	169
254673	181
254673	194
254673	202
254673	242
254673	255
254673	258
254673	269
254673	294
254673	317
255195	159
255195	167
255195	185
255195	202
255195	203
255195	204
255195	221
255195	233
255195	242
255195	247
255195	257
255195	258
255195	264
255195	283
255195	288
255195	295
255195	297
255195	312
255195	331
255195	400
255195	432
255377	325
255693	181
255693	190
255693	201
255693	227
255693	230
255693	231
255693	235
255693	236
255693	237
255693	239
255693	244
255693	245
255693	246
255693	249
255693	257
255693	272
255693	274
255693	275
255693	276
255693	277
255693	282
255693	300
255693	322
255693	327
255693	331
255693	343
255693	350
255961	187
255961	221
255961	239
255961	241
255961	253
255961	256
255961	273
255961	282
255961	284
255961	295
255961	307
255961	509
256126	221
256126	235
256126	282
256126	291
256126	294
256126	307
256126	318
256126	341
256126	425
256126	432
258734	202
258734	258
258734	288
258734	295
259847	242
259847	258
259847	266
259847	270
259847	288
259847	295
259952	169
259952	176
259952	179
259952	181
259952	185
259952	187
259952	192
259952	194
259952	196
259952	200
259952	202
259952	214
259952	216
259952	218
259952	221
259952	226
259952	229
259952	231
259952	234
259952	238
259952	239
259952	241
259952	242
259952	251
259952	252
259952	255
259952	256
259952	257
259952	258
259952	261
259952	263
259952	272
259952	276
259952	277
259952	279
259952	282
259952	283
259952	287
259952	292
259952	293
259952	294
259952	295
259952	297
259952	300
259952	303
259952	321
259952	322
259952	331
259952	333
259952	344
259952	349
259952	357
259952	364
259952	366
259952	382
259952	401
259952	447
261982	221
261982	256
261982	273
261982	282
261982	284
261982	294
261982	341
261982	356
262445	169
262445	215
262445	239
262445	251
262445	256
262445	264
262445	364
262726	249
262726	295
263454	179
263454	202
263454	208
263454	237
263454	341
263856	190
263856	191
263856	192
263856	197
263856	201
263856	202
263856	205
263856	211
263856	212
263856	220
263856	224
263856	231
263856	237
263856	245
263856	247
263856	249
263856	250
263856	253
264025	196
264025	257
264025	282
264025	284
264025	293
264025	307
264025	318
264090	175
264090	178
264090	183
264090	195
264090	203
264090	229
264090	254
264090	280
264090	288
264090	319
264135	183
264135	187
264135	189
264135	195
264135	196
264135	202
264135	204
264135	207
264135	220
264135	224
264135	226
264135	228
264135	233
264135	237
264135	238
264135	240
264135	243
264135	244
264135	245
264135	247
264135	249
264135	253
264135	254
264135	256
264135	262
264135	263
264135	264
264135	265
264135	266
264135	268
264135	270
264135	271
264135	272
264135	273
264135	274
264135	276
264135	280
264135	281
264135	283
264135	284
264135	287
264135	289
264135	291
264135	292
264135	295
264135	296
264135	297
264135	299
264135	302
264135	303
264135	305
264135	307
264135	308
264135	309
264135	310
264135	316
264135	319
264135	321
264135	327
264135	328
264135	331
264135	333
264135	334
264135	337
264135	341
264135	344
264135	349
264135	350
264135	352
264135	353
264135	355
264135	356
264135	359
264135	371
264135	372
264135	382
264135	398
264135	403
264135	432
264135	445
264135	447
264135	509
264490	169
264490	192
264490	219
264490	226
264490	251
264490	255
264490	276
264490	282
264490	298
266031	185
266031	202
266031	256
266031	258
266031	282
266031	284
266031	509
266356	153
266356	207
266356	226
266356	239
266356	256
266356	350
266837	187
266837	202
266837	208
266837	221
266837	225
266837	234
266837	256
266837	282
266837	283
266837	284
266837	295
266837	318
266837	367
266837	396
266837	419
266837	425
266837	436
266837	455
266837	509
266837	515
267590	169
267590	172
267590	208
267590	218
267590	221
267590	248
267590	258
267590	260
267590	276
267590	288
267590	295
267590	331
267783	179
267783	210
267783	251
267783	258
267783	322
268762	132
268762	223
268762	291
268891	159
268891	167
268891	202
268891	208
268891	232
268891	256
268891	258
268891	295
268991	202
268991	219
268991	221
268991	237
268991	241
268991	247
268991	256
268991	257
268991	258
268991	282
268991	294
268991	295
268991	312
268991	341
269720	167
269720	185
269720	194
269720	248
269720	256
269720	271
269720	274
269720	288
269720	295
269720	307
269720	309
269720	398
271089	168
271089	187
271089	210
271089	249
271089	251
271089	256
271089	259
271089	263
271089	285
271089	292
271089	303
271089	306
271089	357
271089	447
271966	172
271966	175
271966	188
271966	218
271966	236
271966	244
271966	251
271966	255
271966	276
271966	304
271966	318
271966	341
271966	369
271976	179
271976	185
271976	189
271976	218
271976	221
271976	230
271976	240
271976	264
271976	266
271976	282
271976	283
271976	285
271976	286
272179	168
272179	185
272179	226
272179	238
272179	239
272179	241
272179	256
272179	273
272179	276
272179	282
272179	284
272179	293
272179	294
272179	298
272179	307
272179	349
272805	176
272805	282
272805	288
272805	295
273258	179
273258	266
273691	159
273691	179
273691	191
273691	196
273691	200
273691	202
273691	205
273691	208
273691	211
273691	216
273691	221
273691	241
273691	243
273691	248
273691	256
273691	258
273691	259
273691	272
273691	282
273691	283
273691	284
273691	286
273691	290
273691	295
273691	300
273691	318
273691	321
273691	331
273691	433
274161	191
274161	197
274161	229
275246	216
275246	239
275246	242
276034	202
276034	204
276034	219
276034	253
276034	256
276034	273
276034	275
276034	282
276034	309
276034	330
276034	341
276034	352
276034	356
276034	369
277439	2993
277439	167
277439	202
277439	236
277439	256
277439	257
278559	135
281734	150
281734	151
281734	154
281734	156
281734	157
281734	162
281734	164
281734	165
281734	167
281734	169
281734	171
281734	173
281734	174
281734	176
281734	182
281734	183
281734	184
281734	188
281734	189
281734	193
281734	195
281734	197
281734	198
281734	201
281734	203
281734	204
281734	205
281734	207
281734	211
281734	212
281734	215
281734	217
281734	218
281734	220
281734	222
281734	223
281734	225
281734	226
281734	227
281734	228
281734	235
281734	237
281734	239
281734	240
281734	245
281734	248
281734	252
281734	255
281734	256
281734	260
281734	262
281734	269
281734	271
281734	274
281734	276
281734	281
281734	288
281734	292
281734	338
282486	202
282486	241
282486	257
282486	295
284565	1466
284565	187
284565	202
284565	221
284565	224
284565	253
284565	256
284565	258
284565	273
284565	281
284565	282
284565	294
284565	295
284565	307
284565	421
290703	169
290703	179
290703	196
290703	204
290703	208
290703	221
290703	257
290703	295
290977	167
290977	169
290977	172
290977	176
290977	179
290977	182
290977	189
290977	190
290977	194
290977	196
290977	199
290977	202
290977	208
290977	221
290977	227
290977	241
290977	242
290977	244
290977	256
290977	262
290977	264
290977	275
290977	276
290977	281
290977	284
290977	290
290977	294
290977	295
290977	296
290977	300
290977	305
290977	306
290977	309
290977	327
290977	336
290977	362
290977	389
290977	394
290977	432
290977	433
290977	440
290977	509
292663	123
292663	124
292663	125
292663	130
292663	136
292663	138
292663	143
292663	144
292663	146
292663	147
292663	151
292663	160
292663	163
292663	165
292663	166
292663	167
292663	168
292663	169
292663	171
292663	172
292663	173
292663	174
292663	175
292663	179
292663	182
292663	189
292663	190
292663	191
292663	193
292663	194
292663	202
292663	208
292663	210
292663	217
292663	222
292663	223
292663	226
292663	228
292663	233
292663	234
292663	238
292663	251
292663	252
292663	255
292663	257
292663	260
292663	264
292663	265
292663	266
292663	269
292663	276
292663	286
292663	290
292663	295
292663	308
292663	322
292663	333
292663	366
292663	401
292663	421
294461	202
294461	284
294461	290
294461	330
294461	391
294461	407
294461	419
296242	190
296244	169
296244	172
296244	179
296244	185
296244	194
296244	196
296244	225
296244	242
296244	256
296244	301
297061	167
297061	169
297061	192
297061	196
297061	202
297061	213
297061	223
297061	236
297061	239
297061	257
297061	260
297061	288
297061	296
297061	306
297061	319
297061	322
297061	366
297623	208
297623	213
297623	234
297623	263
297623	266
297623	290
297623	341
297623	433
298825	176
298825	194
298825	202
298825	239
298825	241
298825	258
298825	294
298825	400
299210	167
299210	202
299210	222
299210	224
299210	237
299210	251
299210	257
299210	260
299210	288
299884	147
299884	167
299884	171
299884	172
299884	260
299884	273
299884	295
299884	327
299884	355
300562	125
300562	126
300562	131
300562	134
300562	141
300562	142
300562	143
300562	144
300562	150
300562	152
300562	157
300562	160
300562	162
300562	164
300562	165
300562	166
300562	167
300562	171
300562	176
300562	182
300562	183
300562	187
300562	193
300562	198
300562	199
300562	203
300562	207
300562	211
300562	212
300562	213
300562	214
300562	215
300562	221
300562	225
300562	230
300562	232
300562	233
300562	234
300562	237
300562	243
300562	248
300562	250
300562	252
300562	253
300562	255
300562	269
300562	301
301487	147
301487	167
301487	169
301487	194
301487	236
301487	256
301487	257
301487	260
301487	273
302110	150
302110	154
302110	157
302110	160
302110	164
302110	165
302110	167
302110	169
302110	170
302110	171
302110	173
302110	174
302110	175
302110	176
302110	179
302110	182
302110	188
302110	191
302110	192
302110	193
302110	195
302110	198
302110	199
302110	202
302110	203
302110	204
302110	205
302110	207
302110	212
302110	214
302110	215
302110	227
302110	248
302110	276
302110	285
302488	134
302488	135
302488	140
302488	145
302488	147
302488	154
302488	157
302488	161
302488	165
302488	166
302488	171
302488	181
302488	188
302488	191
302488	192
302488	201
302488	207
302488	209
302488	211
302488	215
302488	218
302488	226
302488	228
302488	231
302488	239
302488	243
302488	245
302488	249
302488	253
302488	254
302488	257
302488	262
302488	272
302488	275
302488	352
302645	153
302645	159
302645	167
302645	195
302645	202
302645	216
302645	219
302645	221
302645	239
302645	256
302645	264
302645	294
302645	312
302645	341
303269	144
303269	159
303269	172
303269	175
303269	179
303269	189
303269	215
303269	218
303269	229
303269	234
303269	255
303269	276
303269	286
303269	290
303269	372
303269	400
305182	130
305182	191
305182	205
305182	207
305182	229
306282	167
306282	192
306282	195
306282	196
306282	202
306282	204
306282	208
306282	214
306282	215
306282	218
306282	221
306282	224
306282	226
306282	230
306282	234
306282	237
306282	239
306282	241
306282	248
306282	253
306282	256
306282	258
306282	266
306282	270
306282	271
306282	276
306282	281
306282	286
306282	290
306282	293
306282	295
306282	301
306282	306
306282	308
306282	312
306282	331
306282	350
306688	167
306688	169
306688	194
306688	202
306688	208
306688	221
306688	222
306688	251
306688	256
306688	258
306688	288
306688	294
306688	295
306688	364
306688	400
307201	125
307201	126
307201	130
307201	131
307201	134
307201	135
307201	136
307201	137
307201	138
307201	140
307201	143
307201	145
307201	147
307201	150
307201	153
307201	154
307201	155
307201	157
307201	160
307201	165
307201	167
307201	168
307201	171
307201	176
307201	179
307201	181
307201	182
307201	183
307201	185
307201	187
307201	192
307201	193
307201	195
307201	198
307201	199
307201	200
307201	202
307201	203
307201	204
307201	205
307201	207
307201	211
307201	213
307201	214
307201	215
307201	221
307201	222
307201	227
307201	234
307201	235
307201	239
307706	167
307706	183
307706	194
307706	202
307706	218
307706	233
307706	235
307706	237
307706	247
307706	271
307706	288
307706	295
307706	407
307706	432
308453	154
308453	155
308453	166
308453	168
308453	170
308453	173
308453	176
308453	178
308453	198
308453	199
308453	202
308453	203
308453	204
308453	205
308453	207
308453	211
308453	214
308453	217
308453	221
308453	224
308453	227
308453	228
308453	232
308453	234
308453	235
308453	271
308453	272
308453	278
308834	123
308834	124
308834	125
308834	126
308834	130
308834	137
308834	147
308834	152
308834	164
308834	171
308834	176
308834	178
308834	182
308834	183
308834	184
308834	185
308834	188
308834	192
308834	194
308834	197
308834	198
308834	203
308834	217
308834	222
308834	223
308834	224
308834	236
308834	246
308834	247
308834	250
308834	255
308834	257
308834	260
309162	205
309162	221
309162	234
309162	235
309162	256
309162	258
309162	264
309162	282
309162	284
309162	289
309162	294
309162	302
309162	314
309162	336
309162	341
309162	345
309162	346
309162	358
309162	361
309162	362
309162	367
309162	379
309162	407
309162	408
309162	417
309162	419
309162	425
309162	436
309162	443
309926	196
309926	208
309926	221
309926	237
309926	241
309926	256
309926	257
309926	282
309926	284
309926	295
309926	307
309926	318
309926	383
309926	509
310354	140
310354	147
310354	164
310354	168
310354	169
310354	170
310354	171
310354	173
310354	175
310354	176
310354	179
310354	182
310354	183
310354	184
310354	185
310354	187
310354	188
310354	189
310354	190
310354	193
310354	194
310354	195
310354	197
310354	198
310354	199
310354	201
310354	202
310354	203
310354	204
310354	205
310354	207
310354	211
310354	212
310354	213
310354	215
310354	216
310354	217
310354	218
310354	220
310354	221
310354	222
310354	223
310354	224
310354	226
310354	227
310354	228
310354	230
310354	231
310354	232
310354	233
310354	234
310354	235
310354	236
310354	237
310354	238
310354	240
310354	241
310354	243
310354	244
310354	245
310354	246
310354	248
310354	249
310354	250
310354	251
310354	252
310354	253
310354	254
310354	255
310354	257
310354	258
310354	260
310354	262
310354	263
310354	264
310354	265
310354	269
310354	270
310354	271
310354	272
310354	274
310354	275
310354	276
310354	277
310354	279
310354	283
310354	286
310354	288
310354	290
310354	292
310354	293
310354	294
310354	295
310354	296
310354	297
310354	298
310354	301
310354	319
310354	321
310354	326
310354	333
310354	334
310354	357
310354	366
310354	389
310354	400
310354	401
310354	421
310354	432
310354	433
310354	447
310461	221
310499	175
310499	179
310499	200
310499	214
310499	241
310499	295
310499	318
310499	364
312108	167
312108	168
312108	169
312108	179
312108	185
312108	187
312108	192
312108	202
312108	207
312108	226
312108	236
312108	237
312108	240
312108	241
312108	253
312108	257
312108	264
312108	273
312108	282
312108	288
312108	312
312108	319
312108	432
312497	147
312497	149
312497	150
312497	155
312497	157
312497	159
312497	161
312497	162
312497	164
312497	165
312497	166
312497	167
312497	168
312497	171
312497	173
312497	175
312497	176
312497	179
312497	183
312497	184
312497	188
312497	190
312497	191
312497	192
312497	194
312497	195
312497	196
312497	197
312497	199
312497	200
312497	201
312497	202
312497	203
312497	204
312497	205
312497	207
312497	209
312497	210
312497	211
312497	212
312497	214
312497	215
312497	216
312497	217
312497	218
312497	220
312497	222
312497	224
312497	225
312497	226
312497	227
312497	231
312497	232
312497	233
312497	236
312497	237
312497	239
312497	241
312497	244
312497	247
312497	250
312497	252
312497	254
312497	255
312497	257
312497	262
312497	263
312497	269
312497	274
312497	279
312497	298
313893	198
313893	221
313893	234
313893	253
313893	258
313893	276
313893	281
313893	285
313893	289
313893	293
313893	310
313893	333
313893	350
314302	185
314302	221
314302	241
314302	257
314302	284
314302	318
314302	425
315749	256
315749	282
316528	137
316528	240
316528	241
316528	244
316528	253
316528	333
316528	357
318503	184
318503	185
318503	187
318503	189
318503	191
318503	192
318503	195
318503	196
318503	197
318503	198
318503	200
318503	203
318503	208
318503	214
318503	215
318503	221
318503	224
318503	225
318503	226
318503	227
318503	228
318503	229
318503	234
318503	238
318503	239
318503	240
318503	241
318503	243
318503	245
318503	248
318503	252
318503	256
318503	257
318503	258
318503	262
318503	265
318503	266
318503	268
318503	269
318503	272
318503	273
318503	276
318503	277
318503	282
318503	283
318503	284
318503	285
318503	286
318503	288
318503	294
318503	295
318503	301
318503	303
318503	306
318503	310
318503	312
318503	317
318503	331
318503	333
318503	334
318503	349
318503	350
318503	353
318503	356
318503	364
318503	383
318503	421
318503	433
318503	445
318518	256
318518	258
318518	282
318518	284
318518	295
318518	318
318518	336
318518	341
318518	362
318518	367
318518	383
318518	393
318518	406
318518	419
318518	425
318993	167
318993	185
318993	191
318993	195
318993	196
318993	197
318993	202
318993	204
318993	207
318993	211
318993	215
318993	216
318993	219
318993	220
318993	221
318993	224
318993	226
318993	227
318993	232
318993	233
318993	235
318993	237
318993	238
318993	239
318993	242
318993	247
318993	248
318993	252
318993	253
318993	256
318993	261
318993	269
318993	270
318993	280
318993	282
318993	284
318993	286
318993	287
318993	288
318993	293
318993	294
318993	296
318993	301
318993	302
318993	307
318993	316
318993	321
318993	326
318993	327
318993	344
318993	350
318993	352
318993	353
318993	355
318993	403
318993	421
318993	433
318993	493
319194	799
319194	261
319194	295
320537	137
320537	140
320537	143
320537	146
320537	147
320537	149
320537	150
320537	151
320537	154
320537	156
320537	157
320537	161
320537	162
320537	165
320537	166
320537	167
320537	170
320537	171
320537	172
320537	173
320537	174
320537	175
320537	176
320537	178
320537	179
320537	180
320537	181
320537	182
320537	188
320537	191
320537	192
320537	193
320537	198
320537	202
320537	205
320537	206
320537	207
320537	210
320537	213
320537	217
320537	218
320537	221
320537	222
320537	223
320537	231
320537	236
320537	248
321036	167
321036	169
321036	172
321036	179
321036	202
321036	257
321036	258
321036	264
321036	279
321036	282
321036	288
321036	295
321235	167
321235	169
321235	171
321235	172
321235	179
321235	185
321235	190
321235	196
321235	217
321235	221
321235	236
321235	239
321235	251
321235	256
321235	257
321235	260
321235	264
321235	273
321235	282
321235	288
321235	294
321235	295
321346	176
321346	185
321346	204
321346	242
321346	297
321348	167
321348	169
321348	172
321348	189
321348	199
321348	202
321348	214
321348	221
321348	223
321348	241
321348	257
321348	260
321348	264
321348	282
321348	288
321348	352
321491	188
321491	208
321491	241
321491	242
321491	247
321491	251
321491	256
321491	259
321491	266
321491	290
321491	294
321491	295
321491	333
322216	124
322216	191
322216	196
322216	201
322216	206
322216	211
322216	212
322216	214
322216	218
322216	220
322216	222
322216	228
322216	229
322216	231
322216	235
322216	236
322216	239
322216	244
322216	245
322216	248
322216	264
322216	267
322216	276
322216	279
322216	305
322216	308
322216	312
322216	317
322216	322
322216	331
322465	161
322465	162
322465	166
322465	167
322465	168
322465	176
322465	179
322465	184
322465	185
322465	192
322465	217
322465	239
322465	257
322465	269
322531	131
322531	134
322531	136
322531	138
322531	140
322531	141
322531	142
322531	150
322531	165
322531	166
322531	170
322531	173
322531	179
322531	181
322531	182
322531	183
322531	187
322531	191
322531	193
322531	195
322531	197
322531	198
322531	200
322531	201
322531	208
322531	209
322531	210
322531	211
322531	219
322531	225
322531	226
322531	236
322531	241
322531	248
322531	249
322531	251
322531	253
322531	261
322531	266
322531	285
322531	294
322531	295
322531	298
322531	300
322531	303
322531	308
324280	273
325823	179
325823	196
325823	202
325823	239
325823	295
325823	425
326002	196
326002	256
326002	284
326002	341
326768	179
326768	207
326768	208
326768	216
326768	239
326768	256
326768	266
326768	293
326768	294
326768	300
326768	357
326915	179
326915	208
326915	284
327130	147
327130	159
327130	167
327130	169
327130	171
327130	172
327130	176
327130	179
327130	182
327130	185
327130	187
327130	190
327130	191
327130	192
327130	195
327130	196
327130	199
327130	204
327130	207
327130	211
327130	214
327130	215
327130	220
327130	221
327130	222
327130	223
327130	224
327130	225
327130	226
327130	229
327130	230
327130	233
327130	236
327130	237
327130	238
327130	239
327130	240
327130	241
327130	243
327130	245
327130	247
327130	248
327130	253
327130	255
327130	258
327130	259
327130	260
327130	261
327130	262
327130	264
327130	269
327130	271
327130	275
327130	276
327130	281
327130	283
327130	286
327130	288
327130	294
327130	295
327130	297
327130	298
327130	300
327130	301
327130	306
327130	319
327130	326
327130	357
327130	364
327130	400
327130	421
327130	433
327999	196
327999	224
327999	256
327999	286
329126	178
329126	274
329126	306
329126	375
329126	384
330387	207
330387	238
330387	239
330387	248
330387	256
330387	265
330387	275
330387	277
330387	284
330387	294
330387	297
330387	379
330407	159
330407	167
330407	169
330407	172
330407	175
330407	178
330407	179
330407	183
330407	185
330407	189
330407	191
330407	195
330407	196
330407	211
330407	213
330407	218
330407	221
330407	224
330407	225
330407	234
330407	237
330407	238
330407	240
330407	245
330407	248
330407	257
330407	261
330407	264
330407	276
330407	288
330407	290
330407	295
330407	331
330407	400
330407	432
332101	167
332101	172
332101	179
332101	202
332101	257
332101	264
332101	284
332101	288
332101	356
332204	185
332204	214
332204	235
332204	239
332204	256
332204	282
332204	284
332204	332
332204	356
332346	129
332346	172
332346	193
332346	197
332346	205
332346	215
332346	217
332346	218
332346	220
332346	227
332346	234
332346	235
332346	239
332346	240
332346	241
332346	243
332346	244
332346	249
332346	253
332346	257
332346	264
332346	265
332346	267
332346	274
332346	283
332346	317
334571	159
334571	167
334571	196
334571	204
334571	208
334571	226
334571	251
334571	256
334571	258
334571	266
334571	282
334571	284
334571	294
334571	341
334571	509
334705	202
334705	240
334705	256
334705	257
334705	258
334705	264
334705	265
334705	267
334705	284
334998	179
334998	185
334998	187
334998	198
334998	208
334998	224
334998	241
334998	258
334998	270
334998	282
334998	284
334998	285
334998	307
334998	314
334998	318
334998	325
334998	339
334998	425
