1750	2192
1750	2233
1791	2293
1791	2339
2068	2166
2068	2170
2068	2183
2068	2185
2068	2214
2068	2215
2068	2216
2068	2221
2068	2243
2068	2245
2068	2246
2068	2253
2068	2266
2068	2294
3306	2177
3306	2202
3306	2243
3651	2221
3651	2226
3651	2240
3651	2248
3651	2249
3651	2254
3651	2263
3651	2265
3651	2286
3651	2293
3651	2339
3892	2165
3892	2180
3892	2183
3892	2185
3892	2187
3892	2195
3892	2200
3892	2203
3892	2205
3892	2212
3892	2223
3892	2236
3892	2266
4805	2165
4805	2170
4805	2181
4805	2186
4805	2195
4805	2208
4805	2216
4805	2245
4966	2217
4966	2294
6237	2177
6237	2215
6237	2221
6237	2223
6237	2241
6237	2254
6237	2265
6648	2165
6648	2170
6648	2183
6648	2187
6648	2192
6648	2193
6648	2200
6648	2202
6648	2221
6648	2245
6648	2276
6690	2165
6690	2170
6690	2179
6690	2180
6690	2181
6690	2185
6690	2191
6690	2199
6690	2202
6690	2213
6690	2214
6690	2223
6690	2245
6690	2246
6690	2281
6690	2301
6935	2215
6935	2241
6935	2249
6935	2254
6935	2304
6935	2306
6935	2312
6935	2326
6935	2363
6935	2377
6935	2386
6935	2410
6935	2422
6935	2574
7146	2227
7146	2249
7146	2254
7146	2266
7490	2215
7490	2272
7490	2274
7784	2139
7784	2144
7784	2145
7784	2146
7784	2149
7784	2152
7784	2160
7784	2161
7808	2215
7808	2217
7808	2222
7808	2223
7808	2231
7808	2240
7808	2241
7808	2242
7808	2243
7808	2249
7808	2252
7808	2253
7808	2266
7808	2274
7808	2287
7808	2291
7808	2294
7886	2192
7886	2205
7886	2212
7886	2213
7886	2215
7886	2217
7886	2218
7886	2220
7886	2221
7886	2223
7886	2227
7886	2228
7886	2231
7886	2233
7886	2241
7886	2245
7886	2249
7886	2252
7886	2253
7886	2254
7886	2274
7886	2276
7886	2279
7886	2281
9386	2134
9386	2135
9386	2136
9386	2138
9386	2143
9386	2144
9386	2146
9386	2147
9386	2148
9386	2151
9386	2152
9386	2156
9386	2160
9386	2161
9386	2163
9386	2167
9386	2171
9386	2173
9386	2176
9386	2177
9386	2178
9386	2180
9386	2182
9386	2185
9386	2186
9386	2187
9386	2193
9386	2195
9386	2197
9386	2198
9386	2199
9386	2201
9386	2204
9386	2205
9919	2211
9919	2217
9919	2222
9919	2231
9919	2233
9919	2274
10031	2154
10031	2165
10031	2174
10031	2177
10031	2180
10031	2183
10031	2192
10031	2215
10223	2141
10223	2143
10223	2145
10223	2148
10223	2152
10223	2154
10223	2156
10223	2160
10223	2161
10223	2163
10223	2167
10223	2171
10223	2176
10223	2182
10223	2186
10223	2188
10223	2189
10223	2195
10223	2196
10223	2199
10223	2204
10223	2205
10223	2230
10223	2240
10223	2241
10223	2247
10223	2258
10223	2269
10223	2271
10223	2459
10223	2576
10223	2796
10223	2827
10223	2837
10252	2215
10252	2217
10252	2221
10252	2222
10252	2227
10252	2230
10252	2233
10252	2236
10252	2241
10252	2243
10252	2252
10252	2254
10252	2273
10252	2282
10252	2287
10252	2290
11945	2263
11945	2274
11945	2296
12604	2166
12604	2196
12604	2202
12604	2212
12604	2217
12604	2221
12604	2226
12604	2233
12604	2241
12604	2286
12604	2306
13361	2165
13361	2174
13361	2181
13361	2183
13361	2187
13361	2192
13361	2198
13361	2215
13361	2217
13361	2233
13361	2236
13361	2379
15947	2202
15947	2245
15947	2304
16033	2183
16033	2217
16033	2222
16033	2225
16033	2254
16339	2138
16339	2147
16339	2156
16339	2161
16339	2174
16339	2177
16339	2180
16339	2190
16339	2201
16339	2279
16385	2165
16385	2183
16385	2185
16385	2192
16385	2205
16385	2217
16385	2225
16385	2241
16385	2242
16385	2243
16385	2254
17064	2174
17064	2193
17064	2202
17064	2214
17064	2219
17064	2221
18825	2170
18825	2183
18825	2221
18825	2245
18825	2251
19141	2165
19141	2183
19141	2192
19141	2207
19141	2215
19141	2249
19141	2253
19141	2256
19141	2312
20447	2217
20447	2218
20447	2221
20447	2227
20447	2231
20447	2236
20447	2240
20447	2241
20447	2243
20447	2244
20447	2248
20447	2249
20447	2252
20447	2256
20447	2268
20447	2294
20447	2304
20447	2312
20447	2321
20447	2326
20447	2329
20447	2335
20447	2346
20447	2385
23192	2223
23192	2263
24134	2154
24134	2179
24134	2180
24134	2183
24134	2185
24134	2186
24134	2195
24134	2198
24134	2203
24134	2204
24134	2212
24134	2215
24134	2223
24134	2240
24134	2241
24134	2242
24134	2245
24134	2254
24134	2258
24134	2276
24217	2213
24217	2214
24371	2153
24371	2154
24371	2166
24371	2170
24371	2177
24371	2178
24371	2179
24371	2180
24371	2192
24371	2193
24371	2200
24371	2202
24371	2204
24371	2207
24371	2209
24371	2211
24371	2212
24371	2214
24371	2216
24371	2218
24371	2219
24371	2221
24371	2225
24371	2228
24371	2235
24371	2245
24371	2246
24371	2247
24371	2253
24371	2263
24371	2276
24371	2294
26712	2210
26712	2237
26712	2240
26712	2242
26712	2273
27321	2153
27321	2166
27321	2180
27321	2182
27321	2243
27501	2165
27501	2171
27501	2185
27501	2236
29255	2133
29255	2135
29255	2136
29255	2138
29255	2139
29255	2140
29255	2141
29255	2143
29255	2144
29255	2145
29255	2146
29255	2147
29255	2148
29255	2149
29255	2151
29255	2152
29255	2153
29255	2154
29255	2155
29255	2156
29255	2158
29255	2159
29255	2160
29255	2161
29255	2163
29255	2165
29255	2166
29255	2167
29255	2170
29255	2171
29255	2173
29255	2174
29255	2176
29255	2178
29255	2180
29255	2181
29255	2182
29255	2183
29255	2185
29255	2186
29255	2187
29255	2188
29255	2189
29255	2190
29255	2191
29255	2192
29255	2193
29255	2195
29255	2196
29255	2198
29255	2199
29255	2200
29255	2201
29255	2203
29255	2204
29255	2206
29255	2208
29255	2210
29255	2215
29255	2216
29255	2217
29255	2226
29255	2228
29255	2233
29255	2236
29255	2251
29255	2267
29255	2273
29255	2274
29255	2276
29778	2185
29778	2205
29778	2215
29778	2240
29778	2241
29778	2242
29778	2243
29778	2249
29778	2252
29778	2253
29778	2254
29778	2266
29778	2268
29778	2291
29778	2312
29778	2326
30733	2212
30733	2215
30733	2221
30733	2239
30733	2246
30733	2247
33540	2154
33540	2165
33540	2178
33540	2179
33540	2186
33540	2191
33540	2215
33540	2221
33540	2227
33540	2294
34154	2177
34154	2192
34611	2192
34611	2213
34611	2214
34611	2221
34611	2224
34611	2230
34611	2243
34611	2274
35478	2136
35478	2139
35478	2140
35478	2143
35478	2145
35478	2146
35478	2150
35478	2152
35478	2156
35478	2173
35478	2176
35478	2178
35478	2182
35478	2183
35478	2186
35478	2187
35478	2188
35478	2196
35478	2199
35478	2201
35478	2205
35478	2206
35478	2207
35478	2208
35478	2212
35478	2217
35478	2218
35478	2222
35478	2223
35478	2224
35713	2174
35713	2180
35713	2181
35713	2185
35713	2192
35713	2205
35713	2241
35713	2243
35713	2248
35713	2266
35966	2165
35966	2179
35966	2192
35966	2198
35966	2221
35966	2248
35966	2253
35966	2265
35966	2276
36790	2165
36790	2177
36790	2192
36790	2215
36790	2242
36790	2276
36790	2294
37043	2156
37043	2165
37043	2166
37043	2176
37043	2177
37043	2191
37043	2192
37043	2195
37043	2202
37043	2218
37043	2232
37043	2245
38013	2156
38479	2163
38479	2167
38479	2170
38479	2171
38479	2173
38479	2177
38479	2178
38479	2179
38479	2181
38479	2188
38479	2189
38479	2190
38479	2191
38479	2192
38479	2195
38479	2196
38479	2198
38479	2199
38479	2200
38479	2201
38479	2202
38479	2203
38479	2208
38479	2209
38479	2210
38479	2212
38479	2213
38479	2214
38479	2216
38479	2218
38479	2221
38479	2226
38479	2228
38479	2230
38479	2232
38479	2234
38479	2235
38479	2236
38479	2243
38479	2245
38479	2246
38479	2247
38479	2248
38479	2250
38479	2251
38479	2258
38479	2272
38479	2276
38479	2279
38479	2281
38479	2294
39142	2181
39142	2192
39142	2215
39142	2227
39142	2233
39142	2235
39142	2240
39142	2245
39142	2252
39142	2254
39142	2276
39142	2326
39275	2153
39275	2154
39275	2170
39275	2180
39275	2181
39275	2224
39275	2229
39275	2239
39275	2245
39275	2246
39275	2294
40242	2142
40242	2164
40242	2173
40242	2180
40242	2229
40242	2245
40242	2294
40556	2187
40556	2215
40556	2226
40556	2254
40963	2185
40963	2205
40963	2215
40963	2217
40963	2221
40963	2222
40963	2236
40963	2243
40963	2248
40963	2294
43096	2185
43096	2192
43096	2205
43096	2215
43096	2363
43362	2133
43362	2134
43362	2135
43362	2136
43362	2139
43362	2140
43362	2141
43362	2142
43362	2143
43362	2144
43362	2145
43362	2146
43362	2147
43362	2148
43362	2149
43362	2160
43362	2161
43362	2163
43362	2164
43362	2167
43362	2171
43362	2173
43362	2174
43362	2177
43362	2178
43362	2180
43362	2182
43362	2183
43362	2185
43362	2186
43362	2187
43362	2188
43362	2190
43362	2191
43362	2193
43362	2195
43362	2196
43362	2197
43362	2198
43362	2199
43362	2200
43362	2203
43362	2204
43362	2205
43362	2206
43362	2207
43362	2208
43362	2210
43362	2212
43362	2213
43362	2215
43362	2216
43362	2217
43362	2218
43362	2219
43362	2221
43362	2222
43362	2223
43362	2224
43362	2227
43362	2229
43362	2230
43362	2231
43362	2232
43362	2233
43362	2234
43362	2236
43362	2238
43362	2239
43362	2294
48570	2221
48570	2233
48570	2253
49279	2153
49279	2166
49279	2170
49279	2179
49279	2180
49279	2181
49279	2198
49279	2202
49279	2209
49279	2214
49279	2253
49279	2263
49279	2276
49279	2281
49279	2294
49508	2207
49508	2209
49508	2213
49508	2214
49508	2218
49508	2226
49508	2228
49508	2229
49508	2234
49508	2245
49508	2246
49508	2254
49508	2265
49508	2272
49508	2274
49508	2279
49508	2283
49508	2291
49508	2294
49508	2316
49763	2218
49763	2226
49763	2239
49939	2138
49939	2140
49939	2141
49939	2144
49939	2146
50354	2180
50354	2183
50354	2186
50354	2187
50354	2188
50354	2191
50354	2193
50354	2195
50354	2199
50354	2204
50354	2205
50354	2208
50354	2210
50354	2212
50354	2215
50354	2217
50714	2235
51394	2215
51394	2223
51394	2233
51394	2241
51394	2252
51394	2254
51394	2266
51394	2268
51394	2283
51394	2294
51394	2312
51394	2326
51408	2170
51408	2177
51408	2215
51408	2221
51408	2223
51408	2225
51408	2245
51408	2246
51566	2154
51566	2170
51566	2177
51566	2179
51566	2180
51566	2183
51566	2185
51566	2192
51566	2199
51566	2210
51566	2215
51566	2220
51566	2225
51566	2232
51566	2234
51566	2240
51566	2241
51566	2245
51581	2217
51581	2223
51581	2227
51581	2232
51581	2239
51581	2294
51581	2339
54970	2170
54970	2192
54970	2196
54970	2213
54970	2220
54970	2221
54970	2225
54970	2227
54970	2235
54970	2236
54970	2240
54970	2241
54970	2245
54970	2246
54970	2276
54970	2279
54970	2281
55063	2173
55063	2177
55063	2179
55063	2182
55063	2187
55063	2191
55063	2192
55063	2200
55063	2202
55063	2208
55063	2209
55063	2210
55063	2212
55063	2213
55063	2214
55063	2215
55063	2216
55063	2224
55063	2232
55063	2234
55063	2235
55063	2245
55063	2246
55063	2253
55063	2258
55063	2272
55063	2279
55063	2289
55063	2301
55063	2316
55401	2153
55401	2166
55401	2177
55401	2185
55401	2186
55401	2202
55401	2205
55401	2207
55401	2209
55401	2217
55401	2236
55401	2263
55634	2165
55634	2183
55634	2192
55634	2195
55634	2198
55634	2254
55828	2192
55828	2212
55828	2226
55828	2243
55828	2253
55828	2266
56783	2166
56783	2209
57311	2132
57311	2133
57311	2134
57311	2136
57311	2138
57311	2139
57311	2140
57311	2141
57311	2142
57311	2143
57311	2144
57311	2145
57311	2146
57311	2147
57311	2148
57311	2149
57311	2160
57311	2161
57311	2167
57311	2171
57311	2173
57311	2177
57311	2178
57311	2179
57311	2180
57311	2181
57311	2182
57311	2183
57311	2184
57311	2185
57311	2186
57311	2187
57311	2188
57311	2189
57311	2190
57311	2191
57311	2192
57311	2193
57311	2194
57311	2195
57311	2196
57311	2197
57311	2198
57311	2199
57311	2200
57311	2207
57311	2212
57311	2221
57311	2222
57311	2223
58236	2183
58236	2215
58236	2266
58236	2276
59154	2165
59154	2177
59154	2215
59154	2241
59154	2249
59154	2254
59154	2276
59154	2305
59266	2165
59266	2170
59266	2177
59266	2183
59266	2192
59266	2215
59266	2240
59266	2241
59266	2249
59266	2254
59266	2305
59266	2306
59266	2312
59266	2326
59323	2177
59323	2183
59323	2192
59323	2195
59323	2198
59323	2266
59733	2154
59733	2170
59733	2177
59733	2180
59733	2183
59733	2185
59733	2205
59733	2215
59733	2232
59733	2236
59733	2237
59733	2247
59733	2250
60244	2215
60244	2241
60244	2249
60244	2253
60244	2254
60244	2268
60244	2312
60244	2318
60244	2326
60597	2180
60597	2181
60597	2183
60597	2192
60597	2198
60597	2215
60597	2240
60597	2241
60597	2267
60597	2276
60986	2217
60986	2231
60986	2233
60986	2240
60986	2241
60986	2249
60986	2262
60986	2274
60986	2290
60986	2326
61760	2180
61892	2192
61892	2196
61892	2199
62161	2166
62161	2167
62161	2168
62161	2179
62161	2202
62161	2209
62161	2214
62161	2218
62161	2224
62161	2294
62341	2179
62341	2183
62341	2187
62341	2202
62341	2209
62341	2212
62341	2215
62341	2217
62341	2218
62341	2220
62341	2221
62341	2222
62341	2228
62341	2232
62341	2251
62341	2253
62341	2263
62341	2266
62341	2274
63772	2216
64080	2202
64080	2215
64080	2224
64080	2239
64080	2241
64080	2245
64080	2249
64080	2285
64080	2294
64080	2312
64829	2165
64829	2192
64829	2195
64829	2207
64829	2218
64829	2225
64829	2230
64829	2312
65398	2145
65398	2146
65398	2149
65398	2151
65398	2152
65398	2163
65398	2191
65398	2198
65398	2199
65398	2200
65398	2201
65398	2203
66068	2165
66068	2178
66068	2180
66068	2183
66068	2253
66068	2294
67353	2170
67353	2183
67353	2196
67353	2199
67353	2200
67353	2225
67353	2226
67353	2276
67461	2177
67461	2179
67461	2183
67461	2185
67461	2191
67461	2192
67461	2196
67461	2200
67461	2202
67461	2205
67461	2209
67461	2210
67461	2212
67461	2213
67461	2214
67461	2215
67461	2216
67461	2218
67461	2220
67461	2221
67461	2223
67461	2230
67461	2231
67461	2232
67461	2233
67461	2234
67461	2235
67461	2236
67461	2239
67461	2240
67461	2241
67461	2242
67461	2243
67461	2245
67461	2247
67461	2250
67461	2251
67461	2252
67461	2253
67461	2254
67461	2258
67461	2263
67461	2266
67461	2276
67461	2283
67461	2289
67461	2294
67461	2297
67976	2185
67976	2192
67976	2242
67976	2263
67976	2276
69326	2183
69326	2213
69326	2230
69326	2239
69326	2258
69326	2266
69367	2180
70527	2174
70527	2177
70527	2192
70527	2195
70527	2205
70527	2215
70527	2217
70527	2220
70527	2221
70527	2227
70527	2232
70527	2233
70527	2243
70527	2248
70527	2249
70527	2271
70527	2283
70725	2182
70725	2183
70725	2185
70725	2191
70725	2199
70725	2212
70725	2213
70725	2221
70725	2222
70725	2240
70725	2246
70725	2248
70725	2281
70725	2287
74146	2153
74146	2162
74146	2166
74146	2167
74146	2168
74146	2169
74146	2175
74146	2184
74146	2202
74146	2209
74146	2214
74146	2219
74146	2232
74146	2274
74146	2316
74489	2186
74489	2187
74489	2188
74489	2193
74489	2217
74489	2219
74489	2221
74489	2223
74489	2233
74489	2245
74489	2301
75277	2177
75277	2183
75277	2192
75277	2218
75277	2228
75277	2247
75729	2140
75729	2145
75729	2152
75729	2165
75729	2166
75729	2185
75729	2187
75729	2188
75729	2193
75729	2195
75729	2198
75729	2203
75729	2205
75729	2211
75729	2213
75729	2220
75729	2228
75729	2244
75729	2247
75729	2248
75729	2250
75729	2251
75729	2263
76710	2138
76710	2151
76710	2156
76710	2163
76710	2173
76710	2186
76710	2189
76710	2196
76710	2207
76710	2210
76770	2177
76770	2180
76770	2183
76770	2192
76770	2193
76770	2215
76770	2218
76770	2222
76770	2225
76770	2235
76770	2240
76770	2241
76770	2242
76770	2244
76770	2249
76770	2251
76770	2253
76770	2254
76770	2266
76770	2268
76770	2276
76770	2312
76770	2326
76903	2163
76903	2164
76903	2171
76903	2176
76903	2179
76903	2183
76903	2192
76903	2195
76903	2200
76903	2203
76903	2214
76903	2215
76903	2222
76903	2233
76903	2239
76903	2245
76903	2266
76903	2276
76903	2290
77722	2149
77722	2152
77722	2173
77722	2176
77722	2180
77722	2187
77722	2190
77722	2191
77722	2199
77722	2200
77722	2201
77722	2205
77735	2182
77735	2270
77735	2390
79123	2177
79123	2192
79123	2215
79123	2233
79123	2241
79123	2242
79123	2246
79123	2249
79123	2251
79123	2258
79123	2312
79123	3056
80640	2165
80640	2178
80640	2195
83962	2154
83962	2178
83962	2180
83962	2198
83962	2210
83962	2217
83962	2219
83962	2225
83962	2247
83962	2301
84151	2215
84151	2218
84151	2254
84151	2312
85202	2150
85202	2182
85202	2246
85202	2250
86243	2165
86243	2174
86243	2198
86243	2206
86243	2243
86243	2266
86809	2165
86809	2185
86809	2192
86809	2202
86809	2217
86809	2294
87923	2153
87923	2165
87923	2166
87923	2170
87923	2177
87923	2183
87923	2185
87923	2192
87923	2195
87923	2207
87923	2209
87923	2215
87923	2240
87923	2241
89465	2177
89465	2192
89465	2218
89465	2226
89465	2266
89465	2276
90015	2178
90015	2185
90015	2186
90015	2187
90015	2188
90015	2191
90015	2198
90015	2205
90015	2211
90015	2216
90015	2217
90015	2219
90015	2234
90015	2244
90015	2248
90015	2251
90015	2263
90015	2279
92675	2153
92675	2187
92675	2209
92675	2214
92675	2246
94173	2185
94173	2205
94173	2222
94528	2221
94528	2253
94528	2266
95924	2213
95924	2245
95924	2265
95924	2291
95947	2192
95947	2233
95947	2240
95947	2241
95947	2252
95947	2254
95947	2312
96523	2148
96523	2151
96523	2163
96523	2167
96523	2171
96523	2186
96523	2201
96523	2202
96523	2204
96523	2205
96523	2206
96523	2208
96523	2219
96523	2221
96523	2222
96523	2224
96523	2266
96523	2315
96523	2323
96523	2338
96523	2365
96523	2415
96523	2495
96523	2571
96523	2579
97254	2249
98300	2183
98300	2215
98300	2223
99994	2154
99994	2178
99994	2183
99994	2185
99994	2189
99994	2213
99994	2215
99994	2220
99994	2222
99994	2226
99994	2227
99994	2230
99994	2248
101035	2163
101035	2174
101035	2186
101035	2195
101035	2207
102218	2179
102218	2294
102218	2407
102431	2153
102431	2155
102431	2157
102431	2160
102431	2162
102431	2166
102431	2167
102431	2168
102431	2169
102431	2171
102431	2172
102431	2173
102431	2174
102431	2175
102431	2177
102431	2184
102431	2189
102431	2192
102431	2196
102431	2199
102431	2202
102431	2209
102431	2214
102431	2219
102431	2232
102431	2235
102431	2246
102431	2250
102431	2251
102431	2263
103576	2242
103576	2266
103576	2286
106844	2212
106844	2215
106844	2216
106844	2221
106844	2241
106844	2245
106844	2246
106844	2248
106844	2250
106844	2264
106844	2283
107086	2165
107086	2195
107086	2224
107086	2294
107155	2177
107155	2251
110238	2153
110238	2162
110238	2167
110238	2168
110238	2175
110238	2226
110238	2232
110238	2234
110238	2263
110238	2317
110238	2354
110510	2140
110545	2185
110545	2217
110545	2294
111058	2215
111058	2223
111058	2241
111058	2252
111058	2254
111058	2326
111290	2139
111290	2143
111290	2144
111290	2149
111290	2150
111290	2156
111290	2160
111290	2161
111290	2173
111290	2179
111290	2180
111290	2182
111290	2185
111290	2187
111290	2188
111290	2189
111290	2196
111290	2198
111290	2199
111290	2201
111290	2205
111290	2206
111290	2207
112430	2183
112430	2192
112430	2213
112430	2215
112430	2218
112430	2226
112430	2235
112430	2239
112430	2240
112430	2241
112430	2243
112430	2245
112430	2253
112430	2254
112430	2266
112430	2267
112430	2276
112430	2932
113007	2177
113007	2183
113007	2192
113007	2195
113007	2198
113007	2217
113007	2227
113007	2233
113007	2240
113173	2192
113173	2205
113173	2206
113173	2248
113173	2251
113173	2276
113173	2315
113217	2139
113217	2140
113217	2143
113217	2144
113217	2145
113217	2146
113217	2147
113217	2148
113217	2149
113217	2150
113217	2156
113217	2160
113217	2161
113217	2163
113217	2167
113217	2171
113217	2173
113217	2174
113217	2176
113217	2177
113217	2178
113217	2179
113217	2182
113217	2183
113217	2187
113217	2188
113217	2189
113217	2191
113217	2193
113217	2196
113217	2197
113217	2199
113217	2201
113217	2204
113217	2205
113217	2206
113217	2207
113217	2208
113217	2210
113217	2211
113217	2212
113217	2213
113217	2216
113217	2219
113217	2220
113217	2221
113217	2222
113217	2223
113217	2226
113217	2228
113217	2233
113217	2235
113217	2247
113217	2251
113217	2272
113217	2274
113217	2276
113217	2279
113217	2281
113217	2289
113217	2294
113217	2301
114161	2154
114161	2185
114161	2198
114161	2203
114161	2204
114161	2217
114161	2222
114908	2178
114908	2191
114908	2192
114908	2200
114908	2205
114908	2215
114908	2223
114908	2235
114908	2236
114908	2239
114908	2248
114908	2251
114908	2266
116322	2183
116322	2192
116322	2218
116322	2221
116322	2243
118125	2246
118125	2283
118320	2215
118320	2217
118320	2218
118320	2249
118320	2293
118476	2215
118476	2219
118476	2240
118476	2241
118476	2247
118522	2173
118522	2183
118522	2185
118522	2192
118522	2206
118522	2215
118522	2217
118522	2218
118522	2221
118522	2222
118522	2224
118522	2226
118522	2227
118522	2230
118522	2231
118522	2232
118522	2233
118522	2234
118522	2236
118522	2237
118522	2240
118522	2243
118522	2244
118522	2246
118522	2248
118522	2258
118522	2263
118522	2274
118522	2276
118522	2294
121103	2162
121103	2163
121103	2171
121103	2177
121103	2197
121103	2199
121103	2200
121103	2204
121103	2207
121103	2212
121103	2218
121103	2221
121103	2225
121103	2242
121103	2253
121103	2266
121103	2276
124345	2217
126485	2210
126485	2215
126485	2218
126485	2223
126485	2226
126485	2240
126485	2241
126485	2247
126485	2249
126485	2253
126485	2254
126485	2263
126485	2281
126485	2291
126485	2308
126606	2152
126606	2192
126606	2195
126623	2202
126623	2218
126623	2219
126623	2224
126623	2246
127739	2165
127739	2178
127739	2180
127739	2192
127739	2218
127739	2221
127739	2236
127771	2161
127771	2185
127771	2187
127771	2191
127771	2198
127771	2213
127771	2215
127771	2221
127771	2244
127771	2248
127771	2251
127771	2260
127771	2263
129511	2143
129511	2144
129511	2145
129511	2146
129511	2149
129511	2156
129511	2160
129511	2163
129511	2170
129511	2178
129511	2185
129511	2186
129511	2188
129511	2190
129511	2191
129511	2193
129511	2198
129511	2200
129511	2205
129511	2206
129511	2221
129511	2242
130091	2165
130091	2178
130091	2183
130091	2187
130091	2192
130091	2195
130091	2198
130091	2200
130091	2203
130091	2215
130091	2226
130091	2276
130099	2186
130099	2192
130099	2196
130099	2276
130316	2157
130316	2174
130316	2180
130316	2181
130316	2182
130316	2187
130316	2191
130316	2193
130316	2195
130316	2205
130316	2207
130316	2210
130316	2214
130316	2220
130316	2224
130316	2245
130316	2246
130316	2258
130316	2271
130316	2281
130316	2301
130316	2635
130838	2145
131285	2177
131285	2192
131285	2225
131285	2276
131285	2301
131532	2170
131532	2192
131594	2179
131594	2215
131594	2225
131594	2294
132423	2141
132423	2151
132423	2152
132423	2154
132423	2156
132423	2160
132423	2161
132423	2163
132423	2167
132423	2171
132423	2174
132423	2176
132423	2177
132423	2178
132423	2180
132423	2183
132423	2185
132423	2186
132423	2187
132423	2188
132423	2193
132423	2195
132423	2198
132423	2205
132423	2207
132423	2208
132423	2212
132423	2213
132423	2216
132423	2217
132423	2218
132423	2222
132423	2223
132423	2227
132423	2230
132423	2231
132423	2236
132423	2240
132740	2154
132740	2165
132740	2170
132740	2177
132740	2178
132740	2180
132740	2181
132740	2182
132740	2183
132740	2192
132740	2193
132740	2196
132740	2203
132740	2208
132740	2219
132740	2220
132740	2221
132740	2222
132740	2223
132740	2227
132740	2231
132740	2233
132740	2239
132740	2243
132740	2244
132740	2247
132740	2248
132740	2266
132740	2276
132740	2281
132740	2294
133195	2165
133195	2170
133195	2193
133195	2196
133195	2199
133195	2200
133195	2203
133195	2215
133195	2220
133195	2233
133195	2281
133378	2141
133378	2142
133378	2145
133378	2146
133378	2147
133378	2149
133378	2150
133378	2151
133378	2152
133378	2156
133378	2157
133378	2158
133378	2159
133378	2160
133378	2161
133378	2164
133378	2171
133378	2173
133378	2174
133378	2176
133378	2177
133378	2178
133378	2179
133378	2180
133378	2181
133378	2182
133378	2185
133378	2186
133378	2187
133378	2188
133378	2190
133378	2191
133378	2193
133378	2195
133378	2196
133378	2197
133378	2198
133378	2199
133378	2200
133378	2202
133378	2203
133378	2204
133378	2205
133378	2207
133378	2210
133378	2211
133378	2219
133378	2221
133378	2234
133378	2235
133378	2245
133512	2202
133512	2215
133512	2252
133512	2326
133746	2141
133746	2144
133746	2145
133746	2147
133746	2152
133788	2215
133788	2239
133788	2241
133788	2249
133788	2254
133788	2276
133788	2312
133788	2326
136252	2192
136252	2236
136252	2266
136953	2156
136953	2158
136953	2160
136953	2161
136953	2167
136953	2171
136953	2173
136953	2177
136953	2178
136953	2179
136953	2188
136953	2193
136953	2195
136953	2196
136953	2199
136953	2200
136953	2204
136953	2205
136953	2206
136953	2208
136953	2209
136953	2213
136953	2216
136953	2218
136953	2228
136953	2230
136953	2234
136953	2236
136953	2272
136953	3082
137467	2217
137467	2220
137467	2236
137467	2239
137467	2242
137467	2249
137467	2254
137467	2281
137467	2286
137467	2312
137467	2326
137504	2205
137504	2240
137504	2241
137504	2254
138950	2153
138950	2169
138950	2177
138950	2192
138950	2202
138950	2205
138950	2208
138950	2209
138950	2214
138950	2218
138950	2221
138950	2240
138950	2241
138950	2246
138950	2252
138950	2257
138950	2263
139033	2177
139033	2215
139033	2221
139033	2235
139033	2236
139033	2241
139033	2242
139033	2249
139650	2215
139650	2266
141168	2158
141168	2163
141168	2177
141168	2179
141168	2192
141168	2194
141168	2215
141168	2244
144296	2134
144296	2138
144296	2146
144296	2151
144296	2152
144296	2156
144296	2158
144296	2160
144296	2161
144296	2178
144296	2180
144296	2187
144296	2188
144296	2189
144296	2191
144296	2192
144296	2203
144296	2206
144296	2207
144296	2208
144296	2209
144296	2216
144296	2217
144459	2166
144459	2167
144459	2219
144459	2232
144913	2165
144913	2170
144913	2181
144913	2208
144913	2213
144913	2279
144913	2281
145460	2165
145460	2177
145460	2185
145460	2233
145460	2241
145460	2249
145460	2252
147848	2184
147848	2191
147848	2215
147848	2242
147848	2249
147848	2250
147939	2170
147939	2198
147939	2241
148237	2177
148237	2218
148237	2241
148237	2254
148293	2157
148293	2160
148293	2161
149516	2153
149516	2166
149516	2170
149516	2180
149516	2230
151016	2209
151685	2141
151685	2143
151685	2146
151685	2152
151685	2153
151685	2154
151685	2163
151685	2166
151685	2178
151685	2180
151685	2186
151685	2188
151685	2193
151685	2199
151685	2203
151685	2205
151685	2219
152331	2145
152331	2146
152331	2147
152331	2148
152331	2156
152331	2167
152331	2171
152331	2174
152331	2186
152331	2187
152331	2188
152331	2211
152331	2226
152331	2228
152331	2251
154558	2139
154558	2140
154558	2143
154558	2144
154558	2146
154558	2151
154558	2156
154558	2178
154558	2183
154558	2185
154558	2187
154558	2188
154558	2189
154558	2191
154558	2196
154558	2197
154558	2198
154558	2199
154558	2200
154558	2201
154558	2210
154558	2211
154558	2215
154558	2217
154558	2219
154558	2221
154558	2222
154558	2227
154558	2229
154558	2248
155063	2183
155063	2215
155063	2239
155063	2243
155063	2246
155063	2248
155063	2279
155063	2283
155063	3159
158890	2192
158890	2215
158890	2238
158890	2241
158890	2249
158890	2266
158890	2270
158890	2271
158890	2294
158890	2304
158890	2331
159912	2233
159912	2241
159912	2243
159912	2279
160024	2136
160024	2163
160024	2168
160024	2186
160024	2188
160024	2190
160024	2191
160024	2195
160024	2196
160024	2198
160024	2200
160024	2206
160024	2207
160024	2216
160024	2219
160024	2223
160024	2229
160024	2234
160024	2235
160024	2238
160024	2243
160024	2251
160024	2268
160024	2271
160024	2274
160024	2276
161106	2133
161106	2141
161106	2143
161106	2144
161106	2145
161106	2146
161106	2149
161106	2156
161106	2160
161106	2161
161106	2163
161106	2173
161106	2178
161106	2180
161106	2185
161106	2186
161106	2188
161106	2191
161106	2196
161106	2198
161106	2199
161106	2201
161106	2204
161106	2205
161106	2206
161106	2210
161106	2212
161106	2218
161106	2219
161106	2222
161333	2189
161333	2190
161333	2191
161333	2194
161333	2196
161333	2198
161333	2199
161333	2200
161333	2201
161333	2204
161333	2205
161333	2206
161333	2211
161333	2217
161541	2165
161541	2166
161541	2180
161541	2195
161541	2198
161541	2204
161541	2205
161541	2212
161541	2213
161541	2217
161541	2220
161541	2236
161541	2266
161541	2281
161541	2301
163175	2154
163175	2165
163175	2170
163175	2173
163175	2177
163175	2180
163175	2185
163175	2192
163175	2193
163175	2195
163175	2196
163175	2198
163175	2199
163175	2200
163175	2204
163175	2208
163175	2213
163175	2214
163175	2215
163175	2218
163175	2221
163175	2223
163175	2232
163175	2240
163175	2245
163175	2247
163175	2248
163175	2250
163175	2263
163175	2265
163175	2274
163175	2276
163727	2165
163727	2166
163727	2183
163727	2192
163727	2202
163727	2215
163727	2240
163727	2241
163727	2242
163727	2247
163727	2251
163727	2254
164644	2152
164644	2165
164644	2177
164644	2179
164644	2193
164644	2210
164644	2212
165054	2173
165054	2210
165054	2215
165054	2217
165054	2221
165054	2222
165054	2235
165054	2240
165054	2251
165054	2286
167435	2165
167435	2181
167435	2185
167435	3174
167649	2139
167649	2146
167649	2150
167649	2152
167649	2154
167649	2160
167649	2161
167649	2173
167649	2178
167649	2180
167649	2185
167649	2187
167649	2188
167649	2189
167649	2191
167649	2196
167649	2198
167649	2201
167649	2204
167649	2205
167649	2206
167649	2211
169665	2134
169665	2135
169665	2136
169665	2139
169665	2140
169665	2141
169665	2143
169665	2145
169665	2146
169665	2150
169665	2152
169665	2154
169665	2156
169665	2160
169665	2161
169665	2164
169665	2176
169665	2178
169665	2185
169665	2188
169665	2190
169665	2193
169665	2196
169665	2198
169665	2199
169665	2200
169665	2203
169665	2232
172863	2132
172863	2153
172863	2154
172863	2158
172863	2159
172863	2164
172863	2165
172863	2168
172863	2170
172863	2178
172863	2179
172863	2182
172863	2184
172863	2185
172863	2186
172863	2187
172863	2188
172863	2189
172863	2191
172863	2193
172863	2194
172863	2195
172863	2196
172863	2199
172863	2203
172863	2205
172863	2211
172863	2222
172863	2226
172863	2229
172863	2234
172863	2243
172863	2274
172863	2294
172863	2947
175937	2177
175937	2221
175937	2225
175937	2239
175937	2247
175937	2250
175937	2251
175937	2263
176333	2177
176333	2192
176333	2213
176333	2222
176333	2232
176333	2234
176333	2245
176333	2258
176333	2281
178196	2200
178196	2215
178196	2222
178196	2240
178196	2241
178196	2276
178196	2297
178196	2343
182008	2213
182008	2214
182008	2239
182008	2246
182883	2180
182883	2189
182883	2199
182883	2205
182883	2208
182883	2210
182883	2212
182883	2216
182883	2222
182883	2224
182883	2231
182883	2238
182883	2243
182883	2244
182883	2253
184695	2221
184695	2226
184695	2248
185072	2166
185072	2177
185072	2192
185072	2195
185072	2202
185072	2215
185072	2217
185072	2218
185072	2221
185072	2236
185072	2245
185072	2246
185072	2263
185072	2266
185072	2294
187049	2153
187049	2165
187049	2166
187049	2170
187049	2174
187049	2177
187049	2179
187049	2180
187049	2181
187049	2183
187049	2185
187049	2186
187049	2187
187049	2192
187049	2193
187049	2195
187049	2196
187049	2200
187049	2203
187049	2204
187049	2207
187049	2209
187049	2212
187049	2213
187049	2214
187049	2215
187049	2217
187049	2218
187049	2221
187049	2222
187049	2223
187049	2224
187049	2225
187049	2226
187049	2228
187049	2230
187049	2232
187049	2233
187049	2235
187049	2239
187049	2241
187049	2245
187049	2246
187049	2251
187049	2253
187049	2258
187049	2261
187049	2264
187049	2266
187049	2267
187049	2276
187049	2281
187049	2289
187049	2290
187049	2291
187049	2294
187049	2297
187049	2301
187049	2316
188222	2192
188222	2205
188222	2222
188222	2223
188222	2229
188222	2230
188222	2301
188718	2181
188718	2214
188724	2183
188724	2186
188724	2192
188724	2193
188724	2195
188724	2198
188724	2220
188724	2221
188724	2222
188724	2233
188724	2247
188724	2378
188724	2915
188948	2153
188948	2177
188948	2192
188948	2193
188948	2219
188948	2223
188948	2241
188948	2245
188948	2266
188948	2301
189288	2179
189288	2181
189288	2191
189288	2192
189288	2205
189288	2215
189288	2223
189288	2233
189288	2238
189288	2240
189288	2279
189288	2281
189288	2312
189288	2318
189288	2346
189978	2179
189978	2188
189978	2189
189978	2190
189978	2196
189978	2199
189978	2200
189978	2208
189978	2216
191503	2185
191503	2192
191503	2196
191503	2200
191503	2221
191503	2235
191503	2243
191902	2243
191902	2294
192992	2152
194952	2166
194952	2202
194952	2215
194952	2239
194952	2246
198256	2154
198256	2243
198256	2245
199007	2148
199007	2151
199007	2152
199007	2156
199007	2158
199007	2159
199007	2160
199007	2161
199007	2163
199007	2164
199007	2171
199007	2172
199007	2173
199007	2178
199007	2186
199007	2188
199007	2190
199007	2191
199007	2192
199007	2195
199007	2198
199007	2200
199069	2187
199069	2205
199069	2223
199069	2281
199339	2239
199339	2265
200126	2183
200126	2192
200126	2215
200126	2231
200126	2240
200126	2241
200126	2243
200126	2249
200126	2253
200126	2254
200126	2266
200126	2267
200126	2312
200665	2192
200665	2202
200665	2233
200665	2245
201865	2165
201865	2180
201865	2193
201865	2202
201865	2205
201865	2211
201865	2220
201865	2233
201865	2242
201865	2243
201865	2248
201865	2249
201865	2252
201865	2276
201865	2301
203295	2215
203295	2249
203295	2253
203506	2177
203506	2215
203506	2221
203506	2240
203506	2241
203506	2249
203506	2254
203506	2312
204895	2191
204895	2199
204895	2209
204895	2245
204895	2246
204895	2274
204895	2276
204895	2286
204895	2426
204895	2444
206404	2185
206404	2187
206404	2192
206404	2211
206404	2212
206404	2215
206404	2220
206404	2222
206404	2226
206404	2227
206404	2245
206404	2248
206404	2251
206404	2253
206404	2266
206404	2297
206557	2166
206557	2167
206557	2202
206557	2215
206557	2218
206557	2245
206557	2246
208070	2166
208070	2170
208598	2161
208598	2183
208598	2266
209308	2170
209308	2177
209308	2192
209308	2195
209308	2198
209308	2202
209308	2204
209308	2215
209308	2217
209308	2218
209308	2221
209308	2226
209308	2233
209308	2240
209308	2241
209308	2242
209308	2245
209308	2249
209308	2252
209308	2253
209308	2254
209308	2256
209308	2266
209308	2268
209308	2286
209308	2294
209375	2215
209375	2221
209375	2226
209375	2239
209375	2258
209375	2266
211747	2192
211747	2202
211747	2218
211747	2221
211747	2233
211747	2243
211825	2153
211825	2155
211825	2170
211825	2173
211825	2177
211825	2186
211825	2188
211825	2199
211825	2209
211825	2215
211825	2217
211825	2218
211825	2220
211825	2221
211825	2230
211825	2237
211825	2247
211825	2251
211825	2281
211825	2290
211825	2356
211825	2668
213035	2183
213035	2192
213035	2196
213035	2199
213035	2219
213035	2243
213035	2400
214461	2192
214461	2202
214461	2221
215493	2140
215493	2146
215493	2147
215493	2156
215493	2157
215493	2163
215493	2165
215493	2167
215493	2180
215493	2183
215493	2185
215493	2192
215493	2216
215493	2225
215493	2234
215493	2276
216738	2185
216738	2187
216738	2227
216738	2232
216738	2233
216738	2237
216738	2240
216738	2241
216738	2247
216738	2254
216738	2274
217248	2154
217248	2165
217248	2181
217248	2185
217248	2192
217248	2195
217248	2215
217248	2224
217248	2247
217248	2281
217248	2287
217814	2177
217814	2215
217814	2221
217814	2240
217814	2241
217814	2248
217814	2249
217814	2258
217814	2271
219202	2153
219202	2170
219202	2177
219202	2209
219202	2214
219202	2216
219202	2234
219202	2246
219202	2283
219202	2525
219369	2240
219369	2241
219369	2266
219516	2132
219516	2133
219516	2134
219516	2135
219516	2136
219516	2139
219516	2140
219516	2141
219516	2142
219516	2144
219516	2145
219516	2146
219516	2147
219516	2148
219516	2149
219516	2151
219516	2152
219516	2153
219516	2155
219516	2156
219516	2160
219516	2161
219516	2163
219516	2164
219516	2165
219516	2166
219516	2167
219516	2170
219516	2171
219516	2173
219516	2174
219516	2176
219516	2177
219516	2178
219516	2180
219516	2182
219516	2183
219516	2185
219516	2186
219516	2187
219516	2188
219516	2189
219516	2190
219516	2191
219516	2193
219516	2195
219516	2196
219516	2198
219516	2199
219516	2200
219516	2201
219516	2204
219516	2205
219516	2215
219516	2221
219516	2245
219516	2261
219516	2338
219516	2363
219516	2400
219516	2760
219516	3077
219516	3492
219719	2185
219719	2212
219719	2245
221564	2154
221564	2163
221564	2179
221564	2183
221564	2198
221564	2200
221564	2204
221564	2215
221564	2221
221564	2225
221564	2240
221564	2710
221746	2215
222886	2179
222886	2185
222886	2192
222886	2200
222886	2208
222886	2209
222886	2214
222886	2215
222886	2216
222886	2218
222886	2224
222886	2231
222886	2232
222886	2234
222886	2236
222886	2239
222886	2253
222886	2276
222886	2316
224073	2192
224073	2233
224661	2165
224661	2170
224661	2177
224661	2181
224661	2182
224661	2186
224661	2187
224661	2192
224661	2195
224661	2203
224661	2213
224661	2217
224661	2219
224661	2220
224661	2221
224661	2241
224661	2243
224661	2247
224661	2248
224661	2279
224661	2301
225204	2165
225204	2192
225204	2195
225204	2203
225204	2215
225204	2224
225204	2227
225204	2236
225204	2301
226264	2150
226264	2152
226264	2158
226264	2179
226264	2185
226264	2192
226264	2215
226264	2221
226264	2223
226264	2226
226264	2233
226264	2240
226264	2241
226264	2252
226264	2253
226264	2254
226264	2266
226264	2269
227249	2165
227249	2177
227249	2185
227249	2202
227249	2207
227249	2221
227249	2263
227249	2301
228053	2160
228053	2161
228053	2163
228053	2165
228053	2170
228053	2173
228053	2174
228053	2176
228053	2177
228053	2178
228053	2180
228053	2183
228053	2184
228053	2190
228053	2191
228053	2193
228053	2197
228053	2198
228053	2200
228053	2203
228053	2207
228053	2209
228053	2210
228053	2212
228053	2213
228053	2221
228053	2225
228053	2226
228053	2232
228053	2235
228053	2236
228053	2240
228053	2241
228053	2242
228053	2246
228053	2250
228053	2263
228053	2276
228053	2279
228053	2281
228053	2294
228053	2312
228053	2326
230291	2165
230291	2195
230291	2281
231583	2240
231583	2245
231583	2248
231583	2258
232511	2165
232511	2183
232511	2185
232511	2192
232511	2215
232511	2217
232511	2221
232511	2226
232511	2227
232511	2233
232511	2240
232511	2241
232511	2242
232511	2252
232511	2253
232511	2254
232511	2266
233252	2192
233252	2195
233252	2217
233252	2227
233252	2236
233252	2256
233739	2215
233739	2233
233739	2258
236270	2165
236270	2166
236270	2178
236270	2180
236270	2181
236270	2215
236493	2171
236493	2177
236493	2183
236493	2196
236493	2198
236493	2199
236493	2205
236493	2207
236493	2215
236493	2217
236493	2221
236493	2222
236493	2223
236493	2225
236493	2226
236493	2239
236493	2240
236493	2241
236493	2242
236493	2245
236493	2251
236493	2254
237810	2173
237810	2183
237810	2185
237810	2187
237810	2205
237810	2212
237810	2213
237810	2244
237810	2281
237810	2294
237810	2301
240042	2182
240042	2185
240042	2193
240042	2203
240042	2205
240042	2217
240042	2222
240042	2236
240042	2301
240229	2152
240229	2173
240229	2174
240229	2177
240229	2186
240229	2192
240229	2201
240229	2202
240229	2205
240229	2207
240229	2212
240229	2213
240229	2215
240229	2220
240229	2222
240229	2227
240229	2228
240229	2229
240229	2233
240229	2236
240229	2241
240229	2242
240229	2245
240229	2247
240229	2261
240229	2263
240229	2267
240229	2273
240229	2281
240229	2283
240229	2289
240229	2291
240229	2294
240229	2301
241441	2221
242159	2149
242159	2151
242159	2153
242159	2156
242159	2160
242159	2161
242159	2164
242159	2171
242159	2173
242159	2176
242159	2178
242159	2179
242159	2180
242159	2182
242159	2188
242159	2191
242159	2193
242159	2195
242159	2196
242159	2199
242159	2204
242159	2205
242159	2206
242159	2207
242159	2208
242159	2216
242159	2217
242159	2218
242159	2220
242159	2222
242159	2223
242159	2224
242159	2227
242159	2230
242159	2231
242159	2232
242159	2234
242159	2238
242159	2280
242159	3069
243236	2165
243236	2195
243236	2221
243236	2236
243236	2266
246132	2135
246132	2136
246132	2138
246132	2140
246132	2141
246132	2146
246132	2152
246132	2173
246132	2174
246132	2176
246132	2177
246132	2178
246132	2180
246132	2183
246132	2201
246132	2204
246132	2205
246132	2208
246132	2215
246132	2224
246632	2165
246632	2173
246632	2181
246632	2183
246632	2217
246632	2233
246632	2249
246632	2254
246632	2256
246632	2273
246632	2344
248665	2215
248665	2226
248665	2253
248665	2276
248755	2185
248755	2221
248755	2243
251084	2177
251084	2192
251084	2202
251084	2205
251084	2210
251084	2212
251084	2213
251084	2215
251084	2217
251084	2218
251084	2220
251084	2221
251084	2222
251084	2223
251084	2226
251084	2227
251084	2230
251084	2231
251084	2233
251084	2236
251084	2240
251084	2241
251084	2242
251084	2245
251084	2249
251084	2250
251084	2252
251084	2253
251084	2254
251084	2261
251084	2264
251084	2265
251084	2266
251084	2269
251084	2271
251084	2273
251084	2274
251084	2281
251084	2283
251084	2285
251084	2287
251084	2289
251084	2290
251084	2291
251084	2294
251084	2301
251407	2183
251407	2185
251407	2192
251407	2195
251407	2198
251407	2200
251407	2205
251407	2210
251407	2212
251407	2217
251407	2218
251407	2221
251407	2226
251407	2233
251407	2236
251407	2240
251407	2243
251407	2249
251407	2252
251407	2276
251407	2281
251407	2294
251940	2202
251940	2213
251940	2221
251940	2233
251940	2272
251940	2279
251940	2281
251940	3178
252984	2165
252984	2166
252984	2179
252984	2191
252984	2226
252984	2235
252984	2237
252984	2283
252984	2294
254673	2154
254673	2160
254673	2161
254673	2165
254673	2177
254673	2178
254673	2180
254673	2181
254673	2182
254673	2183
254673	2185
254673	2192
254673	2193
254673	2196
254673	2200
254673	2202
254673	2208
254673	2213
254673	2214
254673	2217
254673	2219
254673	2221
254673	2225
254673	2232
254673	2236
254673	2243
254673	2245
254673	2258
254673	2276
255195	2215
255195	2218
255195	2226
255195	2242
255195	2262
255195	2268
255195	2274
255195	2277
255195	2282
255195	2296
255195	2297
255195	2308
255195	2326
255377	2210
255377	2248
255377	2316
255377	2333
255377	2579
255377	2693
255377	2722
255693	2161
255693	2174
255693	2187
255693	2193
255693	2197
255693	2199
255693	2203
255693	2204
255693	2205
255693	2208
255693	2212
255693	2218
255693	2228
255693	2231
255693	2259
255693	2260
255693	2263
255693	2266
255693	2267
255693	2494
255961	2154
255961	2160
255961	2165
255961	2170
255961	2174
255961	2192
256126	2177
256126	2192
256126	2233
256126	2294
258734	2215
258734	2226
258734	2254
258734	2266
259847	2215
259847	2217
259847	2233
259847	2235
259847	2245
259847	2279
259847	2290
259847	2294
259847	2301
259952	2153
259952	2165
259952	2170
259952	2177
259952	2179
259952	2181
259952	2191
259952	2208
259952	2209
259952	2214
259952	2216
259952	2219
259952	2224
259952	2232
259952	2234
259952	2235
259952	2245
259952	2246
259952	2251
259952	2263
259952	2279
259952	2289
259952	2301
261982	2215
261982	2217
261982	2227
261982	2233
261982	2249
261982	2252
261982	2253
261982	2266
262445	2177
262445	2179
262445	2192
262445	2202
262445	2205
262445	2216
262445	2221
262445	2227
262445	2233
262445	2245
262445	2246
262445	2266
262445	2316
262445	2425
262726	2215
262726	2248
262726	2254
262726	2312
263454	2192
263454	2202
263454	2209
263454	2226
263454	2233
263856	2167
263856	2171
263856	2173
263856	2176
263856	2177
263856	2178
263856	2179
263856	2180
263856	2182
263856	2183
263856	2185
263856	2186
263856	2187
263856	2188
263856	2189
263856	2190
263856	2191
263856	2193
263856	2195
263856	2196
263856	2197
263856	2198
263856	2199
263856	2200
263856	2201
263856	2202
263856	2203
263856	2204
263856	2205
263856	2206
263856	2207
263856	2208
263856	2210
263856	2211
263856	2212
263856	2216
263856	2219
263856	2221
263856	2222
263856	2232
263856	2234
263856	2243
263856	2244
263856	2247
263856	2248
263856	2250
263856	2251
263856	2263
264025	2183
264025	2221
264025	2281
264090	2151
264090	2170
264090	2181
264090	2199
264090	2203
264090	2225
264090	2226
264090	2229
264090	2245
264135	2187
264135	2191
264135	2202
264135	2205
264135	2206
264135	2210
264135	2211
264135	2212
264135	2213
264135	2215
264135	2217
264135	2218
264135	2220
264135	2221
264135	2222
264135	2223
264135	2224
264135	2226
264135	2227
264135	2228
264135	2229
264135	2230
264135	2231
264135	2233
264135	2236
264135	2237
264135	2238
264135	2239
264135	2240
264135	2241
264135	2242
264135	2243
264135	2244
264135	2245
264135	2246
264135	2247
264135	2248
264135	2249
264135	2250
264135	2251
264135	2252
264135	2253
264135	2254
264135	2256
264135	2261
264135	2263
264135	2264
264135	2265
264135	2266
264135	2267
264135	2268
264135	2269
264135	2271
264135	2273
264135	2274
264135	2277
264135	2279
264135	2281
264135	2282
264135	2283
264135	2284
264135	2285
264135	2286
264135	2287
264135	2289
264135	2290
264135	2291
264135	2293
264135	2294
264135	2296
264135	2297
264135	2301
264135	2307
264135	2308
264135	2312
264135	2326
264135	2339
264490	2230
266031	2240
266031	2254
266356	2170
266356	2281
266837	2154
266837	2177
266837	2180
266837	2181
266837	2192
266837	2195
266837	2221
266837	2243
266837	2253
266837	2266
267590	2177
267590	2192
267590	2212
267590	2221
267590	2237
267783	2132
267783	2177
267783	2246
268762	2177
268762	2209
268762	2216
268762	2226
268762	2245
268762	2258
268891	2192
268891	2196
268891	2199
268891	2202
268891	2221
268891	2243
268891	2245
268891	2246
268891	2268
268891	2326
268891	2385
268991	2153
268991	2177
268991	2187
268991	2192
268991	2215
268991	2225
268991	2240
268991	2241
268991	2242
268991	2246
268991	2586
268991	2700
268991	2738
268991	2797
268991	2803
268991	2886
269720	2212
269720	2215
269720	2217
269720	2218
269720	2221
269720	2240
269720	2263
269720	2266
271089	2170
271089	2181
271089	2202
271089	2209
271089	2215
271089	2245
271966	2153
271966	2214
271966	2245
271966	2249
271966	2301
271976	2177
271976	2221
271976	2226
271976	2239
271976	2247
271976	2265
271976	2266
271976	2276
272179	2153
272179	2165
272179	2166
272179	2170
272179	2181
272179	2182
272179	2186
272179	2195
272179	2196
272179	2199
272179	2202
272179	2203
272179	2207
272179	2209
272179	2210
272179	2213
272179	2217
272179	2232
272179	2233
272179	2235
272179	2245
272179	2281
272179	2301
272805	2185
272805	2192
272805	2203
272805	2236
272805	2263
272805	3322
273258	2153
273258	2157
273258	2162
273258	2166
273258	2213
273258	2214
273258	2217
273258	2245
273258	2316
273691	2153
273691	2165
273691	2166
273691	2170
273691	2183
273691	2185
273691	2192
273691	2195
273691	2198
273691	2202
273691	2203
273691	2207
273691	2213
273691	2218
273691	2221
273691	2227
273691	2236
273691	2246
273691	2250
273691	2263
273691	2276
273691	2279
274161	2163
274161	2177
274161	2178
274161	2216
274161	2221
274161	2228
275246	2146
275246	2165
275246	2170
275246	2181
275246	2182
275246	2185
275246	2192
275246	2193
275246	2195
275246	2203
275246	2215
275246	2217
275246	2226
275246	2245
275246	2287
276034	2177
276034	2183
276034	2187
276034	2192
276034	2221
276034	2222
276034	2226
276034	2236
276034	2245
276034	2263
277439	2192
277439	2215
277439	2253
278559	2131
278559	2133
278559	2134
278559	2135
278559	2143
278559	2149
278559	2173
278559	2178
278559	2182
278559	2185
278559	2187
278559	2193
278559	2198
278559	2200
278559	2202
278559	2207
278559	2208
278559	2216
278559	2220
278559	2232
278559	2234
278559	2263
278559	2272
278559	2281
278559	2586
281734	2197
281734	2207
281734	2210
281734	2219
281734	2220
281734	2223
281734	2224
281734	2229
281734	2236
281734	2253
281734	2259
282486	2221
282486	2226
282486	2240
282486	2243
282486	2246
282486	2251
282486	2266
284565	2165
284565	2166
284565	2170
284565	2213
284565	2215
284565	2227
284565	2233
284565	2235
284565	2266
284565	2906
290703	2165
290703	2215
290703	2218
290703	2221
290703	2226
290703	2249
290703	2254
290977	2162
290977	2166
290977	2170
290977	2177
290977	2180
290977	2183
290977	2192
290977	2200
290977	2201
290977	2202
290977	2209
290977	2210
290977	2212
290977	2215
290977	2217
290977	2221
290977	2227
290977	2235
290977	2242
290977	2243
290977	2246
290977	2248
290977	2251
290977	2253
290977	2263
290977	2265
290977	2266
290977	2284
290977	2294
290977	2426
292663	2165
292663	2183
292663	2196
292663	2215
292663	2217
292663	2225
292663	2233
292663	2237
294461	2238
294461	2249
294461	2252
294461	2253
294461	2312
296242	2193
296242	2217
296242	2218
296242	2220
296242	2239
296242	2245
296242	2249
296242	2290
296242	2363
296244	2185
296244	2187
296244	2192
296244	2195
296244	2221
296244	2233
296244	2236
297061	2145
297061	2154
297061	2178
297061	2187
297061	2191
297061	2194
297061	2195
297061	2202
297061	2208
297061	2210
297061	2215
297061	2226
297061	2232
297061	2240
297061	2301
297623	2177
297623	2179
297623	2183
297623	2207
297623	2215
297623	2246
297623	2276
298825	2165
298825	2183
298825	2185
298825	2192
298825	2196
298825	2205
298825	2245
299210	2192
299210	2216
299210	2218
299210	2226
299210	2266
299210	2362
299210	2515
299884	2288
299884	2304
300562	2135
300562	2136
300562	2138
300562	2139
300562	2141
300562	2142
300562	2143
300562	2145
300562	2146
300562	2147
300562	2149
300562	2151
300562	2152
300562	2154
300562	2156
300562	2160
300562	2163
300562	2164
300562	2173
300562	2178
300562	2186
300562	2188
300562	2189
300562	2192
300562	2193
300562	2199
300562	2204
300562	2205
300562	2206
300562	2208
300562	2247
300562	2338
301487	2165
301487	2186
301487	2192
301487	2215
301487	2221
301487	2223
301487	2241
301487	2252
302110	2148
302110	2156
302110	2163
302110	2167
302110	2171
302110	2173
302110	2177
302110	2178
302110	2180
302110	2183
302110	2186
302110	2187
302110	2188
302110	2195
302110	2196
302110	2197
302110	2199
302110	2201
302110	2203
302110	2204
302110	2205
302110	2206
302110	2207
302110	2214
302110	2215
302110	2216
302110	2222
302110	2223
302110	2227
302110	2228
302488	2191
302488	2199
302488	2208
302488	2245
302645	2150
302645	2165
302645	2178
302645	2196
302645	2203
302645	2217
302645	2225
302645	2301
303269	2165
303269	2166
303269	2177
303269	2178
303269	2181
303269	2183
303269	2192
303269	2195
303269	2196
303269	2198
303269	2204
303269	2225
303269	2245
303269	2276
305182	2134
305182	2136
305182	2139
305182	2143
305182	2144
305182	2148
305182	2149
305182	2151
305182	2156
305182	2160
305182	2161
305182	2163
305182	2167
305182	2171
305182	2186
305182	2188
305182	2189
305182	2190
305182	2206
305182	2207
305182	2208
305182	2227
305182	2228
305182	2231
305182	2233
305182	2239
305182	2253
305182	2266
305182	2267
305182	2282
305182	2287
306282	2179
306282	2182
306282	2183
306282	2185
306282	2192
306282	2196
306282	2199
306282	2200
306282	2205
306282	2214
306282	2222
306282	2223
306282	2227
306282	2229
306282	2231
306282	2233
306282	2239
306282	2240
306282	2241
306282	2244
306282	2247
306282	2254
306282	2276
306282	2279
306282	2287
306282	2290
306282	2301
306688	2154
306688	2177
306688	2179
306688	2180
306688	2183
306688	2192
306688	2193
306688	2203
306688	2205
306688	2212
306688	2215
306688	2225
306688	2226
306688	2233
306688	2235
306688	2236
306688	2245
306688	2263
306688	2266
306688	2276
307201	2154
307201	2160
307201	2173
307201	2178
307201	2180
307201	2182
307201	2187
307201	2195
307201	2196
307201	2199
307201	2201
307201	2204
307201	2205
307201	2206
307201	2207
307201	2212
307201	2216
307201	2217
307201	2218
307201	2219
307201	2222
307201	2223
307201	2224
307201	2228
307201	2229
307201	2230
307201	2231
307201	2232
307706	2187
307706	2192
307706	2221
307706	2243
308453	2156
308453	2163
308453	2164
308453	2167
308453	2171
308453	2173
308453	2176
308453	2178
308453	2180
308453	2181
308453	2182
308453	2187
308453	2188
308453	2189
308453	2196
308453	2199
308453	2201
308453	2206
308453	2208
308453	2216
308453	2218
308453	2222
308453	2224
308834	2138
308834	2139
308834	2140
308834	2141
308834	2143
308834	2144
308834	2145
308834	2146
308834	2148
308834	2149
308834	2150
308834	2151
308834	2152
308834	2156
308834	2158
308834	2160
308834	2161
308834	2163
308834	2167
308834	2173
308834	2174
308834	2177
308834	2179
308834	2181
308834	2183
308834	2187
308834	2190
308834	2191
308834	2196
308834	2199
308834	2200
308834	2203
308834	2206
308834	2208
308834	2232
308834	2247
308834	2272
308834	2289
309162	2215
309162	2218
309162	2226
309162	2230
309162	2231
309162	2238
309162	2240
309162	2241
309162	2249
309162	2253
309162	2254
309162	2268
309162	2274
309162	2284
309162	2312
309162	2326
309926	2215
309926	2221
309926	2226
309926	2233
309926	2239
309926	2241
309926	2243
309926	2253
309926	2284
309926	2294
310354	2131
310354	2133
310354	2134
310354	2135
310354	2136
310354	2138
310354	2139
310354	2143
310354	2145
310354	2146
310354	2148
310354	2149
310354	2150
310354	2152
310354	2156
310354	2158
310354	2160
310354	2161
310354	2163
310354	2165
310354	2167
310354	2171
310354	2173
310354	2174
310354	2176
310354	2177
310354	2178
310354	2180
310354	2185
310354	2186
310354	2188
310354	2189
310354	2190
310354	2191
310354	2193
310354	2194
310354	2195
310354	2196
310354	2197
310354	2198
310354	2199
310354	2201
310354	2204
310354	2205
310354	2213
310354	2217
310354	2219
310354	2221
310354	2222
310354	2226
310354	2228
310354	2229
310354	2232
310354	2244
310354	2247
310354	2258
310461	2166
310461	2170
310461	2198
310499	2165
310499	2191
310499	2214
310499	2246
312108	2185
312108	2192
312108	2240
312108	2241
312108	2248
312108	2266
312108	2312
312497	2148
312497	2149
312497	2150
312497	2151
312497	2152
312497	2153
312497	2154
312497	2155
312497	2156
312497	2157
312497	2158
312497	2159
312497	2160
312497	2161
312497	2163
312497	2164
312497	2165
312497	2167
312497	2171
312497	2173
312497	2174
312497	2176
312497	2177
312497	2178
312497	2180
312497	2181
312497	2182
312497	2186
312497	2188
312497	2189
312497	2192
312497	2195
312497	2196
312497	2197
312497	2199
312497	2200
312497	2201
312497	2203
312497	2204
312497	2205
312497	2206
312497	2207
312497	2208
312497	2210
312497	2211
312497	2212
312497	2213
312497	2215
312497	2217
312497	2218
312497	2222
312497	2225
312497	2246
313893	2211
313893	2221
313893	2247
314302	2222
315749	2183
315749	2221
315749	2247
315749	2693
316528	2179
316528	2205
316528	2219
316528	2223
316528	2228
316528	2245
316528	2279
316528	2326
318503	2173
318503	2208
318503	2213
318503	2216
318503	2217
318503	2220
318503	2226
318503	2230
318503	2232
318503	2234
318503	2235
318503	2236
318503	2247
318503	2274
318503	2276
318503	2294
318518	2165
318518	2177
318518	2183
318518	2191
318518	2215
318518	2221
318518	2226
318518	2240
318518	2242
318518	2251
318518	2253
318518	2256
318518	2266
318518	2267
318518	2276
318993	2179
318993	2183
318993	2185
318993	2187
318993	2199
318993	2205
318993	2208
318993	2212
318993	2213
318993	2215
318993	2217
318993	2218
318993	2220
318993	2222
318993	2227
318993	2233
318993	2236
318993	2239
318993	2240
318993	2241
318993	2244
318993	2251
318993	2252
318993	2254
318993	2258
318993	2264
318993	2265
318993	2266
318993	2267
318993	2269
318993	2273
318993	2276
318993	2281
318993	2284
318993	2287
318993	2290
318993	2297
318993	2301
319194	2154
319194	2165
319194	2166
319194	2170
319194	2181
319194	2188
319194	2195
319194	2215
319194	2217
319194	2218
319194	2223
319194	2226
319194	2248
319194	2274
320537	2151
320537	2153
320537	2156
320537	2167
320537	2171
320537	2173
320537	2176
320537	2178
320537	2179
320537	2180
320537	2181
320537	2182
320537	2185
320537	2188
320537	2189
320537	2190
320537	2191
320537	2193
320537	2195
320537	2196
320537	2198
320537	2199
320537	2200
320537	2205
320537	2227
320537	2228
320537	2248
320537	2251
320537	2257
320537	2258
320537	2259
320537	2260
320537	2262
320537	2263
320537	2265
320537	2266
320537	2267
320537	2269
320537	2270
320537	2271
320537	2272
320537	2276
320537	2279
320537	2280
320537	2283
320537	2303
321036	2166
321036	2177
321036	2183
321036	2186
321036	2198
321036	2204
321036	2210
321036	2212
321036	2227
321235	2165
321235	2166
321235	2170
321235	2183
321235	2192
321235	2207
321235	2241
321235	2246
321235	2301
321346	2187
321346	2193
321346	2200
321346	2210
321348	2177
321348	2179
321348	2192
321348	2195
321348	2199
321348	2205
321348	2210
321348	2215
321348	2219
321348	2221
321348	2225
321348	2226
321348	2235
321348	2253
321348	2263
321348	2266
321491	2153
321491	2162
321491	2166
321491	2167
321491	2177
321491	2202
321491	2209
321491	2214
321491	2241
321491	2246
322216	2163
322216	2173
322216	2179
322216	2186
322216	2188
322216	2190
322216	2197
322216	2206
322216	2207
322216	2208
322216	2216
322216	2228
322216	2232
322216	2234
322216	2247
322216	2258
322216	2260
322216	2263
322465	2153
322465	2154
322465	2166
322465	2170
322465	2174
322465	2178
322465	2179
322465	2182
322465	2186
322465	2189
322465	2193
322465	2195
322465	2208
322465	2215
322465	2227
322531	2132
322531	2133
322531	2134
322531	2135
322531	2136
322531	2148
322531	2166
322531	2168
322531	2169
322531	2171
322531	2172
322531	2177
322531	2179
322531	2184
322531	2185
322531	2186
322531	2187
322531	2192
322531	2199
322531	2202
322531	2211
322531	2213
322531	2219
322531	2220
322531	2228
322531	2229
322531	2230
322531	2236
322531	2245
322531	2246
322531	2253
322531	2258
322531	2279
322531	2289
322531	2294
324280	2181
324280	2192
324280	2221
324280	2225
325823	2185
325823	2192
325823	2195
325823	2215
325823	2219
325823	2236
325823	2241
326002	2192
326002	2215
326002	2221
326002	2251
326768	2165
326768	2166
326768	2170
326768	2181
326768	2199
326768	2202
326768	2209
326768	2217
326768	2218
326768	2222
326768	2223
326768	2263
326768	2265
326768	2293
326768	2301
326768	2339
326915	2239
326915	2246
326915	2254
326915	2265
327130	2153
327130	2165
327130	2173
327130	2174
327130	2177
327130	2178
327130	2180
327130	2181
327130	2182
327130	2183
327130	2185
327130	2186
327130	2187
327130	2192
327130	2193
327130	2195
327130	2196
327130	2198
327130	2199
327130	2200
327130	2204
327130	2205
327130	2207
327130	2208
327130	2213
327130	2215
327130	2217
327130	2219
327130	2220
327130	2221
327130	2222
327130	2223
327130	2225
327130	2226
327130	2227
327130	2228
327130	2229
327130	2233
327130	2236
327130	2240
327130	2241
327130	2242
327130	2244
327130	2245
327130	2247
327130	2250
327130	2251
327130	2253
327130	2254
327130	2266
327130	2272
327130	2279
327130	2281
327130	2290
327130	2294
327130	2301
327999	2192
327999	2230
327999	2294
329126	2264
329126	2339
330387	2170
330387	2191
330387	2242
330387	2281
330387	2286
330407	2173
330407	2177
330407	2183
330407	2185
330407	2192
330407	2212
330407	2217
330407	2218
330407	2221
330407	2222
330407	2226
330407	2236
330407	2247
330407	2251
330407	2276
332101	2215
332101	2233
332101	2254
332101	2294
332204	2231
332204	2264
332204	2297
332346	2145
332346	2173
332346	2177
332346	2178
332346	2183
332346	2184
332346	2185
332346	2186
332346	2187
332346	2188
332346	2192
332346	2197
332346	2200
332346	2207
332346	2208
332346	2210
332346	2211
332346	2215
332346	2216
332346	2219
332346	2221
332346	2248
332346	2272
332346	2279
334571	2185
334571	2269
334571	2422
334705	2245
334998	2187
334998	2218
334998	2221
334998	2239
334998	2245
334998	2258
334998	2262
334998	2286
334998	2287
