1750	1123
1750	1153
1750	1160
1750	1164
1750	1206
1750	1207
1750	1210
1750	1211
1750	1214
1750	1216
1750	1221
1750	1226
1791	1157
1791	1165
1791	1200
2068	1093
2068	1123
2068	1177
2068	1205
2068	1207
2068	1222
2068	1236
2068	1246
2068	1268
2068	1299
2068	1336
2068	1394
3306	1123
3306	1145
3306	1225
3306	1240
3306	1305
3651	1123
3651	1148
3651	1157
3651	1180
3651	1187
3651	1192
3651	1196
3651	1202
3651	1205
3651	1211
3651	1232
3651	1236
3651	1252
3651	1268
3651	1394
3892	1120
3892	1123
3892	1145
3892	1192
3892	1212
3892	1231
3892	1235
3892	1239
4805	1146
4805	1149
4805	1163
4805	1172
4805	1206
4805	1239
4805	1264
4805	1268
4966	1198
4966	1221
4966	1251
4966	1295
4966	1298
4966	1301
4966	1318
6237	1188
6237	1192
6237	1251
6237	1257
6237	1268
6648	1106
6648	1117
6648	1118
6648	1145
6648	1150
6648	1152
6648	1168
6648	1181
6648	1187
6648	1198
6648	1200
6648	1202
6648	1209
6648	1221
6690	1118
6690	1123
6690	1128
6690	1135
6690	1146
6690	1153
6690	1155
6690	1156
6690	1157
6690	1161
6690	1162
6690	1171
6690	1176
6690	1181
6690	1188
6690	1201
6690	1212
6690	1213
6690	1232
6690	1235
6690	1236
6690	1248
6690	1249
6690	1255
6690	1256
6690	1271
6690	1274
6690	1295
6690	1305
6935	1154
7146	1123
7146	1179
7146	1182
7146	1221
7146	1251
7146	1268
7146	1298
7490	1135
7490	1212
7490	1221
7490	1232
7490	1238
7490	1240
7490	1261
7490	1280
7784	1118
7784	1124
7784	1126
7784	1128
7784	1129
7784	1131
7784	1133
7784	1135
7784	1137
7784	1138
7784	1139
7784	1144
7784	1152
7784	1186
7784	1203
7784	1213
7808	1106
7808	1108
7808	1112
7808	1118
7808	1119
7808	1123
7808	1125
7808	1128
7808	1137
7808	1145
7808	1148
7808	1152
7808	1153
7808	1155
7808	1156
7808	1159
7808	1179
7808	1181
7808	1183
7808	1187
7808	1191
7808	1198
7808	1207
7808	1210
7808	1211
7808	1212
7808	1213
7808	1226
7808	1230
7808	1233
7808	1234
7808	1235
7808	1237
7808	1239
7808	1241
7808	1264
7808	1268
7808	1276
7886	1093
7886	1106
7886	1108
7886	1119
7886	1123
7886	1145
7886	1148
7886	1153
7886	1168
7886	1173
7886	1183
7886	1187
7886	1192
7886	1201
7886	1202
7886	1205
7886	1217
7886	1232
7886	1237
7886	1243
7886	1246
7886	1251
7886	1255
7886	1257
7886	1265
7886	1268
7886	1276
7886	1305
7886	1322
7886	1326
7886	1403
9386	1065
9386	1076
9386	1078
9386	1080
9386	1084
9386	1085
9386	1087
9386	1089
9386	1090
9386	1091
9386	1093
9386	1094
9386	1095
9386	1097
9386	1098
9386	1101
9386	1102
9386	1105
9386	1114
9386	1118
9386	1121
9386	1124
9386	1125
9386	1128
9386	1130
9386	1131
9386	1134
9386	1135
9386	1137
9386	1138
9386	1139
9386	1140
9386	1144
9386	1149
9386	1157
9386	1159
9386	1160
9386	1161
9386	1163
9386	1165
9386	1166
9386	1168
9386	1170
9386	1177
9386	1178
9386	1179
9386	1180
9386	1183
9386	1185
9386	1186
9386	1187
9386	1188
9386	1189
9386	1190
9386	1192
9386	1194
9386	1195
9386	1197
9386	1200
9919	1145
9919	1157
9919	1173
9919	1184
9919	1202
9919	1214
9919	1245
9919	1275
10031	1092
10031	1116
10031	1145
10031	1147
10031	1154
10031	1219
10031	1221
10031	1234
10223	1072
10223	1073
10223	1075
10223	1077
10223	1078
10223	1086
10223	1087
10223	1098
10223	1102
10223	1104
10223	1109
10223	1111
10223	1114
10223	1120
10223	1121
10223	1124
10223	1125
10223	1126
10223	1128
10223	1137
10223	1138
10223	1142
10223	1145
10223	1147
10223	1157
10223	1163
10223	1164
10223	1165
10223	1167
10223	1168
10223	1171
10223	1175
10223	1179
10223	1180
10223	1183
10223	1188
10223	1192
10223	1193
10223	1194
10223	1196
10223	1197
10223	1202
10223	1204
10223	1206
10223	1216
10252	1174
10252	1182
10252	1184
10252	1193
10252	1196
10252	1203
10252	1211
10252	1220
10252	1221
10252	1224
10252	1233
10252	1234
10252	1244
10252	1247
10252	1248
10252	1251
10252	1282
10252	1291
10252	1292
10252	1294
10252	1298
10252	1310
11945	1148
11945	1199
11945	1205
11945	1247
12604	1120
12604	1132
12604	1164
12604	1173
12604	1198
12604	1221
12604	1225
12604	1252
12604	1257
12604	1258
12604	1305
13361	1136
13361	1192
15947	1179
15947	1199
15947	1204
15947	1205
15947	1227
15947	1234
15947	1268
15947	1295
15947	1298
15947	1299
15947	1301
15947	1347
16033	1211
16339	1090
16339	1099
16339	1105
16339	1107
16339	1108
16339	1112
16339	1117
16339	1118
16339	1121
16339	1122
16339	1123
16339	1124
16339	1125
16339	1128
16339	1130
16339	1132
16339	1136
16339	1137
16339	1138
16339	1139
16339	1140
16339	1154
16339	1159
16339	1161
16339	1162
16339	1167
16339	1168
16339	1172
16339	1175
16339	1178
16339	1179
16339	1180
16339	1186
16339	1187
16339	1188
16339	1191
16339	1193
16339	1194
16339	1195
16339	1196
16339	1197
16339	1198
16339	1199
16339	1201
16339	1202
16339	1204
16339	1205
16339	1208
16339	1212
16339	1214
16339	1215
16339	1217
16339	1218
16339	1225
16339	1229
16339	1230
16339	1231
16339	1232
16339	1234
16339	1235
16339	1236
16339	1239
16339	1242
16339	1246
16339	1252
16339	1268
16339	1271
16339	1273
16339	1280
16339	1299
16385	1119
16385	1145
16385	1146
16385	1147
16385	1152
16385	1168
16385	1171
16385	1175
16385	1211
16385	1212
16385	1229
16385	1235
16385	1246
16385	1257
16385	1295
16385	1298
17064	1106
17064	1120
17064	1123
17064	1125
17064	1136
17064	1148
17064	1168
17064	1182
17064	1196
17064	1205
17064	1207
17064	1216
17064	1219
17064	1224
17064	1227
17064	1232
17064	1235
17064	1241
17064	1250
17064	1268
17064	1273
17064	1280
17064	1394
18825	1136
18825	1152
18825	1179
19141	1095
19141	1106
19141	1118
19141	1123
19141	1132
19141	1136
19141	1148
19141	1182
19141	1198
19141	1199
19141	1202
19141	1205
19141	1211
19141	1232
19141	1234
19141	1235
19141	1243
19141	1255
20447	1123
20447	1135
20447	1145
20447	1167
20447	1171
20447	1180
20447	1181
20447	1192
20447	1198
20447	1201
20447	1207
20447	1210
20447	1211
20447	1212
20447	1214
20447	1220
20447	1221
20447	1222
20447	1223
20447	1232
20447	1233
20447	1243
20447	1257
20447	1264
20447	1336
23192	1123
23192	1145
23192	1198
23192	1205
23192	1207
23192	1225
23192	1232
23192	1236
23192	1269
23192	1295
24134	1123
24134	1132
24134	1156
24134	1170
24134	1171
24134	1173
24134	1192
24134	1206
24134	1210
24134	1226
24134	1263
24217	1123
24217	1157
24217	1205
24371	1092
24371	1093
24371	1116
24371	1117
24371	1118
24371	1120
24371	1123
24371	1126
24371	1134
24371	1135
24371	1136
24371	1137
24371	1142
24371	1148
24371	1149
24371	1153
24371	1155
24371	1157
24371	1159
24371	1162
24371	1165
24371	1168
24371	1177
24371	1178
24371	1179
24371	1180
24371	1181
24371	1184
24371	1187
24371	1188
24371	1198
24371	1199
24371	1201
24371	1202
24371	1205
24371	1213
24371	1215
24371	1219
24371	1221
24371	1225
24371	1226
24371	1227
24371	1228
24371	1229
24371	1230
24371	1232
24371	1236
24371	1240
24371	1243
24371	1246
24371	1251
24371	1255
24371	1256
24371	1268
24371	1269
24371	1271
24371	1273
24371	1280
24371	1295
24371	1297
24371	1298
24371	1299
24371	1305
24371	1336
24371	1394
26712	1084
26712	1105
26712	1108
26712	1117
26712	1118
26712	1119
26712	1120
26712	1122
26712	1128
26712	1138
26712	1139
26712	1140
26712	1141
26712	1167
26712	1168
26712	1172
26712	1173
26712	1185
26712	1188
26712	1191
26712	1207
26712	1216
26712	1218
26712	1219
26712	1221
26712	1222
26712	1223
26712	1238
26712	1240
26712	1271
27321	1120
27321	1123
27321	1192
27321	1205
27321	1212
27321	1221
27321	1231
27321	1246
27321	1268
27321	1295
27501	1148
27501	1171
27501	1176
27501	1181
27501	1241
27501	2081
29255	1052
29255	1054
29255	1057
29255	1063
29255	1066
29255	1068
29255	1069
29255	1072
29255	1074
29255	1075
29255	1077
29255	1079
29255	1080
29255	1081
29255	1086
29255	1087
29255	1090
29255	1092
29255	1098
29255	1099
29255	1100
29255	1102
29255	1104
29255	1105
29255	1107
29255	1108
29255	1109
29255	1111
29255	1114
29255	1115
29255	1116
29255	1117
29255	1118
29255	1119
29255	1120
29255	1121
29255	1122
29255	1124
29255	1125
29255	1126
29255	1127
29255	1128
29255	1129
29255	1131
29255	1133
29255	1138
29255	1139
29255	1140
29255	1141
29255	1142
29255	1147
29255	1150
29255	1155
29255	1163
29255	1166
29255	1168
29255	1169
29255	1171
29255	1178
29255	1180
29255	1182
29255	1183
29255	1184
29255	1185
29255	1186
29255	1187
29255	1188
29255	1190
29255	1191
29255	1192
29255	1193
29255	1194
29255	1196
29255	1197
29255	1200
29255	1213
29255	1224
29778	1123
29778	1153
29778	1171
29778	1179
29778	1182
29778	1205
29778	1210
29778	1221
29778	1232
29778	1234
29778	1240
29778	1241
29778	1248
29778	1255
29778	1257
29778	1268
29778	1295
29778	1298
30733	1145
30733	1236
33540	1108
33540	1142
33540	1145
33540	1168
34154	1123
34154	1145
34154	1154
34154	1171
34154	1181
34154	1182
34154	1198
34154	1202
34154	1207
34154	1210
34154	1211
34154	1230
34154	1234
34154	1256
34154	1258
34154	1266
34154	1287
34154	1297
34154	1316
34154	1326
34154	1328
34154	1332
34154	1386
34611	1093
34611	1118
34611	1155
34611	1158
34611	1177
34611	1205
34611	1241
35478	1106
35478	1108
35478	1111
35478	1120
35478	1121
35478	1123
35478	1124
35478	1125
35478	1128
35478	1130
35478	1134
35478	1135
35478	1137
35478	1138
35478	1142
35478	1144
35478	1146
35478	1147
35478	1149
35478	1150
35478	1152
35478	1154
35478	1155
35478	1158
35478	1159
35478	1160
35478	1161
35478	1165
35478	1167
35478	1168
35478	1170
35478	1176
35478	1178
35478	1179
35478	1180
35478	1182
35478	1183
35478	1184
35478	1188
35478	1192
35478	1194
35478	1200
35478	1201
35478	1202
35478	1207
35478	1212
35478	1213
35478	1219
35478	1221
35478	1226
35478	1231
35478	1233
35713	1092
35713	1093
35713	1123
35713	1135
35713	1162
35713	1168
35713	1179
35713	1206
35713	1212
35966	1123
35966	1145
35966	1198
35966	1298
36790	1123
36790	1168
36790	1235
36790	1257
36790	1298
36790	1336
37043	1092
37043	1118
37043	1123
37043	1151
37043	1171
37043	1176
37043	1195
37043	1205
37043	1247
38013	1146
38013	1154
38013	1155
38013	1159
38013	1161
38013	1163
38013	1164
38013	1170
38013	1177
38013	1178
38013	1179
38013	1182
38013	1183
38013	1186
38013	1188
38013	1190
38013	1191
38013	1193
38013	1194
38013	1196
38013	1198
38013	1200
38013	1201
38013	1209
38013	1212
38013	1213
38013	1220
38013	1223
38013	1225
38013	1226
38013	1263
38479	1093
38479	1106
38479	1108
38479	1117
38479	1118
38479	1120
38479	1123
38479	1128
38479	1130
38479	1132
38479	1135
38479	1136
38479	1137
38479	1140
38479	1142
38479	1145
38479	1147
38479	1148
38479	1149
38479	1153
38479	1154
38479	1155
38479	1156
38479	1157
38479	1158
38479	1160
38479	1162
38479	1163
38479	1164
38479	1165
38479	1167
38479	1168
38479	1170
38479	1171
38479	1172
38479	1173
38479	1175
38479	1176
38479	1177
38479	1178
38479	1179
38479	1180
38479	1181
38479	1183
38479	1184
38479	1186
38479	1187
38479	1188
38479	1191
38479	1192
38479	1195
38479	1196
38479	1197
38479	1198
38479	1199
38479	1200
38479	1201
38479	1202
38479	1204
38479	1205
38479	1206
38479	1207
38479	1208
38479	1209
38479	1210
38479	1211
38479	1213
38479	1215
38479	1216
38479	1217
38479	1218
38479	1219
38479	1220
38479	1221
38479	1222
38479	1223
38479	1225
38479	1226
38479	1227
38479	1228
38479	1229
38479	1230
38479	1231
38479	1232
38479	1233
38479	1237
38479	1238
38479	1240
38479	1241
38479	1242
38479	1246
38479	1256
38479	1261
38479	1264
38479	1268
38479	1270
38479	1274
38479	1280
38479	1292
38479	1295
38479	1298
38479	1309
38479	1336
38479	1386
38479	1394
38479	1412
39142	1123
39142	1125
39142	1145
39142	1154
39142	1182
39142	1184
39142	1211
39142	1234
39142	1243
39142	1248
39142	1257
39142	1258
39142	1263
39142	1275
39142	1276
39142	1297
39142	1386
39275	1130
39275	1144
39275	1145
39275	1157
39275	1171
39275	1181
39275	1198
39275	1202
39275	1221
39275	1236
39275	1240
39275	1246
39275	1256
39275	1264
39275	1268
39275	1295
39275	1298
40242	1071
40242	1074
40242	1076
40242	1077
40242	1116
40242	1125
40242	1143
40242	1166
40242	1180
40242	1183
40242	1184
40242	1199
40242	1200
40242	1348
40242	1678
40556	1221
40556	1243
40556	1247
40556	1257
40963	1119
40963	1127
40963	1148
40963	1152
40963	1159
40963	1205
40963	1212
40963	1226
40963	1235
40963	1241
40963	1248
40963	1291
43096	1119
43096	1125
43096	1136
43096	1212
43096	1235
43362	1089
43362	1090
43362	1092
43362	1093
43362	1099
43362	1103
43362	1105
43362	1114
43362	1115
43362	1116
43362	1117
43362	1118
43362	1119
43362	1120
43362	1123
43362	1125
43362	1127
43362	1131
43362	1133
43362	1134
43362	1137
43362	1138
43362	1139
43362	1140
43362	1141
43362	1145
43362	1146
43362	1147
43362	1150
43362	1152
43362	1153
43362	1154
43362	1155
43362	1157
43362	1158
43362	1160
43362	1162
43362	1163
43362	1165
43362	1167
43362	1168
43362	1169
43362	1175
43362	1178
43362	1180
43362	1182
43362	1183
43362	1184
43362	1185
43362	1186
43362	1187
43362	1188
43362	1189
43362	1190
43362	1191
43362	1192
43362	1193
43362	1208
43362	1216
43362	1232
43362	1239
48570	1211
48570	1236
48570	1268
49279	1108
49279	1112
49279	1123
49279	1132
49279	1145
49279	1157
49279	1162
49279	1168
49279	1181
49279	1182
49279	1184
49279	1199
49279	1200
49279	1204
49279	1207
49279	1229
49279	1232
49279	1236
49279	1246
49279	1394
49508	1123
49508	1171
49508	1173
49508	1180
49508	1188
49508	1199
49508	1204
49508	1230
49508	1232
49508	1236
49508	1246
49508	1252
49763	1123
49763	1159
49763	1160
49763	1182
49763	1192
49763	1198
49763	1206
49763	1210
49763	1225
49763	1252
49763	1321
49763	1348
49763	1373
49763	1384
49939	1072
49939	1075
49939	1077
49939	1080
49939	1081
49939	1086
49939	1089
49939	1090
49939	1092
49939	1093
49939	1098
49939	1099
49939	1163
49939	1166
49939	1167
49939	1168
49939	1184
49939	1185
49939	1187
49939	1192
49939	1193
49939	1196
49939	1205
49939	1206
49939	1208
50354	1134
50354	1135
50354	1137
50354	1138
50354	1142
50354	1144
50354	1145
50354	1147
50354	1157
50354	1159
50354	1160
50354	1163
50354	1164
50354	1165
50354	1166
50354	1167
50354	1168
50354	1171
50354	1178
50354	1179
50354	1180
50354	1183
50354	1184
50354	1188
50354	1192
50354	1194
50354	1200
50354	1201
50354	1202
50354	1203
50354	1204
50354	1206
50354	1209
50354	1215
50354	1216
50354	1219
50354	1220
50354	1221
50354	1222
50354	1226
50714	1186
50714	1196
50714	1215
50714	1230
50714	1237
50714	1251
50714	1292
50714	1412
51394	1145
51394	1154
51394	1182
51394	1205
51394	1207
51394	1216
51394	1221
51394	1227
51394	1232
51394	1234
51394	1240
51394	1241
51394	1251
51394	1255
51394	1256
51394	1257
51394	1258
51394	1264
51394	1268
51394	1295
51394	1298
51394	1301
51394	1336
51394	1386
51408	1145
51408	1181
51408	1202
51408	1232
51566	1123
51566	1135
51566	1158
51566	1160
51566	1170
51566	1171
51566	1173
51566	1176
51566	1178
51566	1179
51566	1180
51566	1182
51566	1187
51566	1192
51566	1199
51566	1202
51566	1207
51566	1210
51566	1211
51566	1218
51566	1220
51566	1221
51566	1226
51566	1233
51566	1241
51566	1242
51566	1246
51566	1247
51566	1253
51566	1273
51581	1120
51581	1123
51581	1153
51581	1160
51581	1164
51581	1181
51581	1191
51581	1194
51581	1202
51581	1205
51581	1215
51581	1219
51581	1221
51581	1226
51581	1227
51581	1232
51581	1234
51581	1236
51581	1240
51581	1241
51581	1242
51581	1250
51581	1251
51581	1255
51581	1256
51581	1259
51581	1265
51581	1268
51581	1275
51581	1281
51581	1287
51581	1295
51581	1297
51581	1299
51581	1301
51581	1313
51581	1318
51581	1334
51581	1336
51581	1341
51581	1381
54970	1120
54970	1132
54970	1145
54970	1146
54970	1148
54970	1153
54970	1180
54970	1181
54970	1182
54970	1187
54970	1196
54970	1205
54970	1207
54970	1211
54970	1217
54970	1226
54970	1227
54970	1232
54970	1234
54970	1243
54970	1255
54970	1256
54970	1257
55063	1123
55063	1132
55063	1144
55063	1149
55063	1153
55063	1157
55063	1171
55063	1173
55063	1176
55063	1177
55063	1188
55063	1210
55063	1217
55063	1218
55063	1227
55063	1231
55063	1238
55063	1261
55063	1273
55401	1202
55401	1204
55401	1205
55401	1212
55401	1240
55401	1295
55401	1297
55401	1299
55401	1394
55634	1123
55634	1145
55634	1154
55634	1158
55634	1165
55634	1168
55634	1181
55634	1182
55634	1192
55634	1198
55634	1207
55634	1221
55634	1235
55828	1123
55828	1145
55828	1181
55828	1198
55828	1202
55828	1210
55828	1221
55828	1232
55828	1241
56783	1123
56783	1145
56783	1148
57311	1064
57311	1066
57311	1068
57311	1070
57311	1072
57311	1075
57311	1087
57311	1088
57311	1089
57311	1090
57311	1092
57311	1093
57311	1094
57311	1095
57311	1099
57311	1109
57311	1114
57311	1117
57311	1118
57311	1123
57311	1125
57311	1128
57311	1129
57311	1130
57311	1131
57311	1133
57311	1135
57311	1137
57311	1139
57311	1140
57311	1141
57311	1142
57311	1144
57311	1145
57311	1146
57311	1149
57311	1150
57311	1157
57311	1158
57311	1163
57311	1166
57311	1167
57311	1169
57311	1171
57311	1178
57311	1179
57311	1180
57311	1183
57311	1184
57311	1185
57311	1186
57311	1187
57311	1188
57311	1189
57311	1190
57311	1191
57311	1192
57311	1193
57311	1194
57311	1196
58236	1123
58236	1145
58236	1158
58236	1179
58236	1182
58236	1251
59154	1145
59154	1205
59154	1251
59154	1257
59154	1265
59154	1298
59154	1313
59154	1316
59266	1123
59266	1205
59266	1268
59266	1298
59323	1123
59733	1123
59733	1148
59733	1164
59733	1168
59733	1181
59733	1198
59733	1205
59733	1210
59733	1212
59733	1220
59733	1221
59733	1235
59733	1258
59733	1297
59733	1299
59733	1393
60244	1202
60244	1221
60244	1243
60244	1251
60244	1257
60244	1265
60244	1268
60244	1284
60244	1318
60597	1123
60597	1194
60597	1196
60597	1198
60597	1210
60597	1211
60597	1220
60597	1227
60597	1232
60597	1234
60597	1240
60597	1256
60597	1268
60597	1295
60597	1298
60597	1299
60597	1386
60986	1221
60986	1234
60986	1251
60986	1254
60986	1255
60986	1257
60986	1266
60986	1277
60986	1298
60986	1306
60986	1307
60986	1310
60986	1313
60986	1328
60986	1347
60986	1386
61760	1211
61892	1114
61892	1116
61892	1117
61892	1156
61892	1167
61892	1182
61892	1197
61892	1198
61892	1233
61892	1242
62161	1132
62161	1157
62161	1161
62161	1162
62161	1173
62161	1179
62341	1120
62341	1130
62341	1135
62341	1157
62341	1160
62341	1163
62341	1164
62341	1167
62341	1171
62341	1176
62341	1187
62341	1194
62341	1196
62341	1202
62341	1203
62341	1205
62341	1207
62341	1214
62341	1216
62341	1218
62341	1219
62341	1220
62341	1221
62341	1223
62341	1228
62341	1232
62341	1234
62341	1238
62341	1239
62341	1241
62341	1250
62341	1268
62341	1273
62341	1292
62341	1298
62341	1299
62341	1309
62341	1336
63772	1246
64080	1123
64080	1145
64080	1149
64080	1177
64080	1181
64080	1204
64080	1205
64080	1215
64080	1217
64080	1221
64080	1236
64080	1246
64080	1251
64080	1256
64080	1259
64080	1265
64080	1268
64080	1281
64080	1295
64080	1316
64829	1123
64829	1148
64829	1162
64829	1171
64829	1182
65398	1064
65398	1065
65398	1066
65398	1069
65398	1071
65398	1076
65398	1077
65398	1080
65398	1084
65398	1087
65398	1089
65398	1090
65398	1091
65398	1093
65398	1094
65398	1105
65398	1108
65398	1124
65398	1138
65398	1139
65398	1146
65398	1153
65398	1161
65398	1162
65398	1163
65398	1165
65398	1166
65398	1167
65398	1178
65398	1180
65398	1181
65398	1183
65398	1184
65398	1185
65398	1187
65398	1190
65398	1239
65398	1241
66068	1148
66068	1257
66068	1305
67353	1118
67353	1120
67353	1148
67353	1198
67353	1205
67353	1221
67353	1237
67461	1117
67461	1123
67461	1125
67461	1130
67461	1132
67461	1135
67461	1145
67461	1146
67461	1147
67461	1149
67461	1153
67461	1155
67461	1156
67461	1160
67461	1163
67461	1164
67461	1171
67461	1173
67461	1176
67461	1179
67461	1180
67461	1181
67461	1182
67461	1184
67461	1192
67461	1198
67461	1199
67461	1200
67461	1202
67461	1203
67461	1205
67461	1206
67461	1211
67461	1212
67461	1213
67461	1214
67461	1215
67461	1217
67461	1219
67461	1220
67461	1221
67461	1225
67461	1226
67461	1227
67461	1228
67461	1229
67461	1230
67461	1231
67461	1232
67461	1233
67461	1234
67461	1236
67461	1237
67461	1239
67461	1241
67461	1246
67461	1247
67461	1248
67461	1255
67461	1256
67461	1268
67461	1280
67461	1288
67461	1295
67461	1298
67461	1299
67461	1336
67461	1386
67976	1118
67976	1171
67976	1221
67976	1394
69326	1153
69326	1174
69326	1182
69326	1202
69326	1203
69326	1216
69326	1220
69326	1272
69367	1093
69367	1112
69367	1134
69367	1154
69367	1156
69367	1167
69367	1181
69367	1247
70527	1136
70527	1181
70527	1198
70527	1202
70527	1217
70527	1232
70527	1236
70725	1123
70725	1125
70725	1135
70725	1145
70725	1153
70725	1154
70725	1165
70725	1178
70725	1212
70725	1226
70725	1227
70725	1232
70725	1233
70725	1236
70725	1255
70725	1268
70725	1311
74146	1195
74146	1236
74489	1108
74489	1117
74489	1128
74489	1130
74489	1140
74489	1147
74489	1157
74489	1163
74489	1166
74489	1167
74489	1172
74489	1187
74489	1197
74489	1202
74489	1222
74489	1226
74489	1239
74489	1246
74489	1252
74489	1280
74489	1394
74489	1426
75277	1120
75277	1123
75277	1135
75277	1157
75277	1165
75277	1181
75277	1191
75277	1198
75277	1214
75277	1221
75277	1236
75277	1298
75729	1098
75729	1106
75729	1117
75729	1120
75729	1125
75729	1130
75729	1135
75729	1146
75729	1156
75729	1160
75729	1163
75729	1165
75729	1178
75729	1186
75729	1187
75729	1200
75729	1206
75729	1212
75729	1213
75729	1226
75729	1237
75729	1337
76710	1086
76710	1107
76710	1120
76710	1130
76710	1142
76710	1178
76710	1198
76710	1201
76710	1212
76710	1220
76710	1223
76770	1106
76770	1118
76770	1123
76770	1142
76770	1179
76770	1181
76770	1198
76770	1203
76770	1207
76770	1210
76770	1211
76770	1214
76770	1221
76770	1222
76770	1230
76770	1237
76770	1242
76770	1243
76770	1245
76770	1251
76770	1257
76770	1258
76770	1386
76903	1067
76903	1070
76903	1078
76903	1080
76903	1093
76903	1127
76903	1152
76903	1171
76903	1181
76903	1190
76903	1216
76903	1224
76903	1229
76903	1231
76903	1232
76903	1233
76903	1239
76903	1241
76903	1253
77722	1074
77722	1076
77722	1077
77722	1086
77722	1093
77722	1094
77722	1098
77722	1099
77722	1101
77722	1102
77722	1108
77722	1109
77722	1115
77722	1116
77722	1117
77722	1119
77722	1120
77722	1121
77722	1122
77722	1123
77722	1125
77722	1127
77722	1129
77722	1133
77722	1137
77722	1138
77722	1140
77722	1141
77722	1142
77722	1146
77722	1150
77722	1153
77722	1155
77722	1158
77722	1161
77722	1163
77722	1166
77722	1167
77722	1176
77722	1177
77722	1180
77722	1181
77722	1182
77722	1183
77722	1184
77722	1188
77722	1191
77722	1193
77722	1194
77722	1196
77722	1197
77722	1200
77722	1201
77722	1203
77722	1209
77735	1244
77735	1251
77735	1291
79123	1145
79123	1164
79123	1221
79123	1229
79123	1236
79123	1268
79123	2608
80640	1127
80640	1137
80640	1144
80640	1145
80640	1147
80640	1148
80640	1153
80640	1155
80640	1156
80640	1162
80640	1163
80640	1170
80640	1171
80640	1173
80640	1188
80640	1194
80640	1205
80640	1206
80640	1208
80640	1212
80640	1214
80640	1216
80640	1224
80640	1225
80640	1229
80640	1231
80640	1235
80640	1236
80640	1240
80640	1243
80640	1244
80640	1248
80640	1251
80640	1254
80640	1255
80640	1257
80640	1261
80640	1268
80640	1269
80640	1270
80640	1314
80640	1393
80640	1394
83962	1123
83962	1179
83962	1181
83962	1198
83962	1199
83962	1210
83962	1212
83962	1235
83962	1253
84151	1108
84151	1123
84151	1236
84151	1257
85202	1080
85202	1088
85202	1116
85202	1127
85202	1152
85202	1175
85202	1210
85202	1306
86243	1106
86243	1125
86243	1202
86243	1234
86809	1171
86809	1198
86809	1202
86809	1205
86809	1232
86809	1236
86809	1268
86809	1336
87923	1092
87923	1108
87923	1116
87923	1123
87923	1132
87923	1134
87923	1139
87923	1142
87923	1145
87923	1148
87923	1149
87923	1153
87923	1171
87923	1173
87923	1177
87923	1179
87923	1180
87923	1181
87923	1186
87923	1188
87923	1189
87923	1190
87923	1197
87923	1198
87923	1202
87923	1221
87923	1225
87923	1232
87923	1235
87923	1236
87923	1240
87923	1243
87923	1246
87923	1261
87923	1268
87923	1280
87923	1298
87923	1303
87923	1324
87923	1336
87923	1380
87923	1396
87923	1441
89465	1123
89465	1268
90015	1066
90015	1067
90015	1068
90015	1072
90015	1073
90015	1074
90015	1075
90015	1076
90015	1077
90015	1078
90015	1080
90015	1090
90015	1091
90015	1092
90015	1093
90015	1099
90015	1100
90015	1102
90015	1123
90015	1124
90015	1131
90015	1133
90015	1135
90015	1144
90015	1146
90015	1152
90015	1153
90015	1155
90015	1158
90015	1159
90015	1162
90015	1163
90015	1166
90015	1167
90015	1168
90015	1169
90015	1175
90015	1178
90015	1179
90015	1180
90015	1183
90015	1184
90015	1187
90015	1188
90015	1190
90015	1191
90015	1213
90015	1225
90015	1227
90015	1231
90015	1232
90015	1429
90015	2125
90015	2281
90015	2515
92675	1148
92675	1182
92675	1204
92675	1205
92675	1207
92675	1225
92675	1232
92675	1246
92675	1295
94173	1123
94173	1125
94173	1157
94173	1187
94173	1193
94173	1248
94528	1123
94528	1177
94528	1179
94528	1186
94528	1188
94528	1195
94528	1197
94528	1199
94528	1201
94528	1205
94528	1210
94528	1211
94528	1212
94528	1214
94528	1215
94528	1217
94528	1227
94528	1229
94528	1232
94528	1236
95924	1246
95924	1268
95924	1295
95947	1123
95947	1145
95947	1181
95947	1207
95947	1257
95947	1266
95947	1268
95947	1816
96523	1073
96523	1077
96523	1081
96523	1089
96523	1090
96523	1092
96523	1093
96523	1097
96523	1098
96523	1100
96523	1102
96523	1112
96523	1114
96523	1116
96523	1119
96523	1120
96523	1121
96523	1123
96523	1125
96523	1130
96523	1133
96523	1137
96523	1140
96523	1145
96523	1146
96523	1147
96523	1150
96523	1152
96523	1153
96523	1155
96523	1156
96523	1158
96523	1164
96523	1165
96523	1167
96523	1171
96523	1176
96523	1177
96523	1180
96523	1182
96523	1187
96523	1189
96523	1193
96523	1194
96523	1195
96523	1196
96523	1197
96523	1198
96523	1200
96523	1203
96523	1215
96523	1216
96523	1219
96523	1220
96523	1225
96523	1226
96523	1237
96523	1238
96523	1248
96523	1256
96523	1257
96523	1261
96523	1343
96523	1350
96523	1364
96523	1385
96523	1447
96523	1449
96523	1596
96523	1644
96523	1668
96523	1758
96523	1760
96523	2303
97254	1145
97254	1160
97254	1170
97254	1178
97254	1210
97254	1230
97254	1268
98300	1123
98300	1145
98300	1152
98300	1158
98300	1171
98300	1182
98300	1207
98300	1221
98300	1227
99994	1131
99994	1133
99994	1154
99994	1219
99994	1220
99994	1221
99994	1239
101035	1124
101035	1145
101035	1147
101035	1156
101035	1170
101035	1177
101035	1182
101035	1207
101035	1216
101035	1219
101035	1220
101035	1233
101035	1383
102218	1123
102218	1153
102218	1173
102218	1224
102218	1307
102218	1308
102218	1376
102431	1077
102431	1078
102431	1099
102431	1106
102431	1107
102431	1110
102431	1123
102431	1132
102431	1155
102431	1173
102431	1174
102431	1179
102431	1180
102431	1182
102431	1187
102431	1188
102431	1194
102431	1200
102431	1205
102431	1217
102431	1227
102431	1230
102431	1232
102431	1246
102431	1264
103576	1181
103576	1253
106844	1120
106844	1123
106844	1158
106844	1165
106844	1192
106844	1205
106844	1217
106844	1221
106844	1225
106844	1236
106844	1268
107086	1108
107086	1126
107086	1135
107086	1157
107086	1188
107155	1118
107155	1123
110238	1149
110238	1199
110238	1236
110510	1076
110510	1079
110510	1080
110510	1112
110510	1126
110510	1131
110510	1134
110510	1137
110510	1140
110510	1142
110510	1144
110510	1146
110510	1149
110510	1150
110510	1152
110510	1153
110510	1154
110510	1177
110510	1180
110510	1182
110510	1183
110510	1185
110510	1186
110510	1187
110510	1191
110510	1192
110510	1194
110510	1200
110510	1251
110545	1158
110545	1179
110545	1192
110545	1256
110545	1268
110545	1295
111058	1123
111058	1145
111058	1179
111058	1202
111290	1084
111290	1086
111290	1087
111290	1091
111290	1093
111290	1102
111290	1104
111290	1105
111290	1107
111290	1108
111290	1109
111290	1111
111290	1117
111290	1118
111290	1120
111290	1123
111290	1124
111290	1125
111290	1126
111290	1127
111290	1131
111290	1135
111290	1137
111290	1138
111290	1139
111290	1140
111290	1142
111290	1144
111290	1149
111290	1150
111290	1154
111290	1157
111290	1166
111290	1167
111290	1168
111290	1169
111290	1176
111290	1179
111290	1180
111290	1181
111290	1182
111290	1183
111290	1184
111290	1185
111290	1187
111290	1188
111290	1190
111290	1191
111290	1192
111290	1194
111290	1195
111290	1198
111290	1200
111290	1201
111290	1202
111290	1203
111290	1206
111290	1208
111290	1209
111290	1212
111290	1219
111290	1221
111290	1222
111290	1223
111290	1225
111290	1226
111290	1230
111290	1232
111290	1233
111290	1239
111290	1244
111290	1245
111290	1247
112430	1123
112430	1145
112430	1154
112430	1176
112430	1179
112430	1181
112430	1182
112430	1192
112430	1198
112430	1205
112430	1221
112430	1232
112430	1242
112430	1243
112430	1251
112430	1258
112430	1265
113007	1221
113007	1247
113173	1123
113217	1096
113217	1099
113217	1106
113217	1117
113217	1118
113217	1120
113217	1121
113217	1123
113217	1124
113217	1125
113217	1126
113217	1127
113217	1128
113217	1129
113217	1130
113217	1145
113217	1146
113217	1147
113217	1154
113217	1155
113217	1158
113217	1160
113217	1161
113217	1163
113217	1164
113217	1165
113217	1172
113217	1177
113217	1179
113217	1180
113217	1182
113217	1184
113217	1186
113217	1187
113217	1197
113217	1200
113217	1201
113217	1207
113217	1213
113217	1225
113217	1226
113217	1230
113217	1231
113217	1237
114161	1118
114161	1119
114161	1123
114161	1136
114161	1145
114161	1148
114161	1175
114161	1184
114161	1202
114161	1214
114161	1221
114161	1235
114161	1237
114161	1370
114161	1373
114908	1182
114908	1203
114908	1242
114908	1257
114908	1292
114908	1386
116322	1136
116322	1181
116322	1251
116322	1268
116322	1280
118125	1120
118125	1157
118125	1205
118125	1207
118125	1221
118125	1227
118125	1232
118125	1236
118320	1202
118320	1205
118320	1236
118320	1246
118476	1123
118476	1198
118476	1205
118476	1221
118476	1225
118476	1240
118476	1268
118476	1295
118476	1298
118476	2120
118522	1135
118522	1145
118522	1165
118522	1182
118522	1187
118522	1205
118522	1265
118522	1316
121103	1145
121103	1164
121103	1165
121103	1171
121103	1181
121103	1182
121103	1211
121103	1227
121103	1251
121103	1257
121103	1298
124345	1183
124345	1205
124345	1215
124345	1225
124345	1265
124345	1268
124345	1281
124345	1295
124345	1336
126485	1181
126485	1198
126485	1207
126485	1211
126485	1221
126485	1222
126485	1243
126485	1257
126485	1258
126485	1298
126606	1077
126606	1145
126606	1168
126606	1181
126606	1182
126606	1191
126606	1193
126606	1203
126606	1207
126606	1209
126606	1214
126606	1215
126606	1220
126606	1231
126606	1241
126606	1273
126606	1816
126623	1149
126623	1218
126623	1228
126623	1268
126623	1270
126623	1309
127739	1123
127739	1168
127739	1171
127739	1173
127739	1181
127739	1192
127739	1210
127739	1235
127739	1394
127771	1055
127771	1088
127771	1091
127771	1105
127771	1106
127771	1121
127771	1123
127771	1130
127771	1135
127771	1139
127771	1141
127771	1145
127771	1147
127771	1152
127771	1164
127771	1168
127771	1171
127771	1172
127771	1175
127771	1177
127771	1179
127771	1182
127771	1186
127771	1187
127771	1190
127771	1191
127771	1192
127771	1200
127771	1201
127771	1205
127771	1209
127771	1210
127771	1211
127771	1212
127771	1214
127771	1221
127771	1222
127771	1225
127771	1226
127771	1229
127771	1233
127771	1237
127771	1257
127771	1258
127771	1261
129511	1099
129511	1105
129511	1108
129511	1118
129511	1119
129511	1122
129511	1124
129511	1126
129511	1128
129511	1131
129511	1135
129511	1139
129511	1141
129511	1144
129511	1145
129511	1146
129511	1149
129511	1187
129511	1190
129511	1192
129511	1194
129511	1202
129511	1209
129511	1221
129511	1226
129511	1228
129511	1239
129511	1247
129511	1251
130091	1118
130099	1093
130099	1123
130099	1168
130099	1198
130316	1132
130316	1145
130316	1147
130316	1160
130316	1171
130316	1173
130316	1183
130316	1191
130316	1192
130316	1206
130316	1207
130316	1211
130316	1212
130316	1216
130316	1223
130316	1233
130316	1239
130316	1247
130316	1325
130316	1327
130316	1336
130316	1344
130316	1356
130838	1067
130838	1069
130838	1072
130838	1088
130838	1119
130838	1150
130838	1152
130838	1168
130838	1175
130838	1208
130838	1209
131285	1108
131285	1112
131285	1123
131285	1125
131285	1146
131285	1152
131285	1154
131285	1186
131285	1192
131285	1205
131285	1233
131285	1241
131285	1273
131532	1145
131532	1152
131532	1181
131532	1198
131532	1221
131532	1251
131532	1265
131532	1268
131532	1298
131594	1147
131594	1167
131594	1183
131594	1235
132423	1057
132423	1062
132423	1065
132423	1066
132423	1067
132423	1068
132423	1072
132423	1073
132423	1074
132423	1075
132423	1076
132423	1077
132423	1078
132423	1080
132423	1081
132423	1083
132423	1086
132423	1087
132423	1088
132423	1090
132423	1091
132423	1093
132423	1094
132423	1095
132423	1109
132423	1110
132423	1114
132423	1115
132423	1117
132423	1120
132423	1121
132423	1124
132423	1125
132423	1127
132423	1133
132423	1135
132423	1137
132423	1138
132423	1139
132423	1140
132423	1142
132423	1144
132423	1145
132423	1146
132423	1147
132423	1149
132423	1150
132423	1154
132423	1155
132423	1157
132423	1158
132423	1159
132423	1163
132423	1164
132423	1166
132423	1167
132423	1168
132423	1169
132423	1171
132423	1175
132423	1176
132423	1177
132423	1179
132423	1180
132423	1182
132423	1183
132423	1184
132423	1187
132423	1188
132423	1190
132423	1191
132423	1192
132423	1201
132423	1210
132740	1123
132740	1135
132740	1136
132740	1137
132740	1146
132740	1155
132740	1156
132740	1157
132740	1160
132740	1162
132740	1176
132740	1178
132740	1182
132740	1200
132740	1206
132740	1211
132740	1226
132740	1271
133195	1118
133195	1123
133195	1127
133195	1137
133195	1145
133195	1148
133195	1152
133195	1155
133195	1162
133195	1171
133195	1183
133195	1198
133195	1207
133195	1212
133195	1226
133195	1235
133195	1236
133195	3051
133378	1062
133378	1064
133378	1067
133378	1071
133378	1072
133378	1073
133378	1077
133378	1080
133378	1081
133378	1084
133378	1085
133378	1086
133378	1089
133378	1090
133378	1092
133378	1095
133378	1096
133378	1097
133378	1098
133378	1101
133378	1104
133378	1109
133378	1116
133378	1121
133378	1122
133378	1125
133378	1127
133378	1130
133378	1133
133378	1139
133378	1142
133378	1146
133378	1147
133378	1150
133378	1152
133378	1153
133378	1154
133378	1155
133378	1156
133378	1158
133378	1159
133378	1160
133378	1164
133378	1166
133378	1167
133378	1169
133378	1170
133378	1172
133378	1173
133378	1174
133378	1176
133378	1177
133378	1178
133378	1180
133378	1182
133378	1183
133378	1184
133378	1185
133378	1187
133378	1189
133378	1191
133378	1226
133378	1261
133378	1327
133512	1125
133512	1202
133512	1204
133512	1205
133512	1221
133512	1228
133512	1232
133512	1240
133512	1268
133512	1295
133512	1298
133512	1336
133746	1078
133746	1083
133746	1090
133746	1095
133746	1098
133746	1125
133746	1131
133746	1135
133746	1142
133746	1175
133788	1106
133788	1123
133788	1181
136252	1251
136252	1257
136252	1298
136252	1313
136252	1459
136953	1110
136953	1112
136953	1114
136953	1116
136953	1117
136953	1118
136953	1119
136953	1120
136953	1121
136953	1122
136953	1124
136953	1125
136953	1129
136953	1133
136953	1137
136953	1138
136953	1139
136953	1140
136953	1145
136953	1155
136953	1156
136953	1163
136953	1165
136953	1167
136953	1168
136953	1171
136953	1173
136953	1177
136953	1179
136953	1180
136953	1181
136953	1183
136953	1186
136953	1188
136953	1192
136953	1198
136953	1201
136953	1204
136953	1206
136953	1219
136953	1220
136953	1222
136953	1225
136953	1226
136953	1231
137467	1075
137467	1087
137467	1136
137467	1157
137504	1106
137504	1123
137504	1145
137504	1154
137504	1181
137504	1214
137504	1298
138950	1145
138950	1154
138950	1177
138950	1179
138950	1182
138950	1198
138950	1202
138950	1221
138950	1225
138950	1227
138950	1236
138950	1246
138950	1256
138950	1298
138950	1336
139033	1106
139033	1117
139033	1123
139033	1145
139033	1181
139033	1221
139650	1256
139650	1268
141168	1119
141168	1123
141168	1148
141168	1198
141168	1221
141168	1235
141168	1243
141168	1268
141168	1292
141168	1295
141168	1298
141168	1306
144296	1092
144296	1094
144296	1098
144296	1099
144296	1100
144296	1104
144296	1107
144296	1109
144296	1112
144296	1123
144296	1124
144296	1125
144296	1128
144296	1129
144296	1133
144296	1140
144296	1147
144296	1155
144296	1157
144296	1160
144296	1162
144296	1165
144296	1166
144296	1168
144296	1179
144296	1180
144296	1183
144296	1184
144296	1192
144296	1230
144459	1119
144459	1145
144459	1175
144459	1184
144459	1198
144913	1148
144913	1157
144913	1187
144913	1199
144913	1202
144913	1205
144913	1221
144913	1270
145460	1232
145460	1250
145460	1251
145460	1305
147848	1109
147848	1110
147848	1112
147848	1115
147848	1116
147848	1120
147848	1137
147848	1138
147848	1141
147848	1150
147848	1192
147848	1193
147848	1195
147848	1200
147848	1203
147848	1218
147848	1219
147848	1220
147848	1221
147848	1222
147848	1232
147848	1238
147848	1242
147848	1247
147848	1251
147848	1273
147848	1314
147848	1489
147848	1629
147848	1717
147848	1726
147848	1766
147848	1767
147848	2770
147939	1123
147939	1136
147939	1142
147939	1148
147939	1165
147939	1167
147939	1193
147939	1207
147939	1214
147939	1221
147939	1235
147939	1245
147939	1268
148237	1207
148237	1234
148237	1242
148293	1110
148293	1123
148293	1210
149516	1077
149516	1093
149516	1123
149516	1184
149516	1191
149516	1216
149516	1217
149516	1246
149516	1394
151016	1225
151685	1057
151685	1062
151685	1064
151685	1065
151685	1067
151685	1070
151685	1074
151685	1076
151685	1077
151685	1078
151685	1079
151685	1080
151685	1084
151685	1089
151685	1090
151685	1095
151685	1096
151685	1097
151685	1098
151685	1106
151685	1110
151685	1117
151685	1118
151685	1120
151685	1123
151685	1124
151685	1125
151685	1128
151685	1130
151685	1132
151685	1135
151685	1137
151685	1140
151685	1144
151685	1145
151685	1146
151685	1147
151685	1149
151685	1150
151685	1153
151685	1154
151685	1155
151685	1156
151685	1157
151685	1158
151685	1159
151685	1160
151685	1163
151685	1164
151685	1165
151685	1167
151685	1170
151685	1171
151685	1172
151685	1173
151685	1175
151685	1176
151685	1177
151685	1178
151685	1179
151685	1180
151685	1182
151685	1183
151685	1185
151685	1186
151685	1187
151685	1188
151685	1189
151685	1192
151685	1193
151685	1200
151685	1213
151685	1217
151685	1230
151685	1231
151685	1237
151685	1246
151685	1271
151685	1280
152331	1066
152331	1067
152331	1072
152331	1074
152331	1075
152331	1076
152331	1080
152331	1087
152331	1090
152331	1091
152331	1092
152331	1093
152331	1094
152331	1095
152331	1096
152331	1108
152331	1109
152331	1110
152331	1111
152331	1114
152331	1117
152331	1124
152331	1126
152331	1127
152331	1128
152331	1129
152331	1131
152331	1133
152331	1139
152331	1150
152331	1159
152331	1162
152331	1165
152331	1187
154558	1066
154558	1068
154558	1078
154558	1079
154558	1110
154558	1111
154558	1115
154558	1121
154558	1126
154558	1128
154558	1129
154558	1130
154558	1131
154558	1134
154558	1135
154558	1137
154558	1140
154558	1142
154558	1144
154558	1149
154558	1152
154558	1153
154558	1160
154558	1161
154558	1162
154558	1165
154558	1167
154558	1170
154558	1176
154558	1178
154558	1191
154558	1212
154558	1215
154558	1216
155063	1145
155063	1217
155063	1236
155063	1306
158890	1221
158890	1251
158890	1257
158890	1265
159912	1112
159912	1123
159912	1136
159912	1145
159912	1148
159912	1152
159912	1156
159912	1157
159912	1168
159912	1171
159912	1183
159912	1187
159912	1202
159912	1203
159912	1211
159912	1221
159912	1222
159912	1229
159912	1234
159912	1263
160024	1124
160024	1135
160024	1144
160024	1175
160024	1177
160024	1178
160024	1180
160024	1183
160024	1185
160024	1201
160024	1206
160024	1207
160024	1208
160024	1210
160024	1212
160024	1222
160024	1225
160024	1226
160024	1228
160024	1230
160024	1232
160024	1233
160024	1250
160024	1254
160024	1259
160024	1260
160024	1262
160024	1264
160024	1286
161106	1120
161106	1123
161106	1124
161106	1125
161106	1127
161106	1128
161106	1130
161106	1131
161106	1133
161106	1137
161106	1138
161106	1139
161106	1142
161106	1146
161106	1150
161106	1151
161106	1158
161106	1164
161106	1167
161106	1168
161106	1169
161106	1172
161106	1175
161106	1176
161106	1178
161106	1179
161106	1180
161106	1182
161106	1183
161106	1184
161106	1186
161106	1187
161106	1188
161106	1190
161106	1192
161106	1193
161106	1194
161106	1196
161106	1200
161106	1202
161106	1203
161106	1206
161333	1077
161333	1078
161333	1080
161333	1086
161333	1087
161333	1090
161333	1093
161333	1099
161333	1102
161333	1104
161333	1105
161333	1107
161333	1111
161333	1115
161333	1119
161333	1122
161333	1123
161333	1124
161333	1126
161333	1127
161333	1128
161333	1129
161333	1133
161333	1134
161333	1135
161333	1137
161333	1139
161333	1140
161333	1141
161333	1142
161333	1144
161333	1146
161333	1150
161333	1152
161333	1153
161333	1155
161333	1157
161333	1158
161333	1163
161333	1166
161333	1167
161333	1168
161333	1169
161333	1172
161333	1173
161333	1175
161333	1176
161333	1179
161333	1181
161333	1182
161333	1184
161333	1185
161333	1187
161333	1190
161333	1192
161333	1201
161333	1211
161541	1148
161541	1159
161541	1182
161541	1204
161541	1205
161541	1221
161541	1223
161541	1241
161541	1242
161541	1251
161541	1268
161541	1305
161541	1336
163175	1106
163175	1116
163175	1123
163175	1134
163175	1135
163175	1147
163175	1148
163175	1153
163175	1157
163175	1165
163175	1167
163175	1171
163175	1172
163175	1173
163175	1178
163175	1179
163175	1181
163175	1182
163175	1188
163175	1191
163175	1192
163175	1194
163175	1196
163175	1198
163175	1199
163175	1201
163175	1204
163175	1205
163175	1207
163175	1214
163175	1216
163175	1217
163175	1221
163175	1229
163175	1233
163175	1236
163175	1246
163175	1256
163175	1261
163175	1295
163175	1298
163175	1305
163175	2410
163175	3230
163727	1123
163727	1145
163727	1154
163727	1198
163727	1205
163727	1251
163727	1256
163727	1257
163727	1265
163727	1298
163727	1584
164644	1100
164644	1101
164644	1104
164644	1108
164644	1111
164644	1165
164644	1168
164644	1183
164644	1221
164644	1651
165054	1123
165054	1145
165054	1156
165054	1182
165054	1198
165054	1199
165054	1202
165054	1207
165054	1216
165054	1221
165054	1227
165054	1229
165054	1251
167435	1105
167435	1123
167435	1125
167435	1202
167435	1207
167435	1221
167435	1235
167435	1247
167649	1059
167649	1060
167649	1061
167649	1062
167649	1068
167649	1072
167649	1073
167649	1074
167649	1075
167649	1076
167649	1077
167649	1080
167649	1081
167649	1085
167649	1086
167649	1090
167649	1093
167649	1098
167649	1099
167649	1100
167649	1101
167649	1105
167649	1107
167649	1111
167649	1114
167649	1124
167649	1125
167649	1126
167649	1127
167649	1129
167649	1133
167649	1134
167649	1135
167649	1138
167649	1139
167649	1142
167649	1144
167649	1145
167649	1146
167649	1153
167649	1154
167649	1155
167649	1158
167649	1163
167649	1165
167649	1166
167649	1168
167649	1169
167649	1170
167649	1171
167649	1172
167649	1180
167649	1181
167649	1183
167649	1184
167649	1186
167649	1187
167649	1188
167649	1190
167649	1192
169665	1071
169665	1074
169665	1075
169665	1078
169665	1079
169665	1080
169665	1081
169665	1086
169665	1091
169665	1092
169665	1095
169665	1098
169665	1099
169665	1101
169665	1102
169665	1104
169665	1105
169665	1106
169665	1109
169665	1111
169665	1116
169665	1119
169665	1121
169665	1124
169665	1125
169665	1126
169665	1129
169665	1130
169665	1133
169665	1137
169665	1138
169665	1139
169665	1140
169665	1141
169665	1142
169665	1146
169665	1147
169665	1155
169665	1158
169665	1159
169665	1160
169665	1163
169665	1164
169665	1165
169665	1167
169665	1168
169665	1169
169665	1175
169665	1188
169665	1190
169665	1192
169665	1193
169665	1196
169665	1201
169665	1206
169665	1216
169665	1221
169665	1225
169665	1320
169665	1431
169665	2517
172863	1112
172863	1114
172863	1115
172863	1116
172863	1117
172863	1119
172863	1124
172863	1125
172863	1127
172863	1129
172863	1132
172863	1133
172863	1135
172863	1138
172863	1139
172863	1144
172863	1145
172863	1152
172863	1153
172863	1155
172863	1156
172863	1160
172863	1183
172863	1188
172863	1212
172863	1222
175937	1108
175937	1116
175937	1118
175937	1123
175937	1130
175937	1136
175937	1167
175937	1177
175937	1186
175937	1190
175937	1192
175937	1196
175937	1198
175937	1202
175937	1205
175937	1209
175937	1211
175937	1212
175937	1215
175937	1236
175937	1295
175937	1298
175937	1299
175937	1386
175937	1394
176333	1093
176333	1108
176333	1123
176333	1128
176333	1147
176333	1153
176333	1157
176333	1165
176333	1168
176333	1172
176333	1173
176333	1175
176333	1188
176333	1192
176333	1202
176333	1211
176333	1231
176333	1233
176333	1239
176333	1242
176333	1394
178196	1093
178196	1123
178196	1145
182008	1087
182008	1202
182008	1204
182008	1225
182008	1246
182008	1268
182008	1305
182883	1137
182883	1138
182883	1142
182883	1146
182883	1149
182883	1150
182883	1153
182883	1155
182883	1158
182883	1163
182883	1164
182883	1167
182883	1168
182883	1176
182883	1177
182883	1180
182883	1181
182883	1182
182883	1183
182883	1188
182883	1189
182883	1191
182883	1192
182883	1193
182883	1196
182883	1205
182883	1216
182883	1218
182883	1219
182883	1225
182883	1227
182883	1232
182883	1233
182883	1244
182883	1247
182883	1249
182883	1254
182883	1259
182883	1262
182883	1266
182883	1267
184695	1123
184695	1145
184695	1181
184695	1205
184695	1210
184695	1211
184695	1221
185072	1123
185072	1145
185072	1179
185072	1192
185072	1198
185072	1202
185072	1205
185072	1211
185072	1221
185072	1227
185072	1230
185072	1232
185072	1236
185072	1240
185072	1246
185072	1299
185072	1347
187049	1077
187049	1093
187049	1106
187049	1116
187049	1118
187049	1119
187049	1123
187049	1125
187049	1136
187049	1147
187049	1148
187049	1153
187049	1154
187049	1156
187049	1160
187049	1167
187049	1168
187049	1172
187049	1173
187049	1175
187049	1178
187049	1179
187049	1181
187049	1182
187049	1184
187049	1186
187049	1189
187049	1191
187049	1192
187049	1193
187049	1198
187049	1199
187049	1200
187049	1201
187049	1202
187049	1203
187049	1204
187049	1205
187049	1206
187049	1207
187049	1209
187049	1210
187049	1211
187049	1212
187049	1213
187049	1214
187049	1215
187049	1219
187049	1220
187049	1221
187049	1222
187049	1225
187049	1226
187049	1227
187049	1228
187049	1229
187049	1230
187049	1231
187049	1232
187049	1233
187049	1234
187049	1235
187049	1236
187049	1237
187049	1238
187049	1239
187049	1240
187049	1242
187049	1247
187049	1250
187049	1253
187049	1264
187049	1268
187049	1270
187049	1275
187049	1276
187049	1299
187049	1386
187049	1394
188222	1142
188222	1205
188222	1214
188222	1232
188222	1265
188718	1182
188718	1187
188718	1221
188718	1236
188718	1237
188718	1268
188718	1299
188724	1132
188724	1167
188724	1217
188724	1252
188724	1268
188948	1145
188948	1148
188948	1154
188948	1165
188948	1181
188948	1234
188948	1235
188948	1237
189288	1145
189288	1157
189288	1202
189288	1211
189978	1091
189978	1094
189978	1099
189978	1100
189978	1104
189978	1107
189978	1112
189978	1117
189978	1119
189978	1122
189978	1124
189978	1129
189978	1133
189978	1134
189978	1137
189978	1138
189978	1140
189978	1141
189978	1142
189978	1144
189978	1145
189978	1146
189978	1147
189978	1152
189978	1153
189978	1155
189978	1158
189978	1159
189978	1165
189978	1166
189978	1167
189978	1172
189978	1173
189978	1175
189978	1177
189978	1183
189978	1188
189978	1198
189978	1200
189978	1206
189978	1209
189978	1213
189978	1223
191503	1120
191503	1123
191503	1134
191503	1138
191503	1181
191503	1200
191503	1202
191503	1207
191503	1209
191503	1212
191503	1232
191503	1235
191503	1236
191503	1241
191503	1257
191503	1276
191503	1299
191503	1336
191902	1123
191902	1148
191902	1153
191902	1163
191902	1171
191902	1221
191902	1268
192992	1055
192992	1057
192992	1058
192992	1061
192992	1065
192992	1068
192992	1069
192992	1078
192992	1079
192992	1080
192992	1081
192992	1106
192992	1112
192992	1114
192992	1117
192992	1124
192992	1126
192992	1138
192992	1139
192992	1141
192992	1155
192992	1159
192992	1161
192992	1162
192992	1164
192992	1165
192992	1167
192992	1168
192992	1169
192992	1171
192992	1175
192992	1180
192992	1182
192992	1183
192992	1186
192992	1190
192992	1200
192992	1203
192992	1213
192992	1221
192992	1226
194952	1123
194952	1145
194952	1186
194952	1194
194952	1205
194952	1217
194952	1225
194952	1242
194952	1252
194952	1268
194952	1298
194952	1336
194952	1394
198256	1268
199007	1071
199007	1072
199007	1080
199007	1102
199007	1116
199007	1117
199007	1118
199007	1119
199007	1122
199007	1124
199007	1125
199007	1126
199007	1128
199007	1129
199007	1131
199007	1133
199007	1138
199007	1139
199007	1140
199007	1141
199007	1147
199007	1155
199007	1166
199007	1168
199007	1171
199007	1175
199007	1176
199007	1187
199007	1198
199007	1763
199007	1887
199069	1108
199069	1150
199069	1151
199069	1152
199069	1193
199069	1202
199069	1219
199069	1234
199339	1123
199339	1132
199339	1145
199339	1153
199339	1154
199339	1182
199339	1194
199339	1205
199339	1217
199339	1236
199339	1264
200126	1123
200126	1147
200126	1184
200126	1192
200665	1123
200665	1132
200665	1145
200665	1179
200665	1181
200665	1246
201865	1123
201865	1145
201865	1147
201865	1154
201865	1181
201865	1211
201865	1212
201865	1217
201865	1221
201865	1230
201865	1231
201865	1232
201865	1234
201865	1251
201865	1253
201865	1256
201865	1263
201865	1298
201865	1386
203295	1136
203295	1181
203295	1184
203295	1198
203295	1212
203295	1234
203506	1123
203506	1181
203506	1210
203506	1265
203506	1306
204895	1132
204895	1175
204895	1268
204895	1284
206404	1106
206404	1117
206404	1123
206404	1137
206404	1145
206404	1147
206404	1148
206404	1162
206404	1170
206404	1181
206404	1206
206404	1222
206404	1235
206404	1237
206404	1241
206404	1273
206404	1298
206557	1123
206557	1182
206557	1205
206557	1207
206557	1221
206557	1236
206557	1256
206557	1298
208070	1123
208070	1145
208070	1148
208070	1182
208070	1184
208070	1207
208070	1210
208070	1221
208070	1225
208070	1227
208070	1336
208598	1105
208598	1123
208598	1148
208598	1198
208598	1207
208598	1256
209308	1123
209308	1145
209308	1148
209308	1171
209308	1179
209308	1181
209308	1182
209308	1198
209308	1202
209308	1205
209308	1211
209308	1219
209308	1221
209308	1225
209308	1227
209308	1232
209308	1234
209308	1235
209308	1236
209308	1240
209308	1243
209308	1255
209308	1256
209308	1258
209308	1266
209308	1268
209308	1275
209308	1295
209308	1298
209308	1299
209308	1305
209308	1336
209375	1123
209375	1145
209375	1154
209375	1167
209375	1221
209375	1230
209375	1236
209375	1298
211747	1192
211747	1202
211747	1239
211747	1268
211825	1107
211825	1125
211825	1128
211825	1130
211825	1163
211825	1167
211825	1171
211825	1178
211825	1180
211825	1198
211825	1200
211825	1225
211825	1226
211825	1229
211825	1236
211825	1252
211825	1263
211825	1268
213035	1123
213035	1157
213035	1171
213035	1192
213035	1201
213035	1205
213035	1216
213035	1221
213035	1236
213035	1268
214461	1123
214461	1154
214461	1157
214461	1171
214461	1192
214461	1199
214461	1205
214461	1221
214461	1257
215493	1106
215493	1114
215493	1117
215493	1124
215493	1127
215493	1130
215493	1132
215493	1135
215493	1139
215493	1144
215493	1145
215493	1146
215493	1147
215493	1154
215493	1159
215493	1160
215493	1162
215493	1175
215493	1177
215493	1179
215493	1181
215493	1187
215493	1190
215493	1191
215493	1198
215493	1206
215493	1207
215493	1209
215493	1216
215493	1221
215493	1222
215493	1224
215493	1263
215493	1816
216738	1227
216738	1403
217248	1123
217248	1145
217248	1157
217248	1182
217248	1209
217248	1232
217814	1123
217814	1145
217814	1154
217814	1179
217814	1181
217814	1182
217814	1192
217814	1198
217814	1201
217814	1207
217814	1221
217814	1229
217814	1231
217814	1234
217814	1268
219202	1083
219202	1090
219202	1093
219202	1095
219202	1108
219202	1123
219202	1194
219202	1201
219202	1205
219202	1229
219202	1232
219202	1235
219202	1236
219202	1246
219202	1336
219369	1118
219369	1123
219369	1145
219369	1181
219369	1207
219369	1268
219516	1052
219516	1057
219516	1058
219516	1061
219516	1062
219516	1063
219516	1064
219516	1066
219516	1068
219516	1070
219516	1072
219516	1073
219516	1074
219516	1075
219516	1076
219516	1077
219516	1078
219516	1079
219516	1080
219516	1084
219516	1086
219516	1087
219516	1089
219516	1091
219516	1092
219516	1093
219516	1094
219516	1095
219516	1096
219516	1097
219516	1101
219516	1104
219516	1105
219516	1107
219516	1108
219516	1109
219516	1111
219516	1114
219516	1115
219516	1116
219516	1117
219516	1119
219516	1123
219516	1124
219516	1125
219516	1126
219516	1128
219516	1130
219516	1133
219516	1134
219516	1135
219516	1137
219516	1138
219516	1139
219516	1141
219516	1142
219516	1144
219516	1145
219516	1149
219516	1150
219516	1155
219516	1159
219516	1161
219516	1163
219516	1166
219516	1167
219516	1168
219516	1169
219516	1171
219516	1175
219516	1176
219516	1178
219516	1179
219516	1180
219516	1182
219516	1183
219516	1184
219516	1185
219516	1186
219516	1187
219516	1188
219516	1189
219516	1190
219516	1191
219516	1192
219719	1093
219719	1123
219719	1162
219719	1211
219719	1212
219719	1214
219719	1221
221564	1118
221564	1123
221564	1136
221564	1145
221564	1147
221564	1151
221564	1160
221564	1170
221564	1176
221564	1182
221564	1185
221564	1191
221564	1201
221564	1202
221564	1205
221564	1206
221564	1210
221564	1221
221564	1231
221564	1251
221564	1266
221564	1287
221564	1298
221564	1307
221564	1313
221564	1318
221564	1328
221564	1383
221564	1513
221746	1184
221746	1194
221746	1197
221746	1207
221746	1211
221746	1217
221746	1221
221746	1231
221746	1233
221746	1240
221746	1256
221746	1257
222886	1092
222886	1093
222886	1108
222886	1116
222886	1117
222886	1120
222886	1130
222886	1134
222886	1142
222886	1150
222886	1163
222886	1165
222886	1189
222886	1209
222886	1212
222886	1213
222886	1226
222886	1237
224073	1145
224073	1154
224073	1182
224073	1198
224661	1118
224661	1132
224661	1133
224661	1146
224661	1152
224661	1157
224661	1163
224661	1171
224661	1180
224661	1181
224661	1182
224661	1187
224661	1192
224661	1193
224661	1198
224661	1199
224661	1202
224661	1210
224661	1212
224661	1213
224661	1216
224661	1230
224661	1236
224661	1239
224661	1240
224661	1241
224661	1246
224661	1251
224661	1268
224661	1276
224661	1295
224661	1313
224661	1316
225204	1123
225204	1145
225204	1171
225204	1181
225204	1193
225204	1203
225204	1212
225204	1235
225204	1816
226264	1118
226264	1120
226264	1122
226264	1123
226264	1124
226264	1125
226264	1126
226264	1128
226264	1129
226264	1130
226264	1157
226264	1159
226264	1166
226264	1174
226264	1182
226264	1183
226264	1186
226264	1187
226264	1190
226264	1192
226264	1197
226264	1198
226264	1200
226264	1201
226264	1202
226264	1203
226264	1204
226264	1205
226264	1207
226264	1212
226264	1219
226264	1221
226264	1224
226264	1227
226264	1234
226264	1239
226264	1245
226264	1251
226264	1256
226264	1257
226264	1258
226264	1259
226264	1260
226264	1265
226264	1266
226264	1268
226264	1284
226264	1293
226264	1298
226264	1301
226264	1306
226264	1308
226264	1313
226264	1315
226264	1316
226264	1318
226264	1326
226264	1332
226264	1333
226264	1334
226264	1335
226264	1336
226264	1342
226264	1383
227249	1118
227249	1120
227249	1128
227249	1132
227249	1140
227249	1153
227249	1155
227249	1161
227249	1164
227249	1170
227249	1179
227249	1192
227249	1195
227249	1200
227249	1205
227249	1210
227249	1214
227249	1215
227249	1221
227249	1226
227249	1232
227249	1234
227249	1241
227249	1245
227249	1255
227249	1394
227249	1412
228053	1106
228053	1112
228053	1145
228053	1171
228053	1172
228053	1173
228053	1176
228053	1177
228053	1179
228053	1181
228053	1183
228053	1192
228053	1194
228053	1204
228053	1222
228053	1230
228053	1234
228053	1246
228053	1252
228053	1852
230291	1123
230291	1152
230291	1174
230291	1192
230291	1201
230291	1212
230291	1217
230291	1225
230291	1231
230291	1272
230291	1298
231583	1182
231583	1184
231583	1190
231583	1205
231583	1210
232511	1123
232511	1145
232511	1148
232511	1171
232511	1179
232511	1181
232511	1182
232511	1202
232511	1210
232511	1211
232511	1212
232511	1232
232511	1234
232511	1235
232511	1242
232511	1268
232511	1458
233252	1077
233252	1108
233252	1125
233252	1136
233252	1187
233252	1193
233252	1202
233252	1212
233252	1234
233252	1235
233252	1241
233252	2165
233252	2249
233739	1145
233739	1205
236270	1118
236270	1123
236270	1168
236270	1193
236270	1200
236270	1202
236270	1205
236270	1211
236270	1221
236270	1233
236270	1235
236270	2170
236493	1123
236493	1145
236493	1181
236493	1201
236493	1204
236493	1205
236493	1210
236493	1212
236493	1221
236493	1229
236493	1237
236493	1268
237810	1123
237810	1137
237810	1144
237810	1157
237810	1159
237810	1170
237810	1173
237810	1183
237810	1197
237810	1202
237810	1210
237810	1211
237810	1212
237810	1216
237810	1221
237810	1224
237810	1231
237810	1233
237810	1235
237810	1263
237810	1309
237810	1373
237810	1530
237810	1549
237810	1575
240042	1202
240229	1123
240229	1132
240229	1135
240229	1178
240229	1198
240229	1206
241441	1106
241441	1117
241441	1123
241441	1153
241441	1154
241441	1156
241441	1165
241441	1173
241441	1178
241441	1179
241441	1181
241441	1192
241441	1195
241441	1197
241441	1200
241441	1202
241441	1205
241441	1206
241441	1207
241441	1210
241441	1211
241441	1214
241441	1221
241441	1226
241441	1230
241441	1232
241441	1233
241441	1234
241441	1236
241441	1237
241441	1239
241441	1242
241441	1243
241441	1253
241441	1257
241441	1258
241441	1268
241441	1271
241441	1295
241441	1298
241441	1305
241441	1336
241441	1386
242159	1125
242159	1140
242159	1142
242159	1144
242159	1145
242159	1146
242159	1147
242159	1150
242159	1155
242159	1156
242159	1157
242159	1163
242159	1165
242159	1169
242159	1171
242159	1174
242159	1176
242159	1177
242159	1179
242159	1180
242159	1182
242159	1183
242159	1188
242159	1189
242159	1191
242159	1193
242159	1194
242159	1196
242159	1202
242159	1203
242159	1204
242159	1205
242159	1206
242159	1208
242159	1212
242159	1216
242159	1218
242159	1219
242159	1221
242159	1222
242159	1225
242159	1226
242159	1227
242159	1229
242159	1232
242159	1233
243236	1123
243236	1188
243236	1210
243236	1211
243236	1233
246132	1106
246132	1111
246132	1115
246132	1121
246132	1123
246132	1125
246132	1126
246132	1127
246132	1133
246132	1138
246132	1146
246132	1153
246132	1155
246132	1158
246132	1163
246132	1169
246132	1172
246132	1177
246132	1180
246132	1183
246132	1188
246132	1189
246132	1193
246132	1194
246132	1195
246132	1196
246132	1197
246132	1201
246132	1204
246132	1205
246132	1214
246132	1216
246132	1219
246132	1223
246632	1116
246632	1136
246632	1155
246632	1168
246632	1195
246632	1214
246632	1221
246632	1228
246632	1232
246632	1234
246632	1235
246632	1245
246632	1253
246632	1255
246632	1256
246632	1257
246632	1273
246632	1275
246632	1288
246632	1292
248665	1118
248665	1148
248665	1168
248665	1247
248755	1145
248755	1181
248755	1182
248755	1207
251084	1106
251084	1108
251084	1112
251084	1117
251084	1118
251084	1119
251084	1123
251084	1125
251084	1127
251084	1136
251084	1137
251084	1142
251084	1145
251084	1146
251084	1147
251084	1148
251084	1149
251084	1150
251084	1152
251084	1156
251084	1157
251084	1159
251084	1160
251084	1161
251084	1162
251084	1163
251084	1164
251084	1165
251084	1168
251084	1170
251084	1171
251084	1172
251084	1173
251084	1175
251084	1178
251084	1179
251084	1180
251084	1181
251084	1183
251084	1186
251084	1187
251084	1191
251084	1192
251084	1193
251084	1194
251084	1195
251084	1196
251084	1197
251084	1198
251084	1200
251084	1201
251084	1202
251084	1206
251084	1210
251084	1211
251084	1212
251084	1214
251084	1215
251084	1216
251084	1217
251084	1219
251084	1220
251084	1221
251084	1222
251084	1223
251084	1226
251084	1230
251084	1231
251084	1232
251084	1233
251084	1234
251084	1235
251084	1237
251084	1239
251084	1241
251084	1242
251084	1250
251084	1253
251084	1261
251084	1263
251084	1280
251084	1394
251407	1119
251407	1120
251407	1123
251407	1145
251407	1152
251407	1164
251407	1168
251407	1171
251407	1181
251407	1187
251407	1198
251407	1202
251407	1210
251407	1211
251407	1221
251407	1226
251407	1227
251407	1229
251407	1231
251407	1263
251940	1146
251940	1180
251940	1202
251940	1204
251940	1205
251940	1232
251940	1241
251940	1298
251940	1313
251940	1348
251940	1802
252984	1135
252984	1140
252984	1145
252984	1147
252984	1148
252984	1157
252984	1160
252984	1168
252984	1182
252984	1196
252984	1201
252984	1221
252984	1229
252984	1291
254673	1093
254673	1108
254673	1112
254673	1116
254673	1119
254673	1123
254673	1126
254673	1134
254673	1137
254673	1142
254673	1145
254673	1148
254673	1150
254673	1159
254673	1162
254673	1168
254673	1175
254673	1179
254673	1202
254673	1208
254673	1209
254673	1210
254673	1221
254673	1222
254673	1231
254673	1235
254673	1264
254673	1280
254673	1394
255195	1108
255195	1123
255195	1135
255195	1137
255195	1147
255195	1148
255195	1150
255195	1154
255195	1155
255195	1160
255195	1162
255195	1168
255195	1170
255195	1179
255195	1182
255195	1187
255195	1201
255195	1206
255195	1207
255195	1210
255195	1211
255195	1220
255195	1221
255195	1222
255195	1224
255195	1229
255195	1230
255195	1234
255195	1237
255195	1247
255195	1250
255195	1299
255377	1212
255377	1221
255377	1235
255377	1295
255377	1409
255377	1416
255377	1484
255377	1541
255377	1550
255377	1603
255377	1606
255693	1150
255693	1170
255693	1179
255693	1181
255693	1182
255693	1184
255693	1186
255693	1189
255693	1192
255693	1194
255693	1198
255693	1200
255693	1202
255693	1203
255693	1204
255693	1205
255693	1209
255693	1216
255693	1218
255693	1234
255693	1237
255693	1241
255693	1263
255961	1145
255961	1154
255961	1202
255961	1221
255961	1232
256126	1130
256126	1191
256126	1195
256126	1215
258734	1123
258734	1154
258734	1199
258734	1257
259847	1146
259847	1163
259847	1165
259847	1167
259847	1180
259847	1187
259847	1196
259847	1205
259847	1213
259847	1221
259847	1232
259847	1240
259847	1243
259847	1252
259847	1257
259952	1123
259952	1127
259952	1130
259952	1132
259952	1140
259952	1145
259952	1147
259952	1149
259952	1153
259952	1157
259952	1177
259952	1179
259952	1180
259952	1187
259952	1192
259952	1193
259952	1198
259952	1199
259952	1202
259952	1203
259952	1204
259952	1205
259952	1215
259952	1216
259952	1221
259952	1231
259952	1236
259952	1238
259952	1246
259952	1247
259952	1278
259952	1280
259952	1394
259952	1403
261982	1154
261982	1240
261982	1257
261982	1268
261982	1295
262445	1123
262445	1127
262445	1128
262445	1145
262445	1160
262445	1168
262445	1180
262445	1221
262445	1232
262445	1237
262445	1295
262445	1336
262726	1171
262726	1181
262726	1182
262726	1205
262726	1221
262726	1268
262726	1368
262726	1668
263454	1123
263454	1178
263454	1221
263454	1225
263454	1241
263454	1252
263856	1119
263856	1120
263856	1121
263856	1123
263856	1124
263856	1125
263856	1126
263856	1127
263856	1128
263856	1129
263856	1130
263856	1135
263856	1137
263856	1138
263856	1139
263856	1140
263856	1141
263856	1142
263856	1144
263856	1145
263856	1146
263856	1147
263856	1153
263856	1159
263856	1163
263856	1164
263856	1167
263856	1168
263856	1169
263856	1171
263856	1180
263856	1183
263856	1192
263856	1193
264025	1221
264025	1298
264090	1137
264090	1162
264090	1164
264090	1175
264090	1186
264090	1194
264090	1225
264090	1235
264090	1252
264135	1132
264135	1140
264135	1144
264135	1147
264135	1149
264135	1153
264135	1154
264135	1158
264135	1167
264135	1170
264135	1171
264135	1172
264135	1174
264135	1177
264135	1179
264135	1180
264135	1181
264135	1183
264135	1186
264135	1191
264135	1192
264135	1193
264135	1194
264135	1195
264135	1196
264135	1197
264135	1198
264135	1199
264135	1201
264135	1202
264135	1203
264135	1204
264135	1205
264135	1207
264135	1211
264135	1214
264135	1215
264135	1216
264135	1217
264135	1218
264135	1219
264135	1220
264135	1221
264135	1222
264135	1223
264135	1224
264135	1225
264135	1227
264135	1228
264135	1229
264135	1230
264135	1231
264135	1232
264135	1233
264135	1234
264135	1236
264135	1238
264135	1239
264135	1240
264135	1241
264135	1242
264135	1243
264135	1244
264135	1245
264135	1246
264135	1248
264135	1249
264135	1250
264135	1251
264135	1252
264135	1253
264135	1254
264135	1255
264135	1256
264135	1258
264135	1259
264135	1260
264135	1262
264135	1263
264135	1264
264135	1265
264135	1266
264135	1267
264135	1268
264135	1269
264135	1270
264135	1272
264135	1273
264135	1274
264135	1275
264135	1276
264135	1277
264135	1278
264135	1279
264135	1280
264135	1281
264135	1282
264135	1284
264135	1285
264135	1286
264135	1287
264135	1288
264135	1289
264135	1291
264135	1292
264135	1293
264135	1294
264135	1295
264135	1296
264135	1297
264135	1298
264135	1299
264135	1300
264135	1301
264135	1302
264135	1305
264135	1306
264135	1307
264135	1309
264135	1310
264135	1311
264135	1314
264135	1316
264135	1318
264135	1319
264135	1322
264135	1326
264135	1328
264135	1330
264135	1331
264135	1332
264135	1333
264135	1334
264135	1336
264135	1337
264135	1341
264135	1344
264135	1345
264135	1346
264135	1347
264135	1357
264135	1359
264135	1381
264135	1386
264135	1393
264135	1395
264135	1403
264135	1412
264490	1125
264490	1146
264490	1187
264490	1212
264490	1226
264490	1248
264490	1249
264490	1255
264490	1257
266031	1123
266031	1198
266031	1211
266031	1256
266031	1268
266031	1295
266031	1298
266356	1087
266356	1131
266356	1157
266356	1200
266356	1202
266837	1123
266837	1145
266837	1164
266837	1171
266837	1221
266837	1230
266837	1251
266837	1295
266837	1298
267590	1116
267590	1145
267590	1158
267590	1168
267590	1192
267590	1210
267590	1212
267590	1227
267590	1232
267590	1242
267783	1242
268762	1221
268762	1240
268762	1242
268762	1251
268891	1123
268991	1123
268991	1157
268991	1182
268991	1205
268991	1210
268991	1211
269720	1145
269720	1179
269720	1181
269720	1210
269720	1211
269720	1221
271089	1125
271089	1179
271089	1200
271089	1204
271089	1205
271089	1226
271089	1229
271089	1236
271089	1246
271089	1252
271089	1264
271966	1093
271966	1120
271966	1140
271966	1155
271966	1161
271966	1162
271966	1188
271966	1194
271966	1201
271966	1205
271966	1214
271966	1221
271966	1225
271966	1238
271966	1394
271976	1123
271976	1171
271976	1187
271976	1191
271976	1198
271976	1199
271976	1201
271976	1216
271976	1251
271976	1268
271976	1332
272179	1157
272179	1181
272179	1192
272179	1197
272179	1202
272179	1241
272805	1221
272805	1235
273258	1110
273258	1246
273258	1394
273691	1113
273691	1198
273691	1202
273691	1222
273691	1227
273691	1232
273691	1236
273691	1246
273691	1250
273691	1305
274161	1085
274161	1190
275246	1072
275246	1087
275246	1119
275246	1131
275246	1136
275246	1183
275246	1193
275246	1202
275246	1239
275246	1243
275246	1257
275246	1263
275246	1298
276034	1147
276034	1159
276034	1179
276034	1181
276034	1192
276034	1197
276034	1198
276034	1230
276034	1231
276034	1235
277439	1123
277439	1145
277439	1251
277439	1268
278559	1077
278559	1079
278559	1084
278559	1105
278559	1108
278559	1120
278559	1125
278559	1130
278559	1135
278559	1149
278559	1160
278559	1161
278559	1165
278559	1178
278559	1180
278559	1183
278559	1188
278559	1190
278559	1192
278559	1212
278559	1226
278559	1261
281734	1087
281734	1094
281734	1096
281734	1105
281734	1106
281734	1111
281734	1112
281734	1114
281734	1117
281734	1118
281734	1119
281734	1122
281734	1124
281734	1126
281734	1128
281734	1129
281734	1130
281734	1131
281734	1137
281734	1138
281734	1139
281734	1149
281734	1162
281734	1167
281734	1174
281734	1175
281734	1176
281734	1177
281734	1186
281734	1187
281734	1188
281734	1189
281734	1190
281734	1191
281734	1192
281734	1194
281734	1198
281734	1200
281734	1202
281734	1203
281734	1205
281734	1206
281734	1207
281734	1208
281734	1212
281734	1215
281734	1216
281734	1218
281734	1221
281734	1222
281734	1223
281734	1224
281734	1230
281734	1239
281734	1264
282486	1123
282486	1181
282486	1207
282486	1219
282486	1236
284565	1123
284565	1164
284565	1202
284565	1205
284565	1243
284565	1255
284565	1257
284565	1348
290703	1119
290703	1123
290703	1132
290703	1145
290703	1148
290703	1159
290703	1198
290703	1207
290703	1211
290703	1220
290703	1221
290703	1232
290703	1235
290703	1251
290703	1268
290703	1822
290977	1093
290977	1106
290977	1118
290977	1123
290977	1132
290977	1145
290977	1167
290977	1179
290977	1181
290977	1182
290977	1198
290977	1204
290977	1205
290977	1210
290977	1211
290977	1212
290977	1221
290977	1229
290977	1230
290977	1232
290977	1235
290977	1236
290977	1240
290977	1242
290977	1287
290977	1295
290977	1305
292663	1064
292663	1071
292663	1073
292663	1074
292663	1077
292663	1078
292663	1084
292663	1087
292663	1090
292663	1091
292663	1093
292663	1095
292663	1102
292663	1104
292663	1105
292663	1106
292663	1111
292663	1112
292663	1114
292663	1115
292663	1118
292663	1122
292663	1123
292663	1124
292663	1125
292663	1126
292663	1127
292663	1129
292663	1130
292663	1137
292663	1139
292663	1141
292663	1148
292663	1153
292663	1154
292663	1155
292663	1156
292663	1159
292663	1160
292663	1161
292663	1162
292663	1164
292663	1168
292663	1169
292663	1171
292663	1173
292663	1174
292663	1180
292663	1181
292663	1185
292663	1189
292663	1190
292663	1191
292663	1194
292663	1201
292663	1205
292663	1206
292663	1210
292663	1212
292663	1214
292663	1226
292663	1236
294461	1205
294461	1251
294461	1269
294461	1287
294461	1341
296242	1142
296242	1156
296242	1164
296242	1181
296242	1221
296242	1227
296242	1232
296242	1289
296242	1295
296244	1093
296244	1145
296244	1152
296244	1171
296244	1198
296244	1214
296244	1235
297061	1123
297061	1136
297061	1145
297061	1156
297061	1176
297061	1182
297061	1192
297061	1198
297061	1203
297061	1214
297061	1221
297061	1231
297061	1233
297623	1120
297623	1199
297623	1205
297623	1210
297623	1219
297623	1221
297623	1227
297623	1255
297623	1268
297623	1298
297623	1321
298825	1123
298825	1146
298825	1198
298825	1212
298825	1221
298825	1232
298825	1235
299210	1123
299210	1171
299210	1197
299210	1211
299210	1221
299210	1257
299210	1394
299884	1106
299884	1117
299884	1165
299884	1168
299884	1211
299884	1213
299884	1412
300562	1056
300562	1062
300562	1064
300562	1066
300562	1073
300562	1077
300562	1080
300562	1081
300562	1087
300562	1090
300562	1091
300562	1092
300562	1099
300562	1100
300562	1101
300562	1102
300562	1104
300562	1111
300562	1113
300562	1116
300562	1125
300562	1126
300562	1128
300562	1130
300562	1133
300562	1138
300562	1147
300562	1150
300562	1152
300562	1155
300562	1159
300562	1167
300562	1175
300562	1176
300562	1177
300562	1179
300562	1180
300562	1182
300562	1183
300562	1185
300562	1191
300562	1194
300562	1195
300562	1198
300562	1202
300562	1208
301487	1168
301487	1202
301487	1212
301487	1235
301487	1243
302110	1055
302110	1077
302110	1104
302110	1107
302110	1111
302110	1114
302110	1115
302110	1120
302110	1123
302110	1124
302110	1125
302110	1126
302110	1127
302110	1128
302110	1132
302110	1134
302110	1135
302110	1137
302110	1138
302110	1142
302110	1144
302110	1145
302110	1146
302110	1149
302110	1150
302110	1152
302110	1153
302110	1154
302110	1158
302110	1159
302110	1163
302110	1165
302110	1167
302110	1171
302110	1172
302110	1175
302110	1176
302110	1179
302110	1180
302110	1182
302110	1186
302110	1188
302110	1200
302110	1221
302488	1052
302488	1067
302488	1069
302488	1070
302488	1075
302488	1077
302488	1079
302488	1080
302488	1090
302488	1120
302488	1121
302488	1124
302488	1125
302488	1127
302488	1128
302488	1133
302488	1135
302488	1137
302488	1140
302488	1143
302488	1144
302488	1149
302488	1155
302488	1173
302488	1180
302488	1183
302488	1184
302488	1192
302488	1232
302488	1233
302488	1244
302645	1123
302645	1136
302645	1145
302645	1179
302645	1181
302645	1222
302645	1241
302645	2894
303269	1078
303269	1093
303269	1100
303269	1106
303269	1107
303269	1111
303269	1127
303269	1132
303269	1142
303269	1145
303269	1152
303269	1154
303269	1155
303269	1168
303269	1169
303269	1171
303269	1181
303269	1183
303269	1187
303269	1190
303269	1198
303269	1211
303269	1217
303269	1229
303269	1230
303269	1234
303269	1264
303269	1348
303269	1459
303269	1493
303269	1766
303269	2868
305182	1059
305182	1061
305182	1068
305182	1080
305182	1085
305182	1124
305182	1145
305182	1152
305182	1154
305182	1160
305182	1170
305182	1171
305182	1185
305182	1201
305182	1239
305182	1251
306282	1132
306282	1145
306282	1146
306282	1153
306282	1171
306282	1180
306282	1181
306282	1182
306282	1195
306282	1202
306282	1207
306282	1212
306282	1216
306282	1225
306282	1228
306282	1232
306282	1234
306282	1239
306282	1240
306282	1250
306282	1273
306282	1275
306282	1276
306282	1298
306688	1106
306688	1117
306688	1118
306688	1123
306688	1130
306688	1148
306688	1163
306688	1165
306688	1181
306688	1198
306688	1205
306688	1206
306688	1210
306688	1211
306688	1221
306688	1230
306688	1234
306688	1235
306688	1237
306688	1242
306688	1250
306688	1261
306688	1298
306688	1336
306688	1386
307201	1054
307201	1056
307201	1057
307201	1068
307201	1072
307201	1073
307201	1074
307201	1075
307201	1077
307201	1078
307201	1086
307201	1087
307201	1090
307201	1092
307201	1093
307201	1101
307201	1108
307201	1109
307201	1111
307201	1112
307201	1114
307201	1117
307201	1120
307201	1123
307201	1125
307201	1126
307201	1127
307201	1128
307201	1130
307201	1131
307201	1134
307201	1135
307201	1137
307201	1138
307201	1142
307201	1144
307201	1145
307201	1146
307201	1147
307201	1150
307201	1153
307201	1155
307201	1157
307201	1158
307201	1161
307201	1163
307201	1167
307201	1169
307201	1171
307201	1172
307201	1176
307201	1177
307201	1178
307201	1180
307201	1183
307201	1188
307201	1191
307706	1112
307706	1120
307706	1123
307706	1145
307706	1150
307706	1152
307706	1163
307706	1165
307706	1171
307706	1177
307706	1187
307706	1192
307706	1197
307706	1198
307706	1205
307706	1207
307706	1221
307706	1234
307706	1246
307706	1247
307706	1257
308453	1107
308453	1109
308453	1111
308453	1114
308453	1115
308453	1116
308453	1117
308453	1121
308453	1124
308453	1127
308453	1172
308453	1175
308453	1176
308453	1177
308453	1179
308453	1180
308453	1182
308453	1184
308453	1189
308453	1191
308453	1195
308453	1203
308453	1204
308453	1205
308453	1206
308453	1210
308453	1218
308453	1221
308453	1223
308453	1225
308453	1226
308453	1232
308834	1076
308834	1077
308834	1078
308834	1080
308834	1081
308834	1084
308834	1098
308834	1114
308834	1116
308834	1117
308834	1118
308834	1119
308834	1120
308834	1122
308834	1123
308834	1124
308834	1126
308834	1127
308834	1128
308834	1129
308834	1130
308834	1137
308834	1138
308834	1139
308834	1141
308834	1144
308834	1146
308834	1147
308834	1149
308834	1150
308834	1152
308834	1153
308834	1154
308834	1157
308834	1158
308834	1159
308834	1160
308834	1161
308834	1164
308834	1166
308834	1167
308834	1168
308834	1169
308834	1171
308834	1172
308834	1175
308834	1176
308834	1178
308834	1179
308834	1183
308834	1185
308834	1187
308834	1188
308834	1212
308834	1213
308834	1216
308834	1224
308834	1239
308834	1263
308834	1280
309162	1182
309162	1205
309162	1207
309162	1221
309162	1251
309162	1255
309162	1256
309162	1258
309162	1295
309162	1298
309162	1313
309162	1316
309926	1145
309926	1154
309926	1176
309926	1182
309926	1221
309926	1236
309926	1257
309926	1268
310354	1077
310354	1087
310354	1092
310354	1093
310354	1094
310354	1105
310354	1108
310354	1112
310354	1114
310354	1116
310354	1118
310354	1119
310354	1120
310354	1121
310354	1123
310354	1124
310354	1125
310354	1126
310354	1127
310354	1128
310354	1130
310354	1131
310354	1132
310354	1135
310354	1137
310354	1138
310354	1139
310354	1140
310354	1141
310354	1142
310354	1144
310354	1145
310354	1147
310354	1149
310354	1150
310354	1152
310354	1153
310354	1154
310354	1155
310354	1157
310354	1158
310354	1159
310354	1160
310354	1161
310354	1162
310354	1164
310354	1165
310354	1166
310354	1167
310354	1168
310354	1170
310354	1171
310354	1173
310354	1175
310354	1176
310354	1177
310354	1178
310354	1179
310354	1180
310354	1181
310354	1182
310354	1183
310354	1184
310354	1185
310354	1186
310354	1187
310354	1188
310354	1189
310354	1190
310354	1191
310354	1192
310354	1193
310354	1194
310354	1195
310354	1196
310354	1197
310354	1198
310354	1199
310354	1200
310354	1202
310354	1204
310354	1205
310354	1207
310354	1208
310354	1209
310354	1210
310354	1211
310354	1216
310354	1217
310354	1220
310354	1223
310354	1225
310354	1229
310354	1231
310354	1236
310354	1241
310354	1242
310354	1263
310461	1106
310461	1123
310461	1148
310461	1156
310461	1168
310461	1182
310461	1198
310461	1202
310461	1210
310461	1221
310461	1246
310461	1257
310461	1394
310499	1145
310499	1184
310499	1207
310499	1257
310499	1326
310499	1416
312108	1123
312108	1130
312108	1145
312108	1146
312108	1154
312108	1156
312108	1160
312108	1186
312108	1202
312108	1207
312108	1213
312108	1216
312108	1221
312108	1226
312108	1229
312108	1233
312108	1243
312108	1247
312108	2195
312497	1106
312497	1107
312497	1109
312497	1112
312497	1114
312497	1116
312497	1117
312497	1119
312497	1120
312497	1121
312497	1123
312497	1124
312497	1125
312497	1127
312497	1128
312497	1129
312497	1130
312497	1135
312497	1137
312497	1138
312497	1140
312497	1142
312497	1144
312497	1145
312497	1147
312497	1150
312497	1154
312497	1163
312497	1164
312497	1167
312497	1168
312497	1170
312497	1171
312497	1173
312497	1175
312497	1176
312497	1177
312497	1178
312497	1180
312497	1181
312497	1182
312497	1183
312497	1186
312497	1188
312497	1189
312497	1191
312497	1192
312497	1193
312497	1194
312497	1196
312497	1197
312497	1201
312497	1204
312497	1206
312497	1212
312497	1214
312497	1215
312497	1222
312497	1225
312497	1226
312497	1227
312497	1268
313893	1199
313893	1214
313893	1216
313893	1217
313893	1254
313893	1266
314302	1120
314302	1125
314302	1205
314302	1235
314302	1251
314302	1271
314302	1298
315749	1123
315749	1165
315749	1167
315749	1176
315749	1179
315749	1180
315749	1181
315749	1192
315749	1207
315749	1210
315749	1211
315749	1216
315749	1222
315749	1225
315749	1239
315749	1268
316528	1093
316528	1184
316528	1199
316528	1204
316528	1215
316528	1232
316528	1248
316528	1252
316528	1264
316528	1322
318503	1077
318503	1092
318503	1093
318503	1106
318503	1108
318503	1117
318503	1118
318503	1119
318503	1123
318503	1125
318503	1128
318503	1130
318503	1132
318503	1135
318503	1136
318503	1142
318503	1144
318503	1145
318503	1147
318503	1148
318503	1149
318503	1153
318503	1154
318503	1155
318503	1156
318503	1157
318503	1158
318503	1160
318503	1162
318503	1164
318503	1165
318503	1167
318503	1168
318503	1170
318503	1171
318503	1172
318503	1174
318503	1175
318503	1178
318503	1180
318503	1182
318503	1183
318503	1184
318503	1186
318503	1187
318503	1188
318503	1191
318503	1192
318503	1195
318503	1198
318503	1205
318503	1207
318503	1208
318503	1210
318503	1211
318503	1214
318503	1215
318503	1216
318503	1217
318503	1219
318503	1220
318503	1221
318503	1223
318503	1225
318503	1227
318503	1228
318503	1229
318503	1230
318503	1231
318503	1232
318503	1236
318503	1237
318503	1238
318503	1241
318503	1242
318503	1244
318503	1245
318503	1250
318503	1252
318503	1253
318503	1255
318503	1256
318503	1257
318503	1261
318503	1264
318503	1272
318503	1273
318503	1275
318503	1276
318503	1279
318503	1280
318503	1298
318503	1299
318503	1309
318503	1314
318503	1336
318503	1393
318503	1412
318518	1118
318518	1123
318518	1145
318518	1179
318518	1181
318518	1182
318518	1184
318518	1198
318518	1199
318518	1202
318518	1207
318518	1221
318518	1235
318518	1243
318518	1265
318518	1287
318518	1298
318518	1301
318518	1383
318993	1125
318993	1144
318993	1146
318993	1147
318993	1153
318993	1157
318993	1160
318993	1165
318993	1172
318993	1173
318993	1176
318993	1181
318993	1182
318993	1183
318993	1184
318993	1187
318993	1193
318993	1197
318993	1202
318993	1203
318993	1206
318993	1207
318993	1211
318993	1212
318993	1214
318993	1221
318993	1222
318993	1223
318993	1224
318993	1226
318993	1230
318993	1231
318993	1233
318993	1234
318993	1238
318993	1239
318993	1241
318993	1245
318993	1247
318993	1248
318993	1250
318993	1257
318993	1263
318993	1264
318993	1309
319194	1150
319194	1168
319194	1202
320537	1077
320537	1078
320537	1079
320537	1080
320537	1084
320537	1087
320537	1089
320537	1092
320537	1094
320537	1095
320537	1098
320537	1099
320537	1100
320537	1101
320537	1105
320537	1107
320537	1109
320537	1111
320537	1114
320537	1119
320537	1123
320537	1124
320537	1125
320537	1126
320537	1127
320537	1128
320537	1130
320537	1134
320537	1135
320537	1138
320537	1146
320537	1150
320537	1154
320537	1166
320537	1206
320537	1220
321036	1105
321036	1123
321036	1162
321036	1175
321036	1179
321036	1211
321235	1093
321235	1123
321235	1132
321235	1152
321235	1153
321235	1171
321235	1179
321235	1181
321235	1182
321235	1183
321235	1188
321235	1198
321235	1202
321235	1205
321235	1210
321235	1216
321235	1219
321235	1221
321235	1227
321235	1228
321235	1232
321235	1236
321235	1240
321235	1246
321235	1247
321235	1250
321235	1264
321235	1273
321235	1311
321235	1345
321235	1371
321235	1373
321235	1394
321235	1402
321235	1462
321346	1163
321346	1193
321346	1203
321346	1263
321348	1123
321348	1170
321348	1172
321348	1180
321348	1184
321348	1192
321348	1232
321348	1239
321348	1258
321348	1268
321348	1298
321491	1179
321491	1194
321491	1205
321491	1221
321491	1227
321491	1232
321491	1298
321491	1299
321491	1386
322216	1112
322216	1114
322216	1121
322216	1122
322216	1124
322216	1126
322216	1133
322216	1134
322216	1137
322216	1138
322216	1144
322216	1150
322216	1152
322216	1155
322216	1159
322216	1161
322216	1168
322216	1169
322216	1170
322216	1174
322216	1175
322216	1179
322216	1185
322216	1186
322216	1188
322216	1192
322216	1197
322216	1201
322216	1206
322216	1208
322216	1210
322216	1212
322216	1222
322216	1225
322216	1226
322216	1233
322216	1236
322216	1237
322465	1165
322465	1229
322531	1061
322531	1062
322531	1065
322531	1067
322531	1073
322531	1074
322531	1077
322531	1086
322531	1093
322531	1094
322531	1105
322531	1114
322531	1115
322531	1116
322531	1117
322531	1119
322531	1120
322531	1121
322531	1122
322531	1125
322531	1127
322531	1128
322531	1129
322531	1131
322531	1152
322531	1154
322531	1159
322531	1160
322531	1161
322531	1165
322531	1167
322531	1168
322531	1175
322531	1177
322531	1187
322531	1189
322531	1190
322531	1194
322531	1195
322531	1200
322531	1204
322531	1208
322531	1217
322531	1225
322531	1231
322531	1232
322531	1236
322531	1241
324280	1123
324280	1198
324280	1226
324280	1235
324280	1298
325823	1082
325823	1145
325823	1235
325823	1268
326002	1123
326002	1145
326002	1202
326002	1221
326768	1155
326768	1199
326768	1200
326768	1205
326768	1232
326768	1252
326915	1205
326915	1216
326915	1256
326915	1268
326915	1284
327130	1092
327130	1093
327130	1112
327130	1116
327130	1117
327130	1118
327130	1119
327130	1123
327130	1125
327130	1126
327130	1132
327130	1134
327130	1146
327130	1153
327130	1155
327130	1159
327130	1162
327130	1167
327130	1168
327130	1170
327130	1171
327130	1173
327130	1179
327130	1180
327130	1181
327130	1183
327130	1187
327130	1189
327130	1192
327130	1195
327130	1198
327130	1199
327130	1201
327130	1202
327130	1203
327130	1204
327130	1205
327130	1206
327130	1210
327130	1211
327130	1212
327130	1214
327130	1215
327130	1216
327130	1217
327130	1221
327130	1223
327130	1224
327130	1226
327130	1229
327130	1230
327130	1231
327130	1235
327130	1237
327130	1239
327130	1241
327130	1246
327130	1263
327130	1280
327999	1205
329126	1187
329126	2178
329126	2606
330387	1120
330387	1184
330387	1202
330387	1221
330387	1237
330387	1266
330387	1403
330407	1123
330407	1137
330407	1145
330407	1160
330407	1162
330407	1164
330407	1165
330407	1171
330407	1174
330407	1181
330407	1201
330407	1205
330407	1206
330407	1207
330407	1210
330407	1211
330407	1213
330407	1220
330407	1221
330407	1223
330407	1226
330407	1227
330407	1228
330407	1231
330407	1234
330407	1235
330407	1239
330407	1240
330407	1241
330407	1247
330407	1250
330407	1255
330407	1268
330407	1275
330407	1336
332101	1118
332101	1123
332101	1145
332204	1147
332204	1192
332204	1202
332204	1203
332204	1237
332204	1257
332204	1285
332346	1068
332346	1076
332346	1077
332346	1078
332346	1079
332346	1080
332346	1085
332346	1086
332346	1087
332346	1089
332346	1090
332346	1091
332346	1092
332346	1093
332346	1094
332346	1095
332346	1096
332346	1097
332346	1098
332346	1099
332346	1104
332346	1105
332346	1109
332346	1111
332346	1116
332346	1122
332346	1133
332346	1134
332346	1135
332346	1139
332346	1144
332346	1150
332346	1152
332346	1153
332346	1164
332346	1177
332346	1183
332346	1185
332346	1187
332346	1190
332346	1209
332346	1239
332346	1255
334571	1118
334571	1123
334571	1136
334571	1148
334571	1198
334571	1200
334571	1225
334705	1105
334705	1116
334705	1123
334705	1149
334705	1165
334705	1175
334705	1186
334705	1192
334705	1200
334705	1205
334705	1211
334705	1229
334998	1194
334998	1196
334998	1214
334998	1221
334998	1238
334998	1241
334998	1256
334998	1257
334998	1272
