1750	2984
1750	3001
1750	3002
1750	3006
1750	3015
1750	3019
1750	3024
1750	3025
1750	3026
1750	3031
1750	3032
1750	3046
1750	3047
1750	3064
1750	3066
1750	3100
1750	3123
1750	3128
1750	3132
1750	3134
1750	3169
1791	2998
1791	3120
2068	2972
2068	2991
2068	2992
2068	2994
2068	2997
2068	3001
2068	3003
2068	3013
2068	3018
2068	3024
2068	3032
2068	3048
2068	3054
2068	3057
2068	3076
2068	3089
2068	3102
2068	3120
3306	2974
3306	2980
3306	2983
3306	2993
3306	2994
3306	3007
3306	3013
3306	3014
3306	3018
3306	3027
3306	3028
3306	3032
3306	3072
3306	3089
3306	3100
3306	3132
3306	3134
3651	3065
3651	3089
3892	2944
3892	2962
3892	2969
3892	2974
3892	2980
3892	2984
3892	2993
3892	3021
3892	3022
3892	3032
3892	3038
3892	3040
3892	3043
3892	3076
3892	3081
3892	3134
4805	2982
4805	2994
4805	3007
4805	3032
4805	3049
4966	2993
4966	3019
4966	3089
4966	3132
4966	3136
4966	3138
4966	3165
6237	2993
6237	3132
6648	2948
6648	2954
6648	2963
6648	2974
6648	2980
6648	2984
6648	2987
6648	2991
6648	2993
6648	2994
6648	2996
6648	3000
6648	3001
6648	3015
6648	3016
6648	3030
6648	3032
6648	3071
6648	3076
6648	3134
6648	3169
6690	2994
6690	3006
6690	3008
6690	3018
6690	3028
6690	3030
6690	3032
6690	3048
6690	3054
6690	3100
6690	3102
6690	3134
6935	3012
6935	3083
6935	3113
6935	3132
6935	3134
6935	3169
7146	2993
7146	3016
7146	3046
7146	3100
7146	3132
7146	3136
7490	2974
7490	2982
7490	2991
7490	2999
7490	3007
7490	3008
7490	3011
7490	3022
7490	3032
7490	3071
7490	3079
7490	3102
7490	3110
7784	2935
7784	2938
7784	2939
7784	2941
7784	2944
7784	2948
7784	2949
7784	2951
7784	2953
7784	2954
7784	2958
7784	2963
7784	2965
7784	2973
7784	2977
7784	2979
7784	2986
7784	2987
7784	2989
7784	3001
7784	3025
7808	2990
7808	2993
7808	3001
7808	3015
7808	3020
7808	3025
7808	3026
7808	3030
7808	3031
7808	3032
7808	3040
7808	3043
7808	3052
7808	3059
7808	3064
7808	3067
7808	3071
7808	3076
7808	3081
7808	3083
7808	3096
7808	3102
7808	3109
7808	3110
7808	3112
7808	3113
7808	3126
7808	3131
7808	3150
7808	3169
7808	3252
7886	2983
7886	2993
7886	2998
7886	3001
7886	3006
7886	3019
7886	3029
7886	3037
7886	3040
7886	3046
7886	3047
7886	3048
7886	3055
7886	3059
7886	3066
7886	3071
7886	3072
7886	3079
7886	3085
7886	3086
7886	3093
7886	3098
7886	3102
7886	3106
7886	3131
7886	3132
7886	3134
7886	3169
7886	3185
9386	2921
9386	2922
9386	2923
9386	2927
9386	2928
9386	2929
9386	2931
9386	2932
9386	2933
9386	2934
9386	2935
9386	2936
9386	2938
9386	2939
9386	2940
9386	2941
9386	2943
9386	2944
9386	2947
9386	2948
9386	2954
9386	2955
9386	2957
9386	2958
9386	2959
9386	2960
9386	2962
9386	2965
9386	2970
9386	2971
9386	2972
9386	2974
9386	2975
9386	2977
9386	2978
9386	2980
9386	2981
9386	2983
9386	2984
9386	2986
9386	2987
9386	2988
9386	2989
9386	2991
9386	2995
9386	2996
9386	2998
9386	2999
9386	3001
9386	3004
9386	3005
9386	3010
9386	3011
9386	3013
9386	3015
9386	3017
9386	3019
9386	3021
9386	3022
9386	3023
9386	3027
9386	3028
9386	3030
9386	3033
9919	2973
9919	3008
9919	3030
9919	3032
9919	3040
9919	3050
9919	3060
9919	3067
9919	3083
9919	3087
10031	3034
10031	3064
10031	3074
10031	3132
10031	3134
10223	2945
10223	2946
10223	2951
10223	2953
10223	2957
10223	2958
10223	2963
10223	2964
10223	2967
10223	2977
10223	2979
10223	2980
10223	2982
10223	2984
10223	2985
10223	2986
10223	2988
10223	2989
10223	2992
10223	2993
10223	2995
10223	2998
10223	2999
10223	3012
10223	3014
10223	3016
10223	3019
10223	3020
10223	3021
10223	3022
10223	3025
10223	3026
10223	3031
10223	3034
10223	3037
10252	3020
10252	3021
10252	3038
10252	3043
10252	3046
10252	3047
10252	3052
10252	3062
10252	3079
10252	3081
10252	3085
10252	3087
10252	3109
10252	3112
10252	3132
10252	3134
10252	3169
11945	3007
11945	3016
11945	3074
11945	3098
11945	3102
11945	3169
12604	2991
12604	3019
12604	3089
12604	3134
12604	3169
13361	2954
13361	2969
13361	2979
13361	2980
13361	2984
13361	2992
13361	2993
13361	3012
13361	3030
15947	2980
15947	2984
15947	2994
15947	2997
15947	3001
15947	3013
15947	3018
15947	3072
15947	3089
15947	3092
15947	3095
15947	3111
15947	3133
15947	3134
15947	3138
15947	3147
15947	3152
16033	2993
16033	3030
16033	3032
16033	3134
16339	2975
16339	2977
16339	2978
16339	2983
16339	2994
16339	3006
16339	3007
16339	3009
16339	3011
16339	3018
16339	3019
16339	3021
16339	3022
16339	3024
16339	3034
16339	3036
16339	3037
16339	3041
16339	3043
16339	3044
16339	3045
16339	3048
16339	3054
16339	3057
16339	3061
16339	3066
16339	3076
16339	3077
16339	3079
16339	3089
16339	3102
16339	3110
16339	3120
16339	3134
16385	2984
16385	2993
16385	3012
16385	3038
16385	3046
16385	3050
16385	3059
16385	3092
16385	3123
16385	3128
16385	3132
16385	3136
16385	3169
17064	2944
17064	2955
17064	2997
17064	3006
17064	3011
17064	3013
17064	3016
17064	3018
17064	3034
17064	3037
17064	3049
17064	3072
17064	3087
17064	3089
17064	3098
17064	3100
17064	3144
17064	3170
18825	3001
19141	2954
19141	2993
19141	3016
19141	3026
19141	3046
19141	3055
19141	3132
19141	3134
20447	2993
20447	3002
20447	3011
20447	3026
20447	3031
20447	3032
20447	3040
20447	3046
20447	3047
20447	3064
20447	3071
20447	3079
20447	3081
20447	3096
20447	3100
20447	3109
20447	3112
20447	3115
20447	3117
20447	3126
20447	3132
23192	3001
23192	3047
23192	3054
23192	3058
23192	3169
24134	2954
24134	2972
24134	2984
24134	2992
24134	2993
24134	3002
24134	3006
24134	3016
24134	3060
24134	3061
24134	3071
24134	3102
24134	3134
24217	2994
24217	2997
24217	3006
24217	3018
24217	3024
24217	3049
24217	3054
24217	3089
24217	3100
24371	3009
24371	3024
24371	3026
24371	3031
24371	3033
24371	3037
24371	3041
24371	3047
24371	3050
24371	3051
24371	3054
24371	3058
24371	3059
24371	3064
24371	3071
24371	3079
24371	3086
24371	3089
24371	3093
24371	3106
24371	3114
24371	3120
24371	3129
24371	3132
24371	3144
24371	3170
26712	2971
26712	2983
26712	2987
26712	3008
26712	3009
26712	3011
26712	3012
26712	3021
26712	3022
26712	3026
26712	3031
26712	3041
26712	3057
26712	3060
26712	3064
26712	3096
26712	3117
27321	2944
27321	2980
27321	3011
27321	3014
27321	3029
27321	3089
27501	2954
27501	2984
27501	3001
27501	3109
29255	2926
29255	2927
29255	2928
29255	2929
29255	2931
29255	2932
29255	2933
29255	2934
29255	2935
29255	2936
29255	2938
29255	2940
29255	2941
29255	2944
29255	2945
29255	2948
29255	2951
29255	2953
29255	2958
29255	2960
29255	2963
29255	2964
29255	2965
29255	2969
29255	2971
29255	2977
29255	2979
29255	2980
29255	2982
29255	2983
29255	2984
29255	2985
29255	2986
29255	2987
29255	2988
29255	2989
29255	2990
29255	2993
29255	2995
29255	2998
29255	2999
29255	3001
29255	3004
29255	3005
29255	3008
29255	3010
29255	3054
29255	3061
29255	3076
29778	2993
29778	3001
29778	3008
29778	3016
29778	3019
29778	3032
29778	3113
29778	3132
29778	3134
29778	3169
30733	2991
30733	2993
33540	2954
33540	2979
33540	2980
33540	2991
33540	2997
33540	3017
34154	2972
34154	2984
34154	3000
34154	3016
34154	3031
34154	3038
34154	3064
34154	3071
34154	3074
34154	3079
34154	3093
34154	3096
34154	3100
34154	3169
34611	2986
35478	2930
35478	2942
35478	2944
35478	2945
35478	2947
35478	2948
35478	2949
35478	2951
35478	2964
35478	2981
35478	2982
35478	2985
35478	2986
35478	2988
35478	2990
35478	2991
35478	2992
35478	2993
35478	2996
35478	2998
35478	3000
35478	3002
35478	3005
35478	3024
35478	3027
35478	3031
35478	3033
35478	3038
35478	3040
35478	3042
35478	3044
35478	3048
35478	3071
35713	2945
35713	2947
35713	2951
35713	2970
35713	2985
35713	2986
35713	2989
35713	2992
35713	2993
35713	3002
35713	3005
35713	3014
35713	3015
35713	3016
35713	3017
35713	3040
35713	3052
35713	3071
35713	3083
35713	3093
35713	3096
35713	3113
35713	3127
35966	3032
35966	3042
35966	3079
35966	3092
35966	3100
35966	3132
35966	3134
36790	3032
36790	3047
36790	3134
36790	3169
37043	2944
37043	2949
37043	2964
37043	2980
37043	3001
37043	3002
37043	3016
37043	3027
37043	3031
37043	3054
38013	2955
38013	2967
38013	2970
38013	2971
38013	2972
38013	2977
38013	2982
38013	2985
38013	2988
38013	2992
38013	2996
38013	2999
38013	3000
38013	3002
38013	3004
38013	3008
38013	3010
38013	3014
38013	3015
38013	3022
38013	3025
38013	3029
38013	3036
38013	3040
38013	3042
38013	3044
38013	3049
38013	3052
38013	3066
38013	3071
38013	3073
38013	3076
38013	3078
38013	3088
38479	2944
38479	2951
38479	2972
38479	2980
38479	2982
38479	2984
38479	2985
38479	2986
38479	2987
38479	2991
38479	2992
38479	2993
38479	2994
38479	2996
38479	2997
38479	2998
38479	3000
38479	3001
38479	3004
38479	3006
38479	3007
38479	3008
38479	3010
38479	3011
38479	3012
38479	3013
38479	3015
38479	3016
38479	3017
38479	3018
38479	3024
38479	3026
38479	3028
38479	3031
38479	3032
38479	3033
38479	3034
38479	3035
38479	3036
38479	3037
38479	3042
38479	3043
38479	3045
38479	3048
38479	3049
38479	3054
38479	3061
38479	3064
38479	3066
38479	3067
38479	3071
38479	3072
38479	3076
38479	3079
38479	3089
38479	3100
38479	3102
38479	3113
38479	3117
38479	3120
38479	3127
38479	3134
38479	3169
38479	3170
39142	2993
39142	3016
39142	3043
39142	3061
39142	3081
39142	3169
39275	2983
39275	3006
39275	3013
39275	3014
39275	3079
40242	2934
40242	2944
40242	2972
40242	2973
40242	2982
40242	2983
40242	2994
40242	3409
40556	2989
40556	2991
40556	2993
40556	3006
40556	3012
40556	3019
40556	3025
40556	3032
40556	3046
40556	3047
40556	3134
40963	2962
40963	2974
40963	2982
40963	2984
40963	3019
40963	3020
40963	3021
40963	3024
40963	3028
40963	3071
40963	3089
40963	3092
40963	3100
40963	3272
40963	3394
43096	2984
43096	2993
43096	3002
43096	3008
43096	3016
43096	3036
43096	3047
43096	3060
43096	3081
43096	3092
43096	3109
43362	2931
43362	2939
43362	2941
43362	2943
43362	2944
43362	2945
43362	2947
43362	2948
43362	2951
43362	2953
43362	2954
43362	2957
43362	2958
43362	2960
43362	2962
43362	2963
43362	2964
43362	2965
43362	2967
43362	2970
43362	2971
43362	2972
43362	2973
43362	2976
43362	2977
43362	2978
43362	2979
43362	2980
43362	2981
43362	2982
43362	2983
43362	2984
43362	2985
43362	2986
43362	2987
43362	2988
43362	2989
43362	2990
43362	2991
43362	2992
43362	2993
43362	2995
43362	2996
43362	2999
43362	3000
43362	3001
43362	3004
43362	3005
43362	3010
48570	2935
48570	2953
48570	2962
48570	2993
48570	3016
48570	3020
48570	3032
48570	3040
48570	3047
48570	3089
48570	3100
48570	3134
49279	2983
49279	2984
49279	2991
49279	2993
49279	2997
49279	3002
49279	3013
49279	3016
49279	3018
49279	3019
49279	3027
49279	3029
49279	3036
49279	3061
49279	3089
49279	3100
49508	2982
49508	2983
49508	2994
49508	3018
49508	3047
49508	3054
49508	3077
49508	3110
49508	3113
49763	2954
49763	2984
49763	2994
49763	3018
49763	3064
49939	2924
49939	2931
49939	2932
49939	2934
49939	2935
49939	2938
49939	2940
49939	2941
49939	2948
49939	2951
49939	2953
49939	2955
49939	2988
49939	2992
49939	2999
49939	3001
49939	3005
49939	3008
49939	3010
49939	3019
50354	2941
50354	2943
50354	2945
50354	2948
50354	2951
50354	2953
50354	2957
50354	2960
50354	2963
50354	2965
50354	2968
50354	2970
50354	2972
50354	2975
50354	2977
50354	2979
50354	2980
50354	2981
50354	2983
50354	2984
50354	2986
50354	2988
50354	2990
50354	2992
50354	2995
50354	2998
50354	3004
50354	3005
50354	3006
50354	3008
50354	3012
50354	3015
50354	3019
50354	3020
50354	3021
50354	3022
50354	3027
50354	3029
50354	3033
50354	3034
50354	3036
50354	3051
50354	3053
50354	3273
50354	3350
50714	2989
50714	3001
50714	3015
50714	3022
50714	3029
50714	3045
50714	3057
51394	2993
51394	3032
51394	3040
51394	3047
51394	3055
51394	3058
51394	3064
51394	3071
51394	3079
51394	3089
51394	3092
51394	3100
51394	3109
51394	3129
51394	3131
51394	3132
51394	3134
51394	3169
51408	2984
51408	3047
51408	3071
51566	2983
51566	2993
51566	2994
51566	3006
51566	3018
51566	3019
51566	3021
51566	3024
51566	3026
51566	3031
51566	3032
51566	3036
51566	3037
51566	3038
51566	3040
51566	3043
51566	3047
51566	3057
51566	3061
51566	3062
51566	3064
51566	3077
51566	3089
51566	3093
51566	3096
51566	3100
51566	3110
51566	3120
51566	3127
51566	3132
51566	3134
51566	3169
51581	2948
51581	2949
51581	2954
51581	2977
51581	2980
51581	3024
51581	3033
51581	3047
51581	3064
51581	3089
51581	3095
51581	3100
51581	3116
51581	3120
51581	3123
51581	3125
51581	3128
51581	3131
51581	3132
51581	3133
51581	3134
51581	3136
51581	3140
51581	3153
51581	3169
51581	3203
51581	3311
51581	3463
54970	2991
54970	2993
54970	2994
54970	3006
54970	3010
54970	3012
54970	3016
54970	3019
54970	3024
54970	3028
54970	3030
54970	3032
54970	3033
54970	3034
54970	3039
54970	3044
54970	3045
54970	3046
54970	3048
54970	3050
54970	3054
54970	3057
54970	3059
54970	3072
54970	3085
54970	3089
54970	3120
54970	3132
54970	3134
55063	2946
55063	2948
55063	2951
55063	2955
55063	2959
55063	2962
55063	2968
55063	2969
55063	2970
55063	2972
55063	2973
55063	2974
55063	2977
55063	2978
55063	2980
55063	2981
55063	2982
55063	2983
55063	2987
55063	2989
55063	2991
55063	2995
55063	2996
55063	2997
55063	2999
55063	3000
55063	3008
55063	3019
55063	3022
55063	3025
55063	3032
55063	3044
55063	3045
55063	3049
55063	3060
55063	3066
55063	3076
55063	3089
55063	3098
55401	3038
55401	3083
55401	3086
55401	3087
55401	3109
55401	3110
55401	3115
55401	3120
55634	2993
55634	3016
55634	3046
55634	3109
55634	3132
55634	3134
55634	3169
55828	2984
55828	2993
55828	3024
55828	3032
55828	3046
55828	3047
55828	3071
55828	3100
56783	3032
56783	3089
56783	3132
57311	2922
57311	2924
57311	2927
57311	2928
57311	2929
57311	2930
57311	2931
57311	2933
57311	2934
57311	2935
57311	2936
57311	2937
57311	2940
57311	2941
57311	2943
57311	2944
57311	2953
57311	2954
57311	2958
57311	2960
57311	2962
57311	2964
57311	2965
57311	2967
57311	2968
57311	2969
57311	2970
57311	2972
57311	2973
57311	2974
57311	2975
57311	2976
57311	2977
57311	2978
57311	2979
57311	2980
57311	2981
57311	2982
57311	2984
57311	2989
57311	2990
57311	2992
57311	2993
57311	2995
57311	2998
57311	2999
57311	3000
57311	3008
58236	3001
58236	3002
58236	3032
58236	3060
58236	3061
58236	3133
58236	3138
58236	3169
59154	3018
59154	3043
59154	3047
59154	3055
59154	3079
59154	3089
59154	3102
59154	3123
59154	3128
59154	3132
59154	3134
59154	3136
59154	3178
59266	2993
59266	3031
59266	3046
59266	3047
59266	3134
59266	3169
59323	2927
59323	2954
59323	2980
59323	2993
59323	3026
59323	3032
59323	3048
59323	3061
59323	3071
59323	3134
59733	2987
59733	3001
60244	3046
60244	3047
60244	3082
60244	3123
60244	3132
60244	3136
60244	3138
60244	3169
60597	3046
60597	3132
60597	3134
60986	2993
60986	3031
60986	3134
61760	3016
61892	2935
61892	2936
61892	2953
61892	2962
61892	2969
61892	2971
61892	2974
61892	2980
61892	2989
61892	3019
61892	3032
61892	3064
61892	3077
62161	2973
62161	2982
62161	2983
62161	2994
62161	2997
62161	2998
62161	3002
62161	3006
62161	3011
62161	3018
62161	3019
62161	3024
62161	3032
62161	3044
62161	3054
62161	3098
62161	3100
62161	3169
62161	3509
62341	2963
62341	2974
62341	2996
62341	2997
62341	3000
62341	3009
62341	3020
62341	3026
62341	3028
62341	3030
62341	3034
62341	3035
62341	3047
62341	3057
62341	3068
62341	3075
62341	3081
62341	3087
62341	3089
62341	3117
62341	3144
62341	3160
62341	3162
62341	3165
63772	2983
63772	3003
63772	3054
63772	3071
63772	3100
64080	2972
64080	2994
64080	3001
64080	3016
64080	3018
64080	3019
64080	3089
64829	3009
64829	3062
65398	2926
65398	2931
65398	2932
65398	2935
65398	2936
65398	2941
65398	2951
65398	2958
65398	2961
65398	2962
65398	2963
65398	2965
65398	2968
65398	2969
65398	2970
65398	2971
65398	2972
65398	2977
65398	2980
65398	2983
65398	2986
65398	2987
65398	2991
65398	2994
65398	2996
65398	2998
65398	3000
65398	3001
65398	3002
65398	3004
65398	3008
66068	3012
66068	3113
67353	2955
67353	2987
67353	2991
67353	3012
67353	3028
67353	3032
67353	3071
67461	2963
67461	2972
67461	2973
67461	2982
67461	2983
67461	2984
67461	2991
67461	2993
67461	2994
67461	2996
67461	2997
67461	2999
67461	3003
67461	3007
67461	3009
67461	3010
67461	3015
67461	3016
67461	3018
67461	3019
67461	3020
67461	3021
67461	3024
67461	3029
67461	3031
67461	3032
67461	3033
67461	3034
67461	3038
67461	3039
67461	3041
67461	3042
67461	3044
67461	3045
67461	3046
67461	3047
67461	3049
67461	3052
67461	3054
67461	3055
67461	3060
67461	3061
67461	3072
67461	3074
67461	3077
67461	3079
67461	3081
67461	3083
67461	3085
67461	3086
67461	3089
67461	3093
67461	3096
67461	3098
67461	3100
67461	3102
67461	3109
67461	3113
67461	3117
67461	3120
67461	3126
67461	3127
67461	3129
67461	3132
67461	3134
67461	3135
67461	3144
67461	3169
67461	3170
67976	3102
67976	3134
69326	2960
69326	2986
69326	2999
69326	3002
69326	3008
69326	3010
69326	3019
69326	3024
69326	3028
69326	3033
69326	3034
69326	3039
69326	3040
69326	3042
69326	3098
69367	2944
69367	2949
69367	2997
69367	3010
70527	2979
70527	2993
70527	3002
70527	3019
70527	3020
70527	3030
70527	3031
70527	3039
70527	3061
70527	3062
70725	2962
70725	2974
70725	2997
70725	3001
70725	3008
70725	3009
70725	3015
70725	3020
70725	3021
70725	3030
70725	3032
70725	3034
70725	3037
70725	3040
70725	3043
70725	3047
70725	3049
70725	3058
70725	3068
70725	3072
70725	3083
70725	3102
70725	3127
70725	3134
70725	3155
70725	3165
70725	3182
74146	2953
74146	2997
74146	3003
74146	3018
74489	2949
74489	2963
74489	3032
74489	3072
75277	2972
75277	2983
75277	2993
75277	3001
75277	3008
75277	3019
75277	3022
75277	3029
75277	3030
75277	3031
75277	3032
75277	3035
75277	3057
75277	3062
75277	3079
75277	3098
75729	2949
75729	3006
75729	3017
75729	3022
75729	3025
75729	3029
75729	3031
75729	3036
75729	3040
75729	3041
75729	3057
75729	3079
75729	3083
75729	3093
75729	3096
75729	3134
75729	3145
75729	3294
75729	3295
75729	3300
75729	3413
75729	3434
75729	3549
76710	2936
76710	2944
76710	2962
76710	2964
76710	2970
76710	2992
76710	3025
76710	3029
76770	2993
76770	3015
76770	3025
76770	3026
76770	3029
76770	3031
76770	3045
76770	3083
76770	3117
76903	2974
76903	2985
76903	2997
76903	2999
76903	3000
76903	3009
76903	3012
76903	3015
76903	3031
76903	3036
76903	3052
76903	3062
76903	3083
76903	3093
76903	3100
76903	3102
77722	2929
77722	2930
77722	2933
77722	2938
77722	2940
77722	2941
77722	2944
77722	2948
77722	2954
77722	2957
77722	2960
77722	2962
77722	2965
77722	2969
77722	2971
77722	2972
77722	2977
77722	2983
77722	2986
77722	2990
77722	2992
77722	2999
77722	3000
77722	3008
77735	2963
77735	2973
77735	2979
77735	2998
77735	3201
79123	2950
79123	2984
79123	3007
79123	3014
79123	3034
79123	3082
79123	3123
79123	3128
79123	3136
80640	2983
80640	2997
80640	3003
80640	3016
80640	3018
80640	3019
80640	3021
80640	3023
80640	3024
80640	3025
80640	3032
80640	3036
80640	3039
80640	3040
80640	3041
80640	3052
80640	3055
80640	3059
80640	3060
80640	3061
80640	3064
80640	3066
80640	3076
80640	3077
80640	3079
80640	3086
80640	3098
80640	3100
80640	3102
80640	3109
80640	3110
80640	3112
80640	3115
80640	3120
80640	3121
80640	3127
80640	3135
80640	3170
83962	2954
83962	2984
83962	3026
83962	3030
83962	3132
83962	3134
84151	2993
84151	3047
84151	3132
85202	3082
86243	2954
86243	2963
86243	2977
86243	2984
86243	2986
86243	2992
86243	3012
86243	3071
86243	3169
86809	2945
86809	2970
86809	2982
86809	2985
86809	3003
86809	3008
86809	3013
86809	3016
86809	3019
86809	3024
86809	3025
86809	3030
86809	3032
86809	3040
86809	3047
86809	3068
86809	3082
86809	3089
86809	3096
86809	3098
86809	3100
86809	3120
86809	3121
86809	3175
87923	2944
87923	2951
87923	2972
87923	2977
87923	2980
87923	2984
87923	2993
87923	2994
87923	2997
87923	3001
87923	3004
87923	3008
87923	3013
87923	3016
87923	3018
87923	3021
87923	3031
87923	3032
87923	3044
87923	3054
87923	3055
87923	3089
87923	3098
87923	3100
87923	3132
87923	3134
87923	3138
87923	3169
87923	3170
89465	3016
89465	3169
90015	2950
90015	2963
90015	2973
90015	2974
90015	2982
90015	2984
90015	2987
90015	2999
90015	3000
90015	3013
90015	3025
90015	3026
90015	3033
90015	3040
90015	3043
90015	3074
92675	2954
92675	2979
92675	2983
92675	2984
92675	3004
92675	3010
92675	3013
92675	3018
92675	3019
92675	3028
92675	3061
92675	3089
92675	3120
94173	2998
94173	3003
94173	3008
94173	3016
94173	3029
94173	3030
94173	3040
94173	3043
94173	3060
94528	2945
94528	2950
94528	2970
94528	2993
94528	3006
94528	3011
94528	3018
94528	3019
94528	3031
94528	3032
94528	3043
94528	3054
94528	3057
94528	3062
94528	3089
94528	3100
94528	3102
95924	3018
95924	3049
95924	3089
95924	3170
95947	2993
95947	3016
95947	3031
95947	3032
95947	3055
95947	3071
95947	3079
95947	3083
95947	3100
95947	3109
95947	3115
95947	3132
95947	3134
95947	3169
96523	2928
96523	2941
96523	2942
96523	2943
96523	2944
96523	2945
96523	2946
96523	2947
96523	2948
96523	2949
96523	2951
96523	2953
96523	2957
96523	2958
96523	2959
96523	2961
96523	2962
96523	2963
96523	2964
96523	2968
96523	2972
96523	2975
96523	2979
96523	2984
96523	2985
96523	2986
96523	2987
96523	2992
96523	2998
96523	2999
96523	3000
96523	3001
96523	3002
96523	3006
96523	3012
96523	3021
96523	3065
96523	3085
96523	3120
96523	3132
96523	3141
96523	3142
96523	3155
96523	3163
96523	3184
96523	3215
96523	3502
97254	2950
97254	2954
97254	2984
97254	3014
97254	3026
97254	3134
98300	2993
98300	3083
98300	3134
99994	2956
99994	2958
99994	2960
99994	2988
99994	2989
99994	3004
99994	3007
99994	3020
99994	3022
99994	3025
99994	3038
99994	3040
99994	3044
99994	3052
99994	3062
99994	3078
99994	3079
99994	3096
99994	3110
99994	3149
101035	2938
101035	2944
101035	2947
101035	2948
101035	2951
101035	2953
101035	2955
101035	2956
101035	2957
101035	2958
101035	2959
101035	2960
101035	2961
101035	2963
101035	2964
101035	2965
101035	2969
101035	2970
101035	2971
101035	2972
101035	2973
101035	2974
101035	2975
101035	2976
101035	2977
101035	2978
101035	2980
101035	2981
101035	2982
101035	2983
101035	2984
101035	2985
101035	2986
101035	2989
101035	2991
101035	2992
101035	2993
101035	2994
101035	2995
101035	2996
101035	2997
101035	2998
101035	3000
101035	3001
101035	3002
101035	3005
101035	3006
101035	3007
101035	3008
101035	3009
101035	3010
101035	3011
101035	3012
101035	3015
101035	3016
101035	3019
101035	3020
101035	3022
101035	3023
101035	3025
101035	3026
101035	3027
101035	3028
101035	3029
101035	3030
101035	3033
101035	3035
101035	3036
101035	3038
101035	3039
101035	3042
101035	3044
101035	3049
101035	3054
101035	3065
101035	3066
101035	3081
101035	3089
101035	3117
102218	3013
102218	3055
102218	3059
102218	3074
102218	3092
102431	2951
102431	2960
102431	2976
102431	2982
102431	2990
102431	2991
102431	2997
102431	2999
102431	3001
102431	3003
102431	3006
102431	3008
102431	3013
102431	3018
102431	3031
102431	3060
102431	3089
102431	3120
103576	3008
103576	3071
103576	3089
103576	3109
103576	3169
106844	2972
106844	2983
106844	3032
106844	3036
106844	3100
106844	3117
106844	3170
107086	2997
107086	2998
107086	3032
107086	3034
107086	3036
107086	3039
107086	3048
107086	3061
107086	3100
107086	3102
107086	3216
107155	3012
110238	2997
110238	3003
110238	3013
110238	3019
110238	3041
110238	3120
110510	2996
110510	3002
110510	3008
110510	3010
110510	3017
110510	3019
110510	3021
110510	3022
110510	3025
110510	3028
110510	3029
110510	3036
110510	3044
110545	3001
110545	3007
110545	3079
110545	3100
111058	2954
111058	3028
111058	3071
111290	2924
111290	2927
111290	2930
111290	2933
111290	2935
111290	2938
111290	2944
111290	2947
111290	2948
111290	2951
111290	2953
111290	2954
111290	2955
111290	2957
111290	2964
111290	2969
111290	2972
111290	2973
111290	2977
111290	2979
111290	2980
111290	2986
111290	2987
111290	2992
111290	2998
111290	3001
111290	3004
111290	3010
111290	3012
111290	3019
111290	3020
111290	3021
111290	3022
111290	3023
111290	3024
111290	3025
111290	3026
111290	3060
111290	3080
111290	3191
112430	2980
112430	2989
112430	2993
112430	2998
112430	3001
112430	3017
112430	3018
112430	3019
112430	3031
112430	3046
112430	3047
112430	3132
112430	3134
112430	3169
113007	2984
113007	2993
113007	3002
113007	3030
113007	3079
113007	3134
113173	2972
113173	2993
113173	3008
113173	3015
113173	3064
113173	3109
113173	3134
113173	3169
113217	2941
113217	2944
113217	2955
113217	2960
113217	2962
113217	2963
113217	2965
113217	2973
113217	2974
113217	2979
113217	2982
113217	2984
113217	2986
113217	2992
113217	2993
113217	2994
113217	2996
113217	2998
113217	3000
113217	3001
113217	3006
113217	3010
113217	3012
113217	3020
113217	3023
113217	3028
113217	3030
113217	3033
113217	3035
113217	3102
114161	2993
114161	3006
114161	3020
114908	2989
114908	2993
114908	2994
114908	3001
114908	3015
114908	3016
114908	3026
114908	3031
114908	3036
114908	3043
114908	3052
114908	3071
114908	3081
114908	3098
114908	3134
114908	3169
116322	2983
116322	2993
116322	3000
116322	3028
116322	3032
116322	3132
116322	3134
118125	2973
118125	2998
118125	3004
118125	3024
118125	3034
118125	3048
118125	3049
118320	2983
118320	2993
118320	2997
118320	2998
118320	3001
118320	3018
118320	3026
118320	3030
118320	3049
118320	3054
118320	3064
118320	3082
118320	3089
118320	3092
118320	3100
118320	3125
118320	3169
118476	2984
118476	2993
118476	2997
118476	3012
118476	3019
118476	3032
118476	3100
118476	3132
118476	3136
118522	2960
118522	2972
118522	2973
118522	2982
118522	2984
118522	2993
118522	2997
118522	2998
118522	2999
118522	3001
118522	3003
118522	3006
118522	3007
118522	3008
118522	3010
118522	3011
118522	3015
118522	3024
118522	3029
118522	3030
118522	3031
118522	3032
118522	3033
118522	3039
118522	3040
118522	3041
118522	3042
118522	3043
118522	3044
118522	3045
118522	3046
118522	3047
118522	3049
118522	3055
118522	3058
118522	3060
118522	3067
118522	3070
118522	3071
118522	3074
118522	3077
118522	3079
118522	3083
118522	3089
118522	3092
118522	3093
118522	3096
118522	3102
118522	3110
118522	3115
118522	3117
118522	3120
118522	3125
118522	3169
118522	3170
121103	2980
121103	2984
121103	2985
121103	2987
121103	2993
121103	3001
121103	3011
121103	3012
121103	3016
121103	3030
121103	3032
121103	3043
121103	3061
121103	3067
121103	3093
124345	2997
124345	3018
124345	3020
124345	3070
124345	3089
124345	3097
124345	3100
124345	3120
126485	2993
126485	3001
126485	3015
126485	3026
126485	3032
126485	3043
126485	3046
126485	3055
126485	3064
126485	3067
126485	3115
126485	3117
126485	3124
126485	3126
126485	3131
126485	3132
126485	3150
126485	3169
126606	3134
126623	2983
126623	2997
126623	3003
126623	3018
126623	3032
126623	3052
126623	3054
126623	3060
126623	3066
126623	3089
126623	3095
126623	3100
127739	2954
127739	2972
127739	2984
127739	2997
127739	3031
127739	3079
127771	2982
127771	2987
127771	2994
127771	3025
129511	2950
129511	2958
129511	3001
129511	3461
130091	2954
130091	2974
130091	2984
130091	2987
130091	2993
130091	3015
130091	3032
130091	3063
130091	3064
130091	3083
130091	3104
130091	3123
130091	3131
130091	3134
130091	3239
130099	2954
130099	2984
130099	3098
130099	3132
130316	2925
130316	2948
130316	2951
130316	2954
130316	2972
130316	2979
130316	2980
130316	2984
130316	2985
130316	2987
130316	2993
130316	3002
130316	3017
130316	3020
130316	3031
130316	3032
130316	3038
130316	3040
130316	3055
130316	3067
130316	3068
130316	3081
130316	3083
130316	3087
130316	3110
130316	3147
130838	2982
130838	2993
130838	3002
130838	3006
130838	3015
130838	3020
130838	3025
130838	3042
130838	3052
130838	3102
131285	2972
131285	2979
131285	2984
131285	3012
131285	3060
131532	2935
131532	2954
131532	2972
131532	2980
131532	2984
131532	3001
131532	3003
131532	3012
131532	3013
131532	3014
131532	3027
131532	3046
131532	3055
131532	3079
131532	3132
131594	2954
131594	2973
131594	2974
131594	2979
131594	2980
131594	2993
131594	2997
131594	3003
131594	3007
131594	3010
131594	3011
131594	3013
131594	3014
131594	3024
131594	3043
131594	3066
131594	3071
131594	3079
131594	3081
131594	3093
131594	3134
131594	3169
132423	2928
132423	2940
132423	2945
132423	2949
132423	2953
132423	2955
132423	2960
132423	2962
132423	2963
132423	2967
132423	2968
132423	2969
132423	2972
132423	2973
132423	2975
132423	2976
132423	2977
132423	2979
132423	2980
132423	2981
132423	2982
132423	2983
132423	2984
132423	2985
132423	2987
132423	2990
132423	2992
132423	2993
132423	2995
132423	2998
132423	2999
132423	3000
132423	3019
132423	3020
132423	3022
132423	3024
132423	3026
132423	3031
132423	3032
132423	3033
132423	3034
132423	3035
132423	3037
132423	3038
132423	3040
132423	3042
132423	3048
132423	3049
132423	3050
132423	3051
132423	3053
132423	3055
132423	3057
132423	3059
132423	3060
132423	3061
132423	3063
132423	3065
132423	3069
132423	3072
132423	3077
132423	3078
132423	3080
132740	2948
132740	2954
132740	2955
132740	2963
132740	2974
132740	2977
132740	2980
132740	2984
132740	2986
132740	2992
132740	2993
132740	2994
132740	2997
132740	3001
132740	3006
132740	3010
132740	3012
132740	3015
132740	3016
132740	3018
132740	3019
132740	3021
132740	3022
132740	3029
132740	3030
132740	3032
132740	3033
132740	3039
132740	3040
132740	3043
132740	3052
132740	3057
132740	3071
132740	3081
132740	3102
132740	3117
133195	2948
133195	2949
133195	2955
133195	2969
133195	2980
133195	2982
133195	2983
133195	2991
133195	2993
133195	3002
133195	3006
133195	3016
133195	3020
133195	3023
133195	3027
133195	3030
133195	3032
133195	3081
133195	3087
133195	3120
133378	2924
133378	2926
133378	2927
133378	2928
133378	2929
133378	2931
133378	2933
133378	2935
133378	2936
133378	2938
133378	2940
133378	2941
133378	2943
133378	2945
133378	2947
133378	2948
133378	2950
133378	2951
133378	2957
133378	2959
133378	2960
133378	2962
133378	2963
133378	2964
133378	2965
133378	2967
133378	2968
133378	2970
133378	2972
133378	2973
133378	2975
133378	2980
133378	2981
133378	2982
133378	2983
133378	2984
133378	2985
133378	2986
133378	2987
133378	2988
133378	2989
133378	2990
133378	2992
133378	2993
133378	2994
133378	2995
133378	2996
133378	2998
133378	2999
133378	3000
133378	3001
133378	3002
133378	3008
133378	3010
133378	3011
133378	3027
133378	3029
133378	3030
133378	3049
133378	3078
133378	3087
133378	3122
133378	3125
133378	3218
133378	3242
133378	3272
133378	3380
133378	3519
133512	3089
133512	3100
133746	2947
133746	2958
133746	2961
133746	2965
133746	2967
133746	3008
133746	3042
133746	3071
133746	3117
133788	2993
133788	3132
133788	3134
133788	3169
136252	2991
136252	3007
136252	3019
136252	3032
136252	3047
136252	3132
136252	3134
136953	2951
136953	2954
136953	2957
136953	2958
136953	2965
136953	2967
136953	2970
136953	2982
136953	2983
136953	2984
136953	2987
136953	2989
136953	2993
136953	3001
136953	3004
136953	3008
136953	3010
136953	3015
136953	3020
136953	3021
136953	3022
136953	3028
136953	3030
136953	3031
136953	3036
136953	3042
137467	2998
137504	2977
137504	2993
137504	3015
137504	3016
137504	3132
138950	2974
138950	2983
138950	2993
138950	2994
138950	3003
138950	3007
138950	3018
138950	3019
138950	3032
138950	3046
138950	3054
138950	3061
138950	3089
138950	3098
138950	3100
138950	3120
138950	3132
138950	3134
138950	3169
139033	2993
139033	3046
139033	3169
139650	3032
139650	3079
139650	3100
139650	3132
139650	3134
141168	2993
141168	3033
141168	3083
141168	3102
141168	3132
141168	3134
141168	3138
141168	3151
141168	3375
144296	2931
144296	2932
144296	2934
144296	2936
144296	2938
144296	2941
144296	2942
144296	2943
144296	2945
144296	2948
144296	2953
144296	2958
144296	2960
144296	2962
144296	2963
144296	2965
144296	2969
144296	2972
144296	2976
144296	2979
144296	2980
144296	2986
144296	2989
144296	2990
144296	2996
144296	2998
144296	3006
144296	3008
144459	2954
144459	2972
144459	2980
144459	2984
144459	3003
144459	3029
144459	3057
144913	3013
144913	3033
144913	3100
144913	3153
144913	3185
145460	2984
147848	2961
147848	2962
147848	3000
147848	3010
147848	3029
147848	3035
147939	2980
147939	2984
147939	2985
147939	2986
147939	2993
147939	3007
147939	3010
147939	3064
147939	3067
147939	3071
147939	3086
147939	3117
147939	3132
147939	3134
148237	3169
148293	2997
148293	3040
149516	2993
149516	3016
149516	3021
149516	3032
149516	3036
149516	3061
149516	3077
151016	3003
151016	3013
151016	3039
151016	3134
151685	2941
151685	2943
151685	2948
151685	2958
151685	2963
151685	2965
151685	2967
151685	2970
151685	2972
151685	2973
151685	2974
151685	2975
151685	2982
151685	2983
151685	2984
151685	2985
151685	2988
151685	2989
151685	2993
151685	2994
151685	2995
151685	2996
151685	2997
151685	2998
151685	2999
151685	3000
151685	3001
151685	3002
151685	3003
151685	3005
151685	3006
151685	3007
151685	3008
151685	3010
151685	3011
151685	3016
151685	3018
151685	3019
151685	3020
151685	3021
151685	3022
151685	3024
151685	3025
151685	3028
151685	3030
151685	3034
151685	3035
151685	3039
151685	3040
151685	3043
151685	3045
151685	3048
151685	3054
151685	3057
151685	3060
151685	3061
151685	3062
151685	3064
151685	3068
151685	3074
151685	3076
151685	3077
151685	3083
151685	3089
151685	3093
151685	3100
151685	3120
151685	3141
151685	3198
151685	3211
152331	2923
152331	2929
152331	2931
152331	2932
152331	2938
152331	2941
152331	2942
154558	2926
154558	2927
154558	2930
154558	2931
154558	2932
154558	2933
154558	2934
154558	2935
154558	2937
154558	2938
154558	2939
154558	2941
154558	2943
154558	2944
154558	2951
154558	2953
154558	2957
154558	2958
154558	2960
154558	2962
154558	2964
154558	2965
154558	2970
154558	2971
154558	2989
154558	2991
154558	3028
154558	3029
155063	3018
155063	3036
155063	3083
155063	3169
158890	3046
158890	3079
158890	3082
158890	3132
158890	3134
158890	3169
159912	2993
159912	3509
160024	2960
160024	2961
160024	2993
160024	3001
160024	3016
160024	3019
160024	3026
160024	3028
160024	3029
160024	3030
160024	3031
160024	3032
160024	3051
160024	3060
160024	3061
160024	3062
160024	3064
160024	3066
160024	3067
160024	3080
160024	3149
161106	2924
161106	2928
161106	2931
161106	2932
161106	2937
161106	2938
161106	2939
161106	2940
161106	2941
161106	2942
161106	2945
161106	2949
161106	2953
161106	2954
161106	2955
161106	2958
161106	2962
161106	2963
161106	2964
161106	2965
161106	2967
161106	2970
161106	2972
161106	2973
161106	2976
161106	2977
161106	2979
161106	2980
161106	2982
161106	2983
161106	2984
161106	2985
161106	2987
161106	2989
161106	3000
161106	3001
161106	3004
161106	3005
161106	3008
161106	3009
161106	3010
161106	3012
161106	3015
161106	3016
161106	3019
161106	3020
161106	3022
161106	3024
161106	3025
161106	3029
161106	3031
161106	3035
161106	3036
161106	3038
161106	3040
161106	3042
161106	3047
161106	3048
161333	2931
161333	2932
161333	2935
161333	2939
161333	2941
161333	2942
161333	2951
161333	2953
161333	2954
161333	2958
161333	2960
161333	2962
161333	2964
161333	2965
161333	2967
161333	2969
161333	2971
161333	2972
161333	2973
161333	2979
161333	2980
161333	2982
161333	2983
161333	2984
161333	2985
161333	2986
161333	2987
161333	2988
161333	2989
161333	2990
161333	2991
161333	2993
161333	2998
161333	3000
161333	3004
161333	3008
161333	3010
161333	3012
161541	2954
161541	2969
161541	2980
161541	2990
161541	2993
161541	3004
161541	3008
161541	3021
161541	3024
161541	3026
161541	3032
161541	3038
161541	3043
161541	3047
161541	3048
161541	3052
161541	3062
161541	3071
161541	3087
161541	3093
161541	3104
161541	3110
161541	3134
163175	2984
163175	2993
163175	3031
163175	3043
163175	3052
163175	3054
163175	3055
163175	3061
163175	3074
163175	3079
163175	3083
163175	3087
163175	3089
163175	3093
163175	3100
163175	3113
163175	3127
163175	3134
163175	3487
163727	2954
163727	2972
163727	2980
163727	2984
163727	2993
163727	3016
163727	3047
163727	3100
163727	3123
163727	3132
163727	3134
163727	3136
163727	3169
164644	2954
164644	2972
164644	3015
164644	3098
164644	3117
165054	2960
165054	2982
165054	2993
165054	2999
165054	3007
165054	3019
165054	3031
165054	3032
165054	3036
165054	3046
165054	3055
165054	3064
165054	3071
165054	3092
165054	3104
165054	3125
165054	3129
165054	3132
165054	3165
165054	3169
167435	2993
167435	3131
167435	3132
167649	2928
167649	2930
167649	2935
167649	2938
167649	2940
167649	2941
167649	2942
167649	2943
167649	2944
167649	2948
167649	2949
167649	2951
167649	2953
167649	2955
167649	2960
167649	2963
167649	2964
167649	2965
167649	2972
167649	2973
167649	2977
167649	2979
167649	2984
167649	2988
167649	2990
167649	2995
167649	2996
167649	2999
167649	3008
167649	3012
167649	3014
167649	3015
167649	3016
167649	3019
167649	3024
167649	3025
167649	3028
167649	3030
167649	3033
167649	3034
167649	3036
167649	3037
167649	3040
167649	3042
167649	3048
167649	3060
167649	3064
167649	3080
167649	3084
167649	3085
167649	3095
167649	3096
167649	3099
167649	3101
167649	3105
167649	3106
167649	3109
167649	3117
167649	3120
167649	3124
167649	3126
169665	2927
169665	2930
169665	2932
169665	2933
169665	2934
169665	2935
169665	2942
169665	2949
169665	2958
169665	2959
169665	2962
169665	2964
169665	2967
169665	2968
169665	2970
169665	2973
169665	2974
169665	2975
169665	2976
169665	2977
169665	2979
169665	2982
169665	2985
169665	2987
169665	2988
169665	2989
169665	2993
169665	2996
172863	2953
172863	2960
172863	2984
172863	3010
172863	3015
172863	3042
172863	3115
175937	2975
175937	2984
175937	2989
175937	2993
175937	3011
175937	3016
175937	3018
175937	3019
175937	3020
175937	3028
175937	3029
175937	3034
175937	3035
175937	3037
175937	3043
175937	3047
175937	3055
175937	3057
175937	3089
175937	3132
175937	3134
175937	3169
176333	2947
176333	2951
176333	2954
176333	2962
176333	2972
176333	2974
176333	2980
176333	2984
176333	2993
176333	2997
176333	3020
176333	3028
176333	3032
176333	3052
176333	3060
176333	3068
176333	3098
176333	3125
176333	3182
178196	2984
178196	3085
182008	3018
182008	3037
182008	3049
182008	3058
182008	3100
182008	3105
182008	3125
182883	2932
182883	2934
182883	2940
182883	2947
182883	2953
182883	2958
182883	2962
182883	2972
182883	2977
182883	2979
182883	2986
182883	2989
182883	2992
182883	2995
182883	2999
182883	3000
182883	3004
182883	3012
182883	3014
182883	3015
182883	3016
182883	3017
182883	3020
182883	3022
182883	3025
182883	3026
182883	3028
182883	3029
182883	3030
182883	3031
182883	3033
182883	3034
182883	3037
182883	3038
182883	3040
182883	3042
182883	3050
182883	3052
182883	3055
182883	3060
182883	3080
182883	3085
182883	3086
184695	2984
184695	3012
184695	3016
184695	3031
184695	3064
184695	3132
184695	3134
184695	3169
185072	2984
185072	2993
185072	3018
185072	3019
185072	3046
185072	3058
185072	3071
185072	3085
185072	3089
185072	3125
185072	3134
185072	3136
185072	3169
185072	3170
187049	3009
187049	3020
187049	3024
187049	3026
187049	3031
187049	3034
187049	3038
187049	3046
187049	3047
187049	3054
187049	3059
187049	3061
187049	3071
187049	3072
187049	3074
187049	3079
187049	3081
187049	3083
187049	3085
187049	3087
187049	3089
187049	3096
187049	3100
187049	3112
187049	3117
187049	3120
187049	3127
187049	3132
187049	3134
187049	3169
187049	3170
188222	3024
188222	3036
188222	3055
188222	3077
188222	3102
188222	3110
188222	3117
188718	2947
188718	2951
188718	2970
188718	2980
188718	2984
188718	3001
188718	3120
188724	2970
188724	2972
188724	3027
188724	3030
188724	3047
188724	3055
188948	2984
188948	3132
189288	2949
189288	2954
189288	2993
189288	3018
189288	3047
189288	3048
189288	3081
189288	3092
189288	3109
189288	3132
189288	3169
189288	3394
189978	2932
189978	2933
189978	2939
189978	2941
189978	2942
189978	2944
189978	2947
189978	2957
189978	2958
189978	2960
189978	2964
189978	2965
189978	2977
189978	2981
189978	2982
189978	2983
189978	2985
189978	2986
189978	2989
189978	2992
189978	3000
189978	3005
189978	3006
189978	3008
189978	3016
189978	3019
189978	3022
189978	3025
189978	3028
189978	3030
191503	2948
191503	2954
191503	2972
191503	3013
191503	3028
191902	2980
191902	2983
191902	2994
191902	3001
191902	3008
191902	3024
191902	3036
191902	3047
191902	3049
191902	3102
191902	3138
192992	2967
192992	2976
192992	2981
192992	2982
192992	2992
192992	2993
192992	2996
192992	2998
192992	3004
192992	3005
192992	3006
192992	3010
192992	3012
192992	3019
192992	3022
192992	3027
192992	3029
192992	3035
192992	3036
192992	3039
192992	3042
192992	3044
192992	3061
192992	3078
194952	2972
194952	2980
194952	2993
194952	2997
194952	3003
194952	3013
194952	3018
194952	3019
194952	3032
194952	3089
194952	3100
194952	3134
198256	2948
198256	2993
198256	2997
198256	3002
198256	3012
198256	3028
199007	2932
199007	2935
199007	2936
199007	2938
199007	2944
199007	2945
199007	2948
199007	2951
199007	2953
199007	2958
199007	2959
199007	2961
199007	2963
199007	2967
199007	2971
199007	2973
199007	2974
199007	2977
199007	2979
199007	2982
199007	3001
199007	3002
199007	3008
199007	3010
199007	3012
199007	3015
199007	3028
199007	3030
199007	3032
199007	3035
199007	3037
199007	3040
199007	3042
199007	3354
199069	2962
199069	2963
199069	2972
199069	2973
199069	2974
199069	2982
199069	2983
199069	2984
199069	2993
199069	2994
199069	2996
199069	2998
199069	3000
199069	3002
199069	3006
199069	3007
199069	3008
199069	3009
199069	3010
199069	3011
199069	3015
199069	3016
199069	3019
199069	3020
199069	3021
199069	3022
199069	3024
199069	3025
199069	3026
199069	3029
199069	3030
199069	3031
199069	3032
199069	3033
199069	3034
199069	3035
199069	3036
199069	3039
199069	3040
199069	3042
199069	3043
199069	3044
199069	3045
199069	3052
199069	3057
199069	3061
199069	3062
199069	3064
199069	3066
199069	3068
199069	3071
199069	3074
199069	3076
199069	3081
199069	3087
199069	3098
199069	3102
199069	3117
199339	2982
199339	3049
199339	3089
199339	3100
199339	3120
200126	2954
200126	2972
200126	2980
200126	2984
200126	2993
200126	2997
200126	3008
200126	3013
200126	3016
200126	3026
200126	3031
200126	3043
200126	3054
200126	3061
200126	3079
200126	3089
200126	3100
200126	3109
200126	3120
200126	3134
200665	3092
200665	3120
200665	3125
200665	3132
201865	2955
201865	2984
201865	2993
201865	2996
201865	3006
201865	3008
201865	3014
201865	3019
201865	3032
201865	3034
201865	3047
201865	3055
201865	3058
201865	3079
201865	3081
201865	3089
201865	3092
201865	3109
201865	3132
201865	3134
203295	2960
203295	2990
203295	3021
203295	3028
203295	3038
203295	3055
203295	3067
203295	3109
203506	2993
203506	3058
203506	3074
203506	3117
203506	3131
203506	3132
203506	3252
204895	3099
206404	2948
206404	2954
206404	2963
206404	2984
206404	2993
206404	2996
206404	3001
206404	3015
206404	3020
206404	3025
206404	3026
206404	3042
206404	3052
206404	3064
206404	3087
206404	3117
206404	3134
206557	2950
206557	3031
206557	3032
206557	3089
208070	2993
208070	3008
208070	3019
208070	3020
208070	3032
208070	3079
208070	3089
208070	3100
208070	3102
208070	3134
208598	2925
208598	3017
209308	2984
209308	2993
209308	2997
209308	3019
209308	3031
209308	3046
209308	3047
209308	3055
209308	3058
209308	3064
209308	3079
209308	3089
209308	3092
209308	3100
209308	3109
209308	3131
209308	3132
209308	3133
209308	3134
209308	3165
209308	3169
209375	3001
211747	3030
211747	3031
211747	3032
211747	3040
211747	3049
211747	3134
211825	2984
211825	2989
211825	2991
211825	2998
211825	3022
211825	3024
211825	3032
213035	2963
213035	3001
213035	3008
213035	3016
213035	3019
213035	3023
213035	3025
213035	3028
213035	3040
213035	3052
213035	3076
213035	3079
213035	3084
213035	3098
213035	3127
213035	3133
213035	3135
213035	3152
213035	3252
214461	2945
214461	2980
214461	2997
214461	3001
214461	3013
214461	3015
214461	3100
214461	3170
215493	2945
215493	2955
215493	2974
215493	2987
215493	2991
215493	2992
215493	2997
215493	3008
215493	3012
215493	3013
215493	3015
215493	3044
215493	3098
215493	3169
216738	3007
216738	3019
216738	3021
216738	3038
216738	3135
217248	2993
217248	2994
217248	3002
217248	3012
217248	3019
217248	3029
217248	3064
217248	3093
217248	3098
217814	3016
217814	3079
217814	3127
217814	3132
217814	3169
219202	2944
219202	2977
219202	3004
219202	3019
219202	3066
219202	3090
219202	3100
219369	3169
219516	2922
219516	2924
219516	2927
219516	2928
219516	2929
219516	2930
219516	2931
219516	2932
219516	2933
219516	2934
219516	2935
219516	2936
219516	2938
219516	2939
219516	2940
219516	2941
219516	2942
219516	2944
219516	2945
219516	2947
219516	2948
219516	2951
219516	2953
219516	2954
219516	2958
219516	2962
219516	2963
219516	2964
219516	2965
219516	2967
219516	2969
219516	2970
219516	2971
219516	2973
219516	2977
219516	2979
219516	2980
219516	2981
219516	2982
219516	2983
219516	2984
219516	2985
219516	2986
219516	2987
219516	2988
219516	2989
219516	2991
219516	2993
219516	2995
219516	2996
219516	2998
219516	2999
219516	3000
219516	3004
219516	3005
219516	3008
219516	3009
219516	3010
219516	3012
219516	3095
219719	3003
219719	3016
219719	3127
221564	2953
221564	2954
221564	2967
221564	2971
221564	2979
221564	2980
221564	2984
221564	2986
221564	2988
221564	2993
221564	3009
221564	3012
221564	3026
221564	3035
221564	3060
221564	3092
221746	2993
221746	3015
221746	3031
221746	3032
221746	3047
221746	3082
221746	3089
221746	3098
221746	3099
221746	3117
221746	3123
221746	3128
221746	3136
221746	3138
221746	3186
221746	3245
222886	2997
222886	3001
222886	3003
222886	3008
222886	3009
222886	3020
222886	3024
222886	3029
222886	3031
222886	3045
222886	3054
222886	3067
222886	3089
222886	3093
222886	3117
222886	3120
224073	2993
224073	3016
224073	3019
224073	3089
224073	3100
224661	2998
224661	3003
224661	3010
224661	3020
224661	3021
224661	3022
224661	3030
224661	3031
224661	3036
224661	3040
224661	3048
224661	3054
224661	3060
224661	3076
224661	3084
224661	3100
224661	3509
225204	2984
225204	2993
225204	3021
225204	3030
225204	3031
225204	3047
225204	3134
226264	2942
226264	2944
226264	2945
226264	2948
226264	2949
226264	2950
226264	2953
226264	2954
226264	2965
226264	2967
226264	2969
226264	2984
226264	2986
226264	2987
226264	2993
226264	2994
226264	2997
226264	3001
226264	3002
226264	3012
226264	3015
226264	3016
226264	3018
226264	3019
226264	3020
226264	3031
226264	3032
226264	3036
226264	3038
226264	3046
226264	3047
226264	3054
226264	3055
226264	3058
226264	3061
226264	3064
226264	3071
226264	3079
226264	3082
226264	3089
226264	3092
226264	3100
226264	3109
226264	3115
226264	3123
226264	3125
226264	3128
226264	3131
226264	3132
226264	3133
226264	3134
226264	3136
226264	3138
226264	3140
226264	3145
226264	3153
226264	3154
226264	3159
226264	3167
226264	3169
226264	3174
226264	3175
226264	3178
226264	3179
226264	3190
226264	3203
226264	3205
226264	3207
226264	3208
226264	3216
226264	3224
226264	3225
226264	3230
226264	3234
226264	3242
226264	3245
226264	3251
226264	3266
226264	3286
226264	3309
226264	3311
226264	3315
226264	3329
226264	3333
226264	3345
226264	3354
226264	3369
226264	3403
226264	3428
227249	2972
227249	2984
227249	2993
227249	3001
227249	3012
227249	3035
227249	3040
227249	3141
228053	2961
228053	2974
228053	2985
228053	2986
228053	2993
228053	2994
228053	2996
228053	2997
228053	2999
228053	3006
228053	3011
228053	3012
228053	3013
228053	3015
228053	3016
228053	3024
228053	3025
228053	3026
228053	3028
228053	3030
228053	3032
228053	3042
228053	3047
228053	3060
228053	3065
228053	3066
228053	3076
228053	3100
228053	3169
230291	2970
230291	2974
230291	3050
231583	3016
231583	3032
231583	3047
231583	3061
231583	3089
232511	2951
232511	2954
232511	2957
232511	2984
232511	2993
232511	3000
232511	3031
232511	3032
232511	3055
232511	3071
232511	3093
232511	3134
233252	2969
233252	3030
233252	3032
233252	3134
233739	3013
233739	3030
233739	3100
236270	2986
236270	2987
236270	2993
236270	3021
236270	3031
236270	3038
236270	3043
236270	3061
236270	3083
236270	3134
236493	2974
236493	2984
236493	2991
236493	2993
236493	3019
236493	3021
236493	3022
236493	3032
236493	3034
236493	3036
236493	3046
236493	3047
236493	3055
236493	3057
236493	3060
236493	3066
236493	3071
236493	3079
236493	3081
236493	3109
236493	3132
237810	2993
237810	3006
237810	3008
237810	3015
237810	3016
237810	3021
237810	3036
237810	3038
237810	3040
237810	3043
237810	3050
237810	3052
237810	3055
237810	3059
237810	3061
237810	3064
237810	3071
237810	3072
237810	3081
237810	3085
237810	3087
237810	3098
237810	3102
237810	3109
237810	3112
237810	3121
237810	3132
237810	3134
237810	3169
240042	2993
240042	3020
240042	3038
240042	3040
240042	3043
240042	3068
240042	3081
240042	3105
240042	3109
240042	3112
240042	3134
240042	3141
240042	3151
240042	3185
240042	3201
240042	3211
240042	3225
240229	2945
240229	2948
240229	2949
240229	2955
240229	2969
240229	2970
240229	2972
240229	2973
240229	2974
240229	2977
240229	2980
240229	2983
240229	2984
240229	2989
240229	2991
240229	2993
240229	2997
240229	3001
240229	3005
240229	3009
240229	3012
240229	3014
240229	3015
240229	3016
240229	3017
240229	3018
240229	3021
240229	3022
240229	3024
240229	3025
240229	3026
240229	3030
240229	3031
240229	3033
240229	3035
240229	3036
240229	3037
240229	3038
240229	3039
240229	3041
240229	3042
240229	3043
240229	3045
240229	3048
240229	3049
240229	3050
240229	3055
240229	3057
240229	3060
240229	3061
240229	3064
240229	3071
240229	3072
240229	3081
240229	3085
240229	3087
240229	3093
240229	3110
240229	3112
240229	3120
240229	3170
241441	2993
241441	2998
241441	3018
241441	3020
241441	3032
241441	3134
242159	2922
242159	2923
242159	2924
242159	2931
242159	2932
242159	2934
242159	2935
242159	2936
242159	2937
242159	2941
242159	2944
242159	2945
242159	2947
242159	2948
242159	2951
242159	2953
242159	2954
242159	2955
242159	2957
242159	2961
242159	2962
242159	2963
242159	2964
242159	2965
242159	2967
242159	2970
242159	2972
242159	2973
242159	2976
242159	2977
242159	2979
242159	2980
242159	2983
242159	2984
242159	2985
242159	2986
242159	2988
242159	2990
242159	2993
242159	2995
242159	2998
242159	2999
242159	3012
242159	3014
242159	3015
242159	3016
242159	3017
242159	3019
242159	3021
242159	3023
242159	3025
242159	3028
242159	3030
242159	3141
242159	3392
243236	2928
243236	2954
243236	2984
243236	3013
243236	3028
243236	3071
243236	3089
246132	2978
246132	2984
246132	2986
246132	2990
246132	2995
246132	2999
246632	2993
246632	3011
246632	3029
246632	3098
248665	2993
248665	3026
248665	3032
248665	3062
248665	3092
248755	3047
248755	3064
248755	3100
248755	3169
251084	2993
251084	2994
251084	3006
251084	3007
251084	3011
251084	3020
251084	3021
251084	3026
251084	3031
251084	3032
251084	3034
251084	3036
251084	3037
251084	3038
251084	3039
251084	3041
251084	3043
251084	3046
251084	3047
251084	3050
251084	3051
251084	3052
251084	3053
251084	3058
251084	3059
251084	3063
251084	3064
251084	3067
251084	3068
251084	3069
251084	3070
251084	3071
251084	3072
251084	3073
251084	3074
251084	3077
251084	3079
251084	3081
251084	3084
251084	3085
251084	3086
251084	3087
251084	3089
251084	3093
251084	3096
251084	3097
251084	3100
251084	3102
251084	3106
251084	3107
251084	3109
251084	3110
251084	3112
251084	3114
251084	3115
251084	3117
251084	3121
251084	3124
251084	3125
251084	3127
251084	3129
251084	3131
251084	3132
251084	3134
251084	3135
251084	3143
251084	3146
251084	3150
251084	3166
251084	3169
251084	3182
251084	3185
251084	3239
251084	3300
251407	2954
251407	2970
251407	2972
251407	2980
251407	2984
251407	2993
251407	2996
251407	3012
251407	3015
251407	3024
251407	3028
251407	3030
251407	3032
251407	3036
251407	3043
251407	3046
251407	3071
251407	3079
251407	3081
251407	3098
251407	3102
251407	3109
251407	3134
251940	2945
251940	3001
251940	3047
251940	3089
252984	2970
252984	2994
252984	2997
252984	3017
252984	3022
252984	3029
252984	3032
252984	3036
252984	3039
252984	3057
252984	3079
252984	3092
254673	2932
254673	2948
254673	2949
254673	2954
254673	2955
254673	2969
254673	2972
254673	2977
254673	2980
254673	2983
254673	2984
254673	2987
254673	2992
254673	2993
254673	2997
254673	3002
254673	3004
254673	3012
254673	3013
254673	3016
254673	3019
254673	3020
254673	3022
254673	3027
254673	3029
254673	3030
254673	3032
254673	3039
254673	3040
254673	3060
254673	3066
254673	3100
254673	3117
254673	3128
255195	2993
255195	3002
255195	3015
255195	3016
255195	3018
255195	3022
255195	3024
255195	3026
255195	3029
255195	3031
255195	3041
255195	3043
255195	3048
255195	3052
255195	3057
255195	3061
255195	3064
255195	3067
255195	3071
255195	3079
255195	3087
255195	3117
255195	3134
255377	3031
255377	3089
255377	3117
255693	2947
255693	2953
255693	3009
255693	3012
255693	3014
255693	3017
255693	3023
255693	3027
255693	3035
255693	3037
255693	3039
255693	3047
255693	3058
255693	3072
255693	3073
255693	3084
255693	3102
255693	3117
255961	2954
255961	2980
255961	2997
255961	3006
255961	3032
255961	3102
255961	3132
256126	2962
256126	2994
256126	2996
256126	3001
256126	3016
256126	3020
256126	3034
256126	3047
256126	3049
256126	3061
256126	3062
256126	3125
256126	3134
258734	2972
258734	2984
258734	3016
258734	3031
258734	3055
259847	2972
259847	2993
259847	3030
259847	3060
259847	3066
259847	3132
259847	3134
259952	2983
259952	2993
259952	2997
259952	3001
259952	3006
259952	3009
259952	3018
259952	3020
259952	3024
259952	3030
259952	3036
259952	3045
259952	3049
259952	3054
259952	3055
259952	3057
259952	3060
259952	3061
259952	3068
259952	3077
259952	3089
259952	3102
259952	3120
259952	3132
259952	3134
261982	3092
261982	3109
262445	2963
262445	2974
262445	2984
262445	2993
262445	2996
262445	3008
262445	3013
262445	3019
262445	3032
262445	3035
262445	3043
262445	3060
262445	3077
262445	3100
262726	2993
262726	3032
262726	3047
262726	3079
262726	3092
262726	3112
262726	3131
262726	3132
263454	2993
263454	3100
263856	2953
263856	2954
263856	2955
263856	2956
263856	2957
263856	2958
263856	2959
263856	2961
263856	2962
263856	2963
263856	2964
263856	2965
263856	2967
263856	2975
263856	2976
263856	2977
263856	2978
263856	2979
263856	2980
263856	2981
263856	2982
263856	2983
263856	2984
263856	2985
263856	2986
263856	2987
263856	2988
263856	2989
263856	2990
263856	2998
263856	3000
263856	3004
263856	3005
263856	3012
263856	3019
263856	3025
263856	3028
263856	3030
263856	3035
263856	3043
263856	3095
263856	3096
263856	3117
263856	3135
263856	3223
263856	3237
263856	3263
263856	3279
264025	2984
264025	2989
264025	3012
264025	3049
264025	3071
264025	3117
264090	2947
264090	2959
264090	2961
264090	2963
264090	2973
264090	2974
264090	3148
264135	2983
264135	2990
264135	2993
264135	2994
264135	3002
264135	3003
264135	3006
264135	3007
264135	3008
264135	3009
264135	3011
264135	3015
264135	3016
264135	3018
264135	3019
264135	3020
264135	3021
264135	3022
264135	3024
264135	3025
264135	3026
264135	3029
264135	3031
264135	3032
264135	3033
264135	3034
264135	3036
264135	3038
264135	3039
264135	3040
264135	3045
264135	3048
264135	3049
264135	3052
264135	3054
264135	3057
264135	3060
264135	3061
264135	3062
264135	3064
264135	3066
264135	3068
264135	3071
264135	3074
264135	3076
264135	3077
264135	3081
264135	3083
264135	3087
264135	3093
264135	3096
264135	3098
264135	3100
264135	3102
264135	3110
264135	3117
264135	3120
264135	3134
264490	2982
264490	2991
264490	2998
264490	3003
264490	3010
264490	3020
264490	3021
264490	3038
266031	3018
266031	3019
266356	2973
266356	3020
266356	3030
266837	2980
266837	2984
266837	2986
266837	2993
266837	3014
266837	3028
266837	3035
266837	3066
266837	3169
267590	2954
267590	3028
267590	3043
267783	2997
267783	3004
267783	3013
267783	3018
267783	3033
267783	3054
267783	3089
268762	2984
268762	2994
268762	2998
268762	3001
268762	3018
268762	3031
268762	3064
268891	2972
268891	2974
268891	2980
268891	2984
268891	2993
268891	2994
268891	2997
268891	3008
268891	3013
268891	3016
268891	3018
268891	3019
268891	3032
268891	3055
268891	3058
268891	3071
268891	3100
268891	3109
268891	3132
268891	3169
268991	2993
268991	3002
268991	3055
268991	3132
268991	3134
269720	2954
269720	2972
269720	2974
269720	2980
269720	2984
269720	2993
269720	3002
269720	3007
269720	3015
269720	3016
269720	3019
269720	3036
269720	3049
269720	3071
269720	3079
269720	3134
269720	3169
271089	2973
271089	2997
271089	2998
271089	3001
271089	3006
271089	3014
271089	3018
271089	3054
271089	3089
271089	3100
271089	3170
271966	2949
271966	2955
271966	2996
271966	2997
271966	3013
271966	3018
271966	3027
271966	3028
271966	3033
271966	3054
271966	3057
271966	3071
271966	3089
271966	3093
271966	3120
271966	3212
271966	3251
271966	3318
271966	3364
271976	2972
271976	2973
271976	2982
271976	2984
271976	2993
271976	2994
271976	3006
271976	3007
271976	3024
271976	3036
271976	3037
271976	3041
271976	3048
271976	3049
271976	3057
271976	3060
271976	3071
271976	3079
271976	3098
271976	3102
271976	3117
271976	3170
272179	2951
272179	3010
272179	3039
272179	3048
272805	3031
272805	3064
272805	3225
273258	3100
273691	2954
273691	2979
273691	2980
273691	2983
273691	2997
273691	2998
273691	3003
273691	3013
273691	3018
273691	3032
273691	3049
273691	3054
273691	3100
274161	2982
274161	2985
274161	2993
274161	3009
275246	2969
275246	2979
275246	2993
275246	3020
275246	3021
275246	3030
275246	3040
275246	3042
275246	3060
275246	3311
276034	2990
276034	2993
276034	3006
276034	3026
276034	3043
276034	3052
276034	3064
276034	3076
276034	3087
276034	3102
276034	3125
276034	3134
277439	3016
277439	3081
277439	3134
277439	3169
278559	2927
278559	2933
278559	2935
278559	2944
278559	2948
278559	2951
278559	2954
278559	2957
278559	2977
278559	2984
278559	2987
278559	2993
278559	2996
278559	2998
278559	3001
278559	3008
278559	3010
278559	3015
278559	3029
278559	3030
278559	3031
278559	3035
278559	3036
278559	3042
278559	3050
278559	3066
278559	3087
278559	3134
281734	2934
281734	2935
281734	2941
281734	2942
281734	2944
281734	2945
281734	2949
281734	2951
281734	2954
281734	2958
281734	2961
281734	2963
281734	2964
281734	2965
281734	2967
281734	2971
281734	2982
281734	2987
281734	2988
281734	2989
281734	2994
281734	3001
281734	3008
281734	3010
281734	3015
281734	3017
281734	3025
281734	3027
281734	3029
282486	2974
282486	2993
282486	3001
282486	3018
282486	3058
282486	3089
282486	3132
282486	3134
282486	3169
284565	3012
290703	2945
290703	2950
290703	2980
290703	2993
290703	3003
290703	3007
290703	3015
290703	3021
290703	3032
290703	3055
290703	3071
290703	3132
290977	2948
290977	2980
290977	2984
290977	3005
290977	3013
290977	3031
290977	3034
290977	3037
290977	3055
290977	3060
290977	3064
290977	3092
290977	3097
290977	3109
290977	3121
290977	3128
290977	3131
290977	3134
290977	3138
292663	2972
292663	2982
292663	2983
292663	2984
292663	2994
292663	3008
292663	3018
292663	3061
292663	3089
292663	3100
294461	2993
294461	3016
294461	3032
294461	3115
294461	3120
294461	3169
296242	2962
296242	2986
296242	2994
296242	3013
296242	3111
296242	3174
296244	3134
296244	3173
296244	3179
297061	2967
297061	3047
297061	3052
297061	3117
297623	2994
297623	3001
297623	3007
297623	3032
297623	3049
297623	3098
297623	3100
297623	3102
298825	3134
299210	3077
299884	3024
299884	3071
299884	3074
299884	3098
300562	2922
300562	2927
300562	2928
300562	2931
300562	2932
300562	2933
300562	2934
300562	2936
300562	2937
300562	2938
300562	2939
300562	2940
300562	2942
300562	2943
300562	2944
300562	2945
300562	2947
300562	2948
300562	2949
300562	2955
300562	2957
300562	2958
300562	2959
300562	2960
300562	2962
300562	2963
300562	2967
300562	2970
300562	2972
300562	2973
300562	2974
300562	2981
300562	2982
300562	2983
300562	2984
300562	2985
300562	2986
300562	2989
300562	2992
300562	2993
300562	2998
300562	3000
300562	3002
300562	3005
300562	3006
300562	3008
300562	3011
300562	3012
300562	3014
300562	3016
300562	3065
301487	2983
301487	3016
301487	3055
302110	2942
302110	2944
302110	2948
302110	2951
302110	2954
302110	2957
302110	2958
302110	2964
302110	2967
302110	2969
302110	2972
302110	2976
302110	2977
302110	2980
302110	2982
302110	2983
302110	2984
302110	2985
302110	2986
302110	2987
302110	2988
302110	2989
302110	2992
302110	2993
302110	2998
302110	2999
302110	3001
302110	3004
302110	3005
302110	3019
302110	3022
302110	3025
302110	3028
302110	3033
302110	3074
302488	2926
302488	2927
302488	2938
302488	2939
302488	2948
302488	2953
302488	2959
302488	2964
302488	2967
302488	2968
302488	2970
302488	2974
302488	2982
302645	2960
302645	2984
302645	2986
302645	2993
302645	3008
302645	3064
302645	3083
302645	3134
303269	2925
303269	2927
303269	2932
303269	2945
303269	2949
303269	2953
303269	2954
303269	2957
303269	2962
303269	2970
303269	2980
303269	2983
303269	2984
303269	2987
303269	2993
303269	2994
303269	3008
303269	3012
303269	3013
303269	3017
303269	3018
303269	3019
303269	3020
303269	3021
303269	3023
303269	3027
303269	3030
303269	3032
303269	3037
303269	3042
303269	3043
303269	3046
303269	3047
303269	3050
303269	3051
303269	3055
303269	3059
303269	3060
303269	3071
303269	3075
303269	3092
303269	3102
303269	3104
303269	3109
303269	3110
303269	3112
303269	3123
303269	3127
303269	3146
303269	3169
303269	3182
303269	3185
305182	2968
305182	2977
305182	2987
305182	2991
305182	2996
305182	3009
305182	3010
305182	3025
305182	3031
305182	3044
305182	3067
305182	3084
306282	2963
306282	2974
306282	2991
306282	2993
306282	3006
306282	3008
306282	3009
306282	3010
306282	3020
306282	3024
306282	3030
306282	3031
306282	3036
306282	3037
306282	3038
306282	3040
306282	3041
306282	3043
306282	3050
306282	3055
306282	3059
306282	3067
306282	3079
306282	3085
306282	3086
306282	3098
306282	3102
306282	3112
306282	3117
306282	3126
306282	3132
306282	3134
306282	3170
306688	2963
306688	2984
306688	2993
306688	3000
306688	3032
306688	3046
306688	3047
306688	3055
306688	3132
306688	3134
306688	3169
307201	2938
307201	2947
307201	2951
307201	2957
307201	2958
307201	2960
307201	2962
307201	2963
307201	2964
307201	2967
307201	2970
307201	2972
307201	2973
307201	2977
307201	2982
307201	2983
307201	2985
307201	2986
307201	2987
307201	2988
307201	2990
307201	2992
307201	2995
307201	2998
307201	3000
307201	3001
307201	3006
307201	3010
307201	3015
307201	3016
307201	3020
307201	3021
307201	3022
307201	3025
307201	3026
307201	3027
307201	3031
307201	3033
307201	3034
307201	3040
307706	2972
307706	2993
307706	2997
307706	3001
307706	3016
307706	3019
307706	3030
307706	3134
308453	2948
308453	2951
308453	2954
308453	2955
308453	2957
308453	2958
308453	2962
308453	2964
308453	2967
308453	2972
308453	2977
308453	2980
308453	2982
308834	2924
308834	2927
308834	2928
308834	2929
308834	2930
308834	2931
308834	2932
308834	2933
308834	2934
308834	2935
308834	2936
308834	2938
308834	2939
308834	2940
308834	2941
308834	2942
308834	2943
308834	2944
308834	2945
308834	2946
308834	2947
308834	2948
308834	2951
308834	2953
308834	2954
308834	2955
308834	2957
308834	2958
308834	2959
308834	2960
308834	2963
308834	2964
308834	2965
308834	2967
308834	2968
308834	2969
308834	2970
308834	2971
308834	2973
308834	2974
308834	2977
308834	2978
308834	2980
308834	2981
308834	2983
308834	2987
308834	2992
308834	2993
308834	2998
308834	3001
308834	3008
308834	3021
308834	3022
308834	3023
308834	3024
308834	3027
308834	3060
308834	3098
309162	2993
309162	3016
309162	3019
309162	3026
309162	3043
309162	3046
309162	3055
309162	3062
309162	3064
309162	3082
309162	3084
309162	3089
309162	3096
309162	3100
309162	3107
309162	3109
309162	3115
309162	3117
309162	3123
309162	3126
309162	3128
309162	3131
309162	3132
309162	3133
309162	3135
309162	3136
309162	3137
309162	3152
309162	3178
309926	2962
309926	2993
309926	2994
309926	2996
309926	3011
309926	3019
309926	3047
309926	3052
309926	3079
309926	3102
309926	3109
309926	3126
309926	3132
309926	3169
309926	3178
310354	2922
310354	2926
310354	2927
310354	2928
310354	2929
310354	2930
310354	2931
310354	2932
310354	2933
310354	2934
310354	2935
310354	2936
310354	2941
310354	2944
310354	2945
310354	2947
310354	2948
310354	2951
310354	2953
310354	2954
310354	2955
310354	2957
310354	2958
310354	2960
310354	2962
310354	2964
310354	2965
310354	2967
310354	2968
310354	2969
310354	2970
310354	2971
310354	2973
310354	2974
310354	2975
310354	2976
310354	2977
310354	2978
310354	2979
310354	2980
310354	2981
310354	2982
310354	2983
310354	2984
310354	2985
310354	2986
310354	2987
310354	2988
310354	2989
310354	2992
310354	2993
310354	2995
310354	2996
310354	2998
310354	3000
310354	3004
310354	3005
310354	3008
310354	3010
310354	3012
310354	3023
310354	3028
310354	3030
310354	3032
310354	3035
310354	3043
310354	3044
310354	3054
310354	3057
310354	3060
310354	3087
310461	2954
310461	2972
310461	2973
310461	2978
310461	2983
310461	2984
310461	2993
310461	3008
310461	3018
310461	3019
310461	3029
310461	3032
310461	3054
310461	3071
310461	3074
310461	3089
310461	3132
310461	3134
310499	2997
310499	3003
310499	3039
310499	3054
310499	3129
310499	3169
312108	2957
312108	2993
312108	3002
312108	3006
312108	3014
312108	3021
312108	3031
312108	3046
312108	3047
312108	3128
312108	3132
312497	2943
312497	2944
312497	2947
312497	2948
312497	2949
312497	2953
312497	2954
312497	2955
312497	2957
312497	2958
312497	2959
312497	2960
312497	2962
312497	2963
312497	2964
312497	2967
312497	2969
312497	2970
312497	2972
312497	2973
312497	2974
312497	2975
312497	2977
312497	2979
312497	2982
312497	2983
312497	2984
312497	2985
312497	2987
312497	2990
312497	2993
312497	2994
312497	2999
312497	3001
312497	3002
312497	3006
312497	3008
312497	3011
312497	3012
312497	3022
312497	3023
312497	3028
312497	3029
312497	3030
312497	3032
312497	3034
312497	3036
312497	3042
312497	3060
312497	3066
312497	3098
313893	2969
313893	2980
313893	2983
313893	3006
313893	3008
313893	3010
313893	3036
313893	3041
313893	3044
313893	3045
313893	3050
313893	3062
313893	3071
313893	3114
314302	3020
314302	3030
314302	3056
314302	3058
314302	3081
314302	3109
315749	3013
315749	3032
316528	3010
316528	3041
316528	3047
316528	3060
316528	3066
316528	3109
318503	2944
318503	2948
318503	2951
318503	2954
318503	2955
318503	2960
318503	2962
318503	2963
318503	2969
318503	2972
318503	2974
318503	2977
318503	2980
318503	2982
318503	2983
318503	2984
318503	2987
318503	2990
318503	2992
318503	2993
318503	2994
318503	2996
318503	2999
318503	3001
318503	3002
318503	3003
318503	3004
318503	3006
318503	3008
318503	3009
318503	3010
318503	3013
318503	3019
318503	3023
318503	3024
318503	3025
318503	3026
318503	3028
318503	3029
318503	3030
318503	3032
318503	3033
318503	3035
318503	3036
318503	3039
318503	3041
318503	3044
318503	3048
318503	3049
318503	3050
318503	3052
318503	3055
318503	3060
318503	3062
318503	3066
318503	3067
318503	3068
318503	3071
318503	3083
318503	3098
318503	3102
318503	3110
318503	3127
318503	3129
318503	3132
318503	3144
318503	3169
318503	3170
318518	2984
318518	2993
318518	3013
318518	3020
318518	3032
318518	3048
318518	3089
318518	3100
318518	3132
318518	3133
318518	3134
318518	3136
318993	2993
318993	2994
318993	2998
318993	3002
318993	3015
318993	3016
318993	3019
318993	3020
318993	3021
318993	3024
318993	3025
318993	3038
318993	3040
318993	3043
318993	3052
318993	3060
318993	3061
318993	3067
318993	3072
318993	3081
318993	3083
318993	3085
318993	3087
318993	3093
318993	3096
318993	3109
318993	3112
318993	3115
318993	3117
318993	3121
318993	3126
318993	3132
318993	3135
318993	3167
318993	3169
319194	2948
319194	2954
319194	2962
319194	2969
319194	2974
319194	2980
319194	2992
319194	3012
319194	3064
319194	3134
319194	3509
320537	2922
320537	2923
320537	2926
320537	2927
320537	2932
320537	2941
320537	2944
320537	2947
320537	2948
320537	2949
320537	2951
320537	2953
320537	2954
320537	2955
320537	2957
320537	2958
320537	2959
320537	2961
320537	2963
320537	2964
320537	2965
320537	2967
320537	2970
320537	2971
320537	2975
320537	2979
320537	2980
320537	2983
320537	2986
320537	2987
320537	2989
320537	2991
320537	2993
320537	2994
320537	2996
320537	2998
320537	3001
320537	3002
320537	3004
320537	3008
320537	3010
320537	3019
320537	3020
320537	3022
321036	2948
321036	2954
321036	2984
321036	3013
321036	3019
321036	3032
321036	3046
321036	3071
321036	3100
321235	2970
321235	3014
321235	3169
321346	2963
321346	2996
321346	3001
321346	3025
321346	3034
321346	3040
321348	2980
321348	2984
321348	3001
321348	3006
321348	3012
321348	3016
321348	3026
321348	3027
321348	3032
321348	3043
321348	3060
321348	3061
321348	3076
321348	3102
321348	3109
321348	3115
321348	3121
321348	3126
321348	3132
321348	3135
321491	2993
321491	2997
321491	3001
321491	3003
321491	3013
321491	3018
321491	3019
321491	3046
321491	3089
321491	3134
322216	2982
322216	2995
322216	2996
322216	3009
322216	3042
322216	3087
322465	2953
322465	2954
322465	2955
322465	2962
322465	2963
322465	2965
322465	2967
322465	2975
322465	2980
322465	2985
322465	2988
322465	2991
322465	2993
322465	2999
322465	3311
322465	3354
322531	2932
322531	2933
322531	2937
322531	2938
322531	2944
322531	2948
322531	2949
322531	2951
322531	2958
322531	2959
322531	2965
322531	2967
322531	2974
322531	2983
322531	2991
322531	2993
322531	2994
322531	2995
322531	2997
322531	3001
322531	3003
322531	3004
322531	3006
322531	3008
322531	3009
322531	3013
322531	3016
322531	3018
322531	3031
322531	3043
322531	3045
322531	3060
322531	3061
322531	3062
322531	3071
322531	3076
322531	3081
322531	3089
322531	3093
322531	3096
322531	3102
322531	3117
322531	3120
324280	2967
324280	2993
324280	3015
324280	3043
324280	3071
324280	3169
325823	2980
325823	2984
325823	2993
325823	3016
325823	3020
326002	2986
326002	2994
326768	2949
326768	2969
326768	2973
326768	2979
326768	2980
326768	2994
326768	2997
326768	3004
326768	3018
326768	3072
326768	3085
326768	3087
326768	3089
326768	3100
326768	3120
326768	3170
326915	2972
326915	3032
326915	3132
327130	2945
327130	2949
327130	2954
327130	2955
327130	2962
327130	2963
327130	2970
327130	2972
327130	2974
327130	2977
327130	2980
327130	2984
327130	2985
327130	2993
327130	2999
327130	3001
327130	3004
327130	3006
327130	3009
327130	3011
327130	3012
327130	3015
327130	3019
327130	3020
327130	3021
327130	3022
327130	3024
327130	3026
327130	3028
327130	3030
327130	3031
327130	3032
327130	3036
327130	3042
327130	3043
327130	3044
327130	3052
327130	3061
327130	3064
327130	3066
327130	3068
327130	3071
327130	3074
327130	3076
327130	3081
327130	3087
327130	3102
327999	2983
327999	3062
327999	3098
327999	3102
329126	3032
330387	3039
330387	3053
330387	3068
330387	3115
330387	3117
330387	3134
330407	2963
330407	2987
330407	2991
330407	2993
330407	2994
330407	3006
330407	3012
330407	3019
330407	3028
330407	3043
330407	3052
332101	3109
332101	3132
332101	3169
332204	2979
332204	3020
332204	3068
332204	3117
332204	3146
332346	2970
332346	2971
332346	2972
332346	2973
332346	2974
332346	2975
332346	2976
332346	2977
332346	2978
332346	2980
332346	2981
332346	2982
332346	2983
332346	2984
332346	2985
332346	2986
332346	2987
332346	2988
332346	2989
332346	2991
332346	2992
332346	2995
332346	2996
332346	2998
332346	2999
332346	3000
332346	3001
332346	3025
334571	2993
334571	3007
334571	3012
334571	3019
334571	3100
334571	3132
334571	3134
334705	2972
334705	2993
334705	3011
334705	3015
334705	3022
334705	3029
334998	2983
334998	3060
334998	3066
334998	3082
