1750	629
1750	630
1750	631
1750	640
1750	547
1750	561
1750	562
1750	565
1750	567
1750	577
1750	581
1750	586
1750	589
1750	591
1750	593
1750	594
1750	596
1750	604
1750	609
1750	613
1750	618
1791	672
1791	945
1791	536
1791	538
1791	544
1791	551
1791	559
1791	614
2068	547
2068	548
2068	564
2068	571
2068	577
2068	581
2068	587
2068	588
2068	605
2068	618
3306	631
3306	536
3306	547
3306	551
3306	564
3306	566
3306	567
3306	596
3306	618
3651	507
3651	526
3651	547
3651	559
3651	564
3651	567
3651	591
3651	614
3892	621
3892	630
3892	631
3892	545
3892	561
3892	562
3892	564
3892	565
3892	567
3892	577
3892	581
3892	589
3892	593
3892	613
3892	618
4805	562
4805	579
4805	597
4805	618
4966	631
4966	643
4966	654
4966	532
4966	547
4966	558
4966	559
4966	564
4966	581
4966	597
6237	565
6237	566
6237	581
6237	586
6237	588
6648	678
6648	526
6648	532
6648	533
6648	536
6648	540
6648	547
6648	548
6648	562
6648	564
6648	566
6648	567
6648	569
6648	577
6648	579
6648	581
6648	589
6648	591
6648	613
6648	618
6690	621
6690	536
6690	543
6690	546
6690	548
6690	550
6690	564
6690	566
6690	568
6690	572
6690	577
6690	581
6690	582
6690	584
6690	587
6690	588
6690	592
6690	597
6690	598
6690	602
6935	547
6935	554
6935	562
6935	566
6935	586
7146	630
7146	654
7146	561
7146	565
7146	577
7146	612
7146	613
7490	643
7490	658
7490	659
7490	664
7490	683
7490	538
7490	582
7490	605
7490	606
7784	528
7784	531
7784	568
7808	630
7808	631
7808	676
7808	570
7808	581
7808	589
7808	590
7808	591
7808	594
7808	613
7808	618
7886	629
7886	631
7886	640
7886	672
7886	536
7886	546
7886	560
7886	566
7886	581
7886	591
9386	504
9386	505
9386	507
9386	510
9386	513
9386	516
9386	522
9386	532
9386	533
9386	542
9386	543
9386	544
9386	545
9386	547
9386	549
9386	551
9386	552
9386	553
9386	554
9386	557
9386	558
9386	564
9386	565
9386	566
9386	567
9919	567
10031	581
10223	1668
10223	508
10223	510
10223	512
10223	513
10223	516
10223	518
10223	526
10223	529
10223	532
10223	539
10223	540
10223	541
10223	542
10223	543
10223	545
10223	551
10223	558
10223	559
10223	560
10223	563
10223	564
10223	565
10223	566
10223	568
10223	569
10223	571
10252	631
10252	646
10252	647
10252	651
10252	665
10252	672
10252	677
10252	580
10252	581
10252	589
10252	591
10252	595
10252	599
10252	600
10252	609
10252	610
10252	618
11945	581
11945	589
12604	629
12604	636
12604	666
12604	671
12604	698
12604	2700
12604	538
12604	591
12604	605
13361	631
13361	526
13361	532
13361	536
13361	546
13361	554
13361	564
13361	566
13361	581
13361	607
15947	630
15947	631
15947	532
15947	536
15947	547
15947	559
15947	566
15947	567
15947	587
15947	589
15947	596
15947	611
15947	613
16033	567
16033	570
16033	573
16033	577
16339	621
16339	633
16339	640
16339	678
16339	508
16339	512
16339	513
16339	516
16339	518
16339	519
16339	520
16339	523
16339	524
16339	526
16339	532
16339	533
16339	534
16339	535
16339	536
16339	538
16339	540
16339	543
16339	544
16339	545
16339	546
16339	548
16339	549
16339	550
16339	551
16339	552
16339	554
16339	555
16339	559
16339	560
16339	562
16339	564
16339	565
16339	567
16339	568
16339	571
16339	575
16339	576
16339	579
16339	580
16339	582
16339	583
16339	587
16339	588
16339	589
16339	592
16339	596
16339	597
16339	598
16339	601
16339	605
16385	630
16385	631
16385	653
16385	672
16385	526
16385	554
16385	558
16385	573
16385	581
16385	589
16385	591
16385	596
16385	604
16385	609
16385	610
16385	617
17064	640
17064	532
17064	560
17064	580
17064	591
17064	595
17064	596
18825	536
18825	540
18825	577
19141	631
19141	526
19141	536
19141	540
19141	559
19141	564
19141	565
19141	566
19141	581
19141	584
19141	589
19141	591
19141	609
20447	629
20447	630
20447	640
20447	672
20447	678
20447	540
20447	555
20447	558
20447	560
20447	562
20447	565
20447	567
20447	573
20447	581
20447	589
20447	591
20447	596
20447	604
20447	611
20447	613
23192	630
23192	561
23192	567
23192	589
24134	631
24134	676
24134	520
24134	526
24134	551
24134	552
24134	564
24134	566
24134	572
24134	581
24134	582
24134	584
24134	591
24134	593
24134	598
24134	613
24217	545
24217	587
24217	588
24217	596
24217	597
24371	630
24371	676
24371	520
24371	526
24371	532
24371	533
24371	536
24371	538
24371	540
24371	543
24371	546
24371	547
24371	549
24371	551
24371	554
24371	558
24371	559
24371	560
24371	561
24371	564
24371	565
24371	566
24371	577
24371	579
24371	581
24371	582
24371	587
24371	593
24371	594
24371	596
24371	597
24371	599
24371	604
24371	605
24371	610
24371	611
26712	637
26712	677
26712	563
26712	585
26712	590
26712	592
26712	600
26712	605
26712	606
26712	614
26712	615
27321	631
27321	533
27321	540
27321	571
27321	577
27321	588
27321	591
27501	629
27501	630
27501	631
27501	714
27501	532
27501	540
27501	558
27501	561
29255	629
29255	640
29255	508
29255	510
29255	511
29255	512
29255	513
29255	514
29255	515
29255	516
29255	518
29255	523
29255	526
29255	528
29255	529
29255	531
29255	533
29255	540
29255	541
29255	542
29255	543
29255	544
29255	545
29255	546
29255	547
29255	548
29255	553
29255	554
29255	556
29255	557
29255	558
29255	559
29255	560
29255	561
29255	563
29255	564
29255	565
29255	566
29255	569
29255	570
29255	571
29255	572
29255	573
29255	574
29255	575
29255	576
29255	578
29255	587
29255	588
29255	602
29255	604
29255	605
29255	607
29255	614
29778	625
29778	629
29778	631
29778	654
29778	672
29778	547
29778	560
29778	561
29778	565
29778	566
29778	567
29778	581
29778	589
29778	591
29778	596
29778	604
29778	609
29778	613
29778	614
29778	618
30733	591
30733	596
33540	631
33540	683
33540	744
33540	788
33540	532
33540	544
33540	560
33540	564
33540	571
33540	572
33540	579
33540	588
33540	605
34154	631
34154	676
34154	546
34154	560
34154	562
34154	565
34154	566
34154	567
34154	569
34154	577
34154	581
34154	589
34154	591
34154	593
34154	604
34154	613
34154	618
34611	576
34611	577
34611	582
35478	508
35478	510
35478	511
35478	518
35478	522
35478	523
35478	526
35478	529
35478	533
35478	540
35478	543
35478	544
35478	545
35478	547
35478	548
35478	549
35478	551
35478	552
35478	553
35478	554
35478	558
35478	561
35478	567
35478	572
35478	573
35478	574
35478	578
35478	582
35713	678
35713	550
35713	555
35713	561
35713	565
35713	567
35713	571
35713	576
35713	577
35713	581
35713	591
35713	596
35713	598
35713	613
35966	629
35966	630
35966	640
35966	759
35966	558
35966	577
35966	581
35966	589
35966	591
35966	596
35966	604
35966	613
36790	631
36790	558
36790	566
36790	577
36790	581
36790	591
36790	596
36790	613
36790	614
37043	631
37043	518
37043	540
37043	547
37043	552
37043	566
37043	568
37043	572
37043	582
37043	592
38013	518
38013	520
38013	523
38013	532
38013	542
38013	553
38013	571
38479	630
38479	631
38479	640
38479	645
38479	652
38479	663
38479	668
38479	672
38479	676
38479	677
38479	678
38479	526
38479	533
38479	538
38479	540
38479	541
38479	542
38479	543
38479	545
38479	546
38479	547
38479	548
38479	549
38479	550
38479	551
38479	553
38479	559
38479	560
38479	561
38479	562
38479	564
38479	565
38479	566
38479	567
38479	569
38479	570
38479	571
38479	572
38479	573
38479	575
38479	576
38479	578
38479	579
38479	581
38479	582
38479	583
38479	584
38479	585
38479	587
38479	588
38479	589
38479	591
38479	592
38479	593
38479	594
38479	596
38479	597
38479	599
38479	602
38479	604
38479	605
38479	609
38479	611
38479	613
38479	615
38479	618
39142	672
39142	547
39142	562
39142	564
39142	566
39142	591
39142	618
39275	631
39275	519
39275	532
39275	538
39275	546
39275	554
39275	561
39275	565
39275	567
39275	568
39275	577
39275	581
39275	587
39275	588
40242	512
40242	534
40242	535
40242	543
40242	545
40242	554
40556	629
40556	631
40556	640
40556	678
40556	546
40556	547
40556	566
40556	573
40556	578
40556	579
40556	581
40556	591
40556	604
40556	607
40556	609
40556	613
40556	615
40556	618
40963	621
40963	519
40963	540
40963	545
40963	546
40963	551
40963	559
40963	571
40963	582
40963	591
40963	596
43096	589
43362	511
43362	512
43362	513
43362	514
43362	515
43362	516
43362	518
43362	519
43362	520
43362	526
43362	528
43362	531
43362	532
43362	533
43362	534
43362	535
43362	538
43362	540
43362	542
43362	543
43362	544
43362	545
43362	546
43362	547
43362	548
43362	550
43362	552
43362	553
43362	554
43362	555
43362	556
43362	557
43362	558
43362	559
43362	560
43362	561
43362	563
43362	564
43362	565
43362	566
43362	567
43362	569
43362	570
43362	571
43362	572
43362	573
43362	574
43362	580
43362	581
43362	582
43362	585
43362	590
43362	591
43362	610
43362	611
43362	613
48570	547
48570	558
48570	565
48570	567
49279	678
49279	538
49279	545
49279	550
49279	551
49279	554
49279	564
49279	587
49279	588
49279	591
49279	596
49508	629
49508	640
49508	645
49508	678
49508	548
49508	550
49508	559
49508	568
49508	573
49508	577
49508	579
49508	582
49508	587
49508	597
49508	598
49508	614
49763	532
49763	547
49763	566
49763	613
49939	504
49939	508
49939	514
49939	515
49939	516
49939	518
49939	522
49939	529
49939	566
49939	567
49939	568
49939	569
49939	571
49939	581
49939	596
50354	629
50354	514
50354	516
50354	518
50354	520
50354	523
50354	529
50354	533
50354	540
50354	542
50354	543
50354	544
50354	545
50354	546
50354	547
50354	549
50354	553
50354	558
50354	559
50354	561
50354	563
50354	564
50354	565
50354	566
50354	567
50354	571
50354	572
50354	573
50354	574
50354	578
50714	580
50714	599
50714	611
51394	622
51394	630
51394	631
51394	640
51394	642
51394	653
51394	672
51394	561
51394	581
51394	589
51394	591
51394	613
51394	617
51408	631
51408	536
51408	547
51408	565
51408	573
51408	581
51408	591
51408	604
51566	631
51566	551
51566	567
51566	581
51566	589
51566	613
51581	631
51581	650
51581	519
51581	520
51581	536
51581	538
51581	543
51581	545
51581	546
51581	547
51581	549
51581	555
51581	558
51581	559
51581	561
51581	573
51581	575
51581	581
51581	588
51581	589
51581	598
51581	610
51581	614
54970	640
54970	536
54970	549
54970	551
54970	560
54970	561
54970	564
54970	573
54970	575
54970	581
54970	594
54970	596
54970	604
54970	610
54970	613
54970	615
55063	633
55063	536
55063	538
55063	543
55063	546
55063	549
55063	560
55063	567
55063	572
55063	574
55063	582
55063	593
55063	610
55401	630
55401	551
55401	561
55401	577
55401	607
55401	610
55634	630
55634	631
55634	561
55634	564
55634	566
55634	577
55634	581
55634	589
55634	591
55634	613
55828	631
55828	546
55828	550
55828	558
55828	562
55828	566
55828	567
55828	573
55828	581
55828	613
56783	631
56783	640
56783	526
56783	540
56783	554
56783	566
56783	581
56783	589
57311	507
57311	508
57311	510
57311	511
57311	512
57311	513
57311	514
57311	515
57311	526
57311	533
57311	534
57311	535
57311	538
57311	539
57311	540
57311	541
57311	542
57311	543
57311	544
57311	545
57311	546
57311	547
57311	548
57311	550
57311	552
57311	554
57311	555
57311	556
57311	557
57311	558
57311	559
57311	561
57311	564
57311	565
57311	566
57311	572
58236	663
58236	676
58236	540
58236	567
58236	613
59154	654
59154	581
59266	631
59266	566
59266	567
59266	581
59266	589
59266	591
59266	596
59323	631
59323	566
59323	613
59733	630
59733	631
59733	676
59733	526
59733	532
59733	547
59733	552
59733	560
59733	564
59733	565
59733	566
59733	567
59733	578
59733	581
59733	589
59733	596
59733	604
59733	613
60244	625
60244	631
60244	653
60244	666
60244	836
60244	859
60244	940
60244	1011
60244	1123
60244	1306
60244	1313
60244	581
60244	589
60244	609
60244	612
60597	631
60597	564
60597	566
60597	589
60597	591
60597	596
60597	613
60986	581
61760	577
61760	591
61760	609
61892	530
61892	534
61892	552
61892	560
62161	538
62161	546
62161	604
62161	614
62341	629
62341	630
62341	645
62341	652
62341	665
62341	672
62341	677
62341	567
62341	578
62341	583
62341	589
62341	591
62341	594
62341	596
62341	600
62341	605
62341	606
62341	610
62341	613
62341	614
62341	615
62341	618
63772	561
64080	630
64080	631
64080	555
64080	561
64080	567
64080	577
64080	581
64080	596
64080	611
64829	519
64829	554
65398	645
65398	550
65398	557
65398	558
65398	559
65398	565
66068	630
66068	631
66068	581
67353	532
67353	538
67353	546
67353	560
67353	566
67461	629
67461	630
67461	631
67461	640
67461	663
67461	676
67461	678
67461	536
67461	540
67461	546
67461	558
67461	561
67461	562
67461	564
67461	565
67461	566
67461	567
67461	573
67461	577
67461	578
67461	579
67461	587
67461	591
67461	592
67461	593
67461	595
67461	596
67461	597
67461	598
67461	600
67461	602
67461	604
67461	605
67461	609
67461	611
67461	613
67461	614
67461	618
67976	546
67976	565
67976	566
67976	568
67976	587
67976	588
67976	596
67976	597
67976	602
69326	630
69326	561
69326	581
69326	591
69326	605
69367	596
70527	631
70527	676
70527	558
70527	564
70527	574
70527	577
70527	581
70527	591
70527	593
70527	596
70527	602
70527	607
70527	613
70527	618
70725	631
70725	532
70725	533
70725	551
70725	564
70725	578
70725	581
70725	586
70725	588
70725	591
70725	594
70725	596
70725	598
70725	607
70725	613
74146	766
74146	768
74146	527
74146	531
74146	537
74146	582
74146	596
74146	597
74146	614
74489	633
74489	533
74489	538
74489	544
74489	545
74489	548
75277	630
75277	631
75277	663
75277	676
75277	526
75277	527
75277	528
75277	536
75277	538
75277	560
75277	565
75277	567
75277	569
75277	572
75277	578
75277	580
75277	581
75277	582
75277	589
75277	591
75277	593
75277	605
75277	611
75277	618
75729	511
75729	591
75729	598
75729	604
76710	526
76710	529
76710	541
76710	556
76710	570
76710	572
76770	630
76770	631
76770	676
76770	540
76770	547
76770	558
76770	567
76770	569
76770	573
76770	577
76770	581
76770	589
76770	591
76770	605
76770	613
76903	539
77722	513
77722	514
77722	520
77722	528
77722	529
77722	531
77722	534
77722	543
77722	544
77722	545
77722	546
77722	550
77722	555
77722	558
77722	560
77722	561
77722	563
77722	565
77735	689
77735	533
79123	547
79123	565
79123	577
79123	591
79123	613
80640	628
80640	630
80640	634
80640	635
80640	636
80640	637
80640	638
80640	640
80640	642
80640	650
80640	651
80640	653
80640	654
80640	668
80640	671
80640	672
80640	676
80640	677
80640	680
80640	742
80640	574
80640	578
80640	583
80640	594
80640	595
80640	596
80640	602
80640	606
80640	609
80640	610
80640	614
80640	617
83962	631
83962	564
83962	566
83962	581
83962	590
83962	613
84151	631
84151	571
85202	561
86243	630
86243	631
86243	676
86243	526
86243	532
86243	564
86243	566
86243	571
86243	581
86243	589
86243	590
86243	591
86243	613
86809	519
86809	549
87923	631
87923	676
87923	678
87923	561
87923	567
87923	569
87923	576
87923	577
87923	581
87923	587
87923	589
87923	591
87923	592
87923	596
87923	598
87923	599
89465	581
90015	675
90015	676
90015	781
90015	838
90015	870
90015	931
90015	1004
90015	533
90015	539
90015	540
90015	541
90015	542
90015	543
90015	544
90015	545
90015	546
90015	547
90015	548
90015	549
90015	551
90015	552
90015	553
90015	555
90015	557
90015	558
90015	560
90015	564
90015	565
90015	566
90015	567
90015	569
90015	571
90015	572
90015	573
90015	574
90015	575
90015	578
90015	581
90015	584
90015	586
90015	587
90015	588
90015	589
90015	590
90015	591
90015	594
90015	595
90015	596
90015	597
90015	598
90015	599
90015	602
90015	604
90015	605
90015	612
90015	613
90015	618
92675	640
92675	581
92675	590
92675	596
92675	598
94173	631
94173	635
94173	646
94173	647
94173	665
94173	710
94173	533
94173	618
94528	621
94528	630
94528	631
94528	676
94528	519
94528	526
94528	532
94528	536
94528	546
94528	547
94528	548
94528	554
94528	555
94528	558
94528	559
94528	561
94528	562
94528	564
94528	566
94528	572
94528	573
94528	581
94528	584
94528	587
94528	591
94528	592
94528	593
94528	596
94528	613
95924	532
95924	536
95924	559
95924	561
95924	567
95924	587
95947	631
95947	653
95947	654
95947	663
95947	683
95947	532
95947	547
95947	560
95947	566
95947	567
95947	573
95947	577
95947	581
95947	589
95947	591
95947	596
95947	609
95947	613
96523	670
96523	672
96523	740
96523	833
96523	834
96523	928
96523	507
96523	510
96523	513
96523	516
96523	518
96523	519
96523	520
96523	522
96523	523
96523	528
96523	531
96523	560
96523	563
96523	564
96523	565
96523	569
96523	572
97254	747
97254	526
97254	532
97254	540
97254	558
97254	564
97254	566
97254	581
97254	591
98300	577
98300	581
98300	609
99994	529
99994	542
99994	543
99994	545
99994	546
99994	547
99994	550
99994	552
99994	570
99994	572
99994	585
99994	587
99994	592
99994	595
99994	596
99994	598
99994	601
99994	610
101035	621
101035	526
101035	528
101035	533
101035	540
101035	547
101035	550
101035	551
101035	553
101035	554
101035	555
101035	556
101035	561
101035	566
101035	568
101035	570
101035	572
101035	582
101035	583
101035	584
101035	615
102218	678
102218	679
102218	526
102218	555
102218	608
102431	621
102431	518
102431	519
102431	520
102431	521
102431	525
102431	527
102431	528
102431	529
102431	537
102431	538
102431	541
102431	551
102431	553
102431	558
102431	560
102431	568
102431	581
102431	582
102431	583
102431	584
102431	592
102431	597
102431	603
102431	613
103576	519
103576	609
103576	618
106844	536
106844	538
106844	546
106844	550
106844	560
106844	566
106844	568
106844	577
106844	579
106844	615
107086	654
107086	869
107086	538
107086	576
107086	587
107086	614
107155	526
107155	532
107155	566
107155	567
110238	520
110238	521
110238	537
110238	546
110238	596
110238	603
110238	614
110510	543
110510	544
110510	546
110510	547
110510	549
110510	551
110510	552
110510	553
110510	554
110510	556
110510	559
110510	561
110510	568
110510	571
110510	572
110510	580
110510	581
110510	582
110510	589
110510	598
110510	599
110510	604
110545	654
110545	663
110545	671
110545	577
110545	580
110545	581
110545	596
110545	603
110545	609
110545	614
110545	616
111058	564
111058	566
111058	570
111058	581
111058	589
111058	604
111058	613
111290	541
111290	542
111290	543
111290	545
111290	548
111290	551
111290	554
111290	558
111290	559
111290	560
111290	561
111290	564
111290	566
112430	631
112430	654
112430	2350
112430	540
112430	567
112430	577
112430	581
112430	591
112430	604
112430	609
112430	613
113007	536
113007	562
113007	567
113007	573
113007	581
113007	613
113007	618
113173	631
113217	630
113217	512
113217	513
113217	514
113217	515
113217	518
113217	519
113217	520
113217	522
113217	523
113217	526
113217	527
113217	528
113217	530
113217	531
113217	532
113217	533
113217	534
113217	536
113217	538
113217	540
113217	542
113217	543
113217	544
113217	546
113217	547
113217	548
113217	550
113217	551
113217	552
113217	553
113217	554
113217	555
113217	558
113217	559
113217	561
113217	564
113217	566
113217	567
113217	568
113217	570
113217	571
113217	572
113217	573
113217	574
113217	575
113217	578
113217	579
113217	582
113217	583
113217	591
113217	592
113217	593
113217	596
113217	597
113217	598
113217	599
113217	604
113217	605
113217	610
113217	611
113217	613
113217	618
114161	630
114161	562
114161	574
114161	586
114161	594
114161	604
114161	607
114161	613
114908	631
114908	533
114908	540
114908	546
114908	547
114908	561
114908	580
114908	581
114908	589
114908	591
114908	613
116322	631
116322	565
116322	566
118125	561
118125	591
118125	615
118320	633
118320	536
118320	546
118320	596
118476	1677
118476	526
118476	564
118476	596
118476	599
118522	621
118522	625
118522	629
118522	631
118522	633
118522	636
118522	654
118522	663
118522	536
118522	540
118522	543
118522	546
118522	550
118522	551
118522	559
118522	560
118522	561
118522	568
118522	569
118522	570
118522	574
118522	577
118522	578
118522	581
118522	582
118522	584
118522	586
118522	589
118522	590
118522	591
118522	592
118522	594
118522	596
118522	597
118522	602
118522	604
118522	607
118522	609
118522	610
118522	613
118522	617
118522	618
121103	631
121103	547
121103	564
121103	581
121103	605
124345	622
124345	520
126485	630
126485	631
126485	634
126485	653
126485	677
126485	547
126485	558
126485	565
126485	569
126485	573
126485	581
126485	589
126485	591
126485	596
126485	617
126485	618
126606	631
126606	560
126606	565
126606	567
126606	571
126606	581
126606	589
126606	593
126606	596
126623	687
126623	538
126623	562
126623	582
126623	587
126623	605
126623	611
127739	631
127739	1219
127739	540
127739	566
127739	567
127739	573
127739	579
127739	596
127771	631
127771	640
127771	540
127771	547
127771	555
127771	581
127771	591
127771	613
129511	514
129511	515
129511	518
130091	630
130091	631
130091	526
130091	558
130091	564
130091	581
130091	591
130091	607
130091	613
130099	631
130099	526
130099	567
130099	613
130316	630
130316	633
130316	519
130316	530
130316	536
130316	538
130316	543
130316	544
130316	549
130316	558
130316	559
130316	560
130316	562
130316	566
130316	570
130316	571
130316	581
130316	582
130316	584
130316	590
130316	593
130316	594
130316	604
130316	610
130838	512
130838	514
130838	516
130838	518
130838	528
130838	529
130838	531
130838	541
130838	542
130838	545
130838	553
130838	555
130838	556
130838	557
130838	558
130838	559
130838	561
130838	563
130838	565
130838	569
130838	575
130838	576
130838	582
130838	584
130838	586
130838	587
130838	588
130838	592
130838	597
130838	598
130838	599
130838	605
131285	629
131285	630
131285	631
131285	640
131285	672
131285	676
131285	536
131285	561
131285	566
131285	591
131285	596
131285	613
131532	570
131532	573
131532	577
131532	578
131532	581
131532	591
131532	609
131532	613
131594	519
131594	526
131594	532
131594	533
131594	538
131594	546
131594	549
131594	552
131594	554
131594	566
131594	567
131594	584
131594	588
131594	591
131594	595
131594	610
131594	611
131594	613
132423	506
132423	508
132423	510
132423	511
132423	512
132423	513
132423	516
132423	518
132423	520
132423	522
132423	528
132423	529
132423	531
132423	533
132423	542
132423	543
132423	545
132423	547
132423	548
132423	549
132423	553
132423	555
132423	558
132423	559
132423	560
132423	561
132423	563
132423	564
132423	565
132423	566
132423	588
132740	621
132740	544
132740	546
132740	547
132740	562
132740	566
132740	579
132740	584
133195	633
133195	640
133195	677
133195	859
133195	1221
133195	519
133195	526
133195	532
133195	536
133195	538
133195	540
133195	543
133195	551
133195	555
133195	560
133195	561
133195	565
133195	573
133195	581
133195	584
133195	588
133195	592
133195	597
133195	604
133195	613
133195	618
133378	737
133378	1516
133378	512
133378	516
133378	520
133378	526
133378	528
133378	529
133378	531
133378	533
133378	534
133378	535
133378	538
133378	539
133378	542
133378	543
133378	544
133378	545
133378	546
133378	547
133378	548
133378	551
133378	553
133378	554
133378	555
133378	556
133378	557
133378	558
133378	559
133378	560
133378	561
133378	564
133378	565
133378	566
133378	579
133378	588
133378	597
133512	631
133512	536
133512	567
133512	596
133512	614
133746	630
133746	514
133746	515
133746	532
133746	533
133746	546
133746	552
133746	553
133746	559
133746	563
133746	564
133746	571
133746	591
133746	598
133746	605
133746	618
133788	547
133788	567
133788	573
133788	577
133788	589
133788	591
133788	597
133788	604
133788	613
136252	567
136252	591
136252	596
136252	618
136953	1320
136953	1431
136953	2517
136953	2625
136953	2804
136953	2938
136953	2948
136953	502
136953	506
136953	508
136953	510
136953	512
136953	513
136953	518
136953	522
136953	526
136953	534
136953	535
136953	543
136953	545
136953	548
136953	549
136953	558
136953	559
136953	564
136953	565
136953	566
136953	567
136953	571
136953	572
136953	575
136953	581
136953	582
136953	583
137467	536
137467	548
137467	559
137467	565
137467	589
137467	618
137504	630
137504	566
137504	581
137504	613
138950	629
138950	631
138950	526
138950	532
138950	547
138950	566
138950	567
138950	581
138950	588
138950	589
138950	596
138950	598
138950	613
139033	631
139033	676
139033	678
139033	578
139033	581
139033	595
139033	604
139033	614
139033	617
139650	577
141168	631
141168	632
141168	654
141168	520
141168	526
141168	532
141168	554
141168	571
141168	613
141168	618
144296	512
144296	514
144296	524
144296	528
144296	531
144296	533
144296	540
144296	541
144296	542
144296	543
144296	545
144296	546
144296	555
144296	560
144296	563
144296	564
144296	565
144296	566
144296	567
144459	533
144459	551
144459	555
144459	577
144459	593
144913	596
144913	618
145460	547
145460	566
145460	581
147848	533
147848	540
147848	554
147848	580
147848	592
147848	603
147939	631
147939	536
147939	565
147939	581
147939	588
148237	631
148237	654
148237	566
148237	574
148237	577
148237	589
148237	591
148237	593
148237	596
148293	631
148293	524
148293	532
149516	532
151016	566
151016	567
151685	513
151685	518
151685	520
151685	533
151685	538
151685	540
151685	542
151685	543
151685	544
151685	545
151685	549
151685	553
151685	554
151685	556
151685	557
151685	558
151685	559
151685	561
151685	567
151685	569
151685	570
151685	572
151685	576
152331	503
152331	506
152331	507
152331	508
152331	510
152331	514
152331	519
152331	528
152331	531
152331	607
154558	508
154558	511
154558	512
154558	513
154558	515
154558	518
154558	519
154558	522
154558	526
154558	529
154558	550
154558	553
154558	554
154558	556
154558	558
154558	559
154558	561
154558	563
154558	564
154558	568
154558	573
154558	574
154558	578
154558	579
154558	582
154558	591
155063	654
155063	940
155063	574
155063	581
155063	590
155063	598
155063	609
155063	618
158890	625
158890	627
158890	629
158890	630
158890	631
158890	632
158890	643
158890	647
158890	667
158890	672
158890	567
158890	578
158890	581
158890	589
158890	609
158890	619
159912	621
159912	629
159912	630
159912	645
159912	663
159912	665
159912	672
159912	676
159912	2081
159912	536
159912	538
159912	540
159912	546
159912	551
159912	558
159912	559
159912	561
159912	564
159912	566
159912	577
159912	579
159912	581
159912	584
159912	585
159912	588
159912	589
159912	591
159912	595
159912	602
159912	604
159912	607
159912	609
159912	610
159912	613
160024	625
160024	626
160024	513
160024	523
160024	535
160024	553
160024	554
160024	556
160024	558
160024	559
160024	573
160024	574
160024	575
160024	589
160024	590
160024	601
160024	602
160024	604
160024	605
161106	528
161106	531
161106	543
161106	545
161106	548
161106	552
161106	555
161106	556
161106	560
161106	561
161106	563
161106	564
161106	565
161333	540
161333	541
161333	542
161333	544
161333	546
161333	547
161333	548
161333	549
161333	550
161333	551
161333	552
161333	553
161333	554
161333	555
161333	559
161333	560
161333	561
161333	563
161333	564
161333	565
161333	566
161541	630
161541	631
161541	519
161541	526
161541	532
161541	554
161541	558
161541	560
161541	562
161541	565
161541	566
161541	567
161541	581
161541	591
161541	594
161541	605
161541	613
161541	618
163175	621
163175	631
163175	640
163175	663
163175	665
163175	678
163175	704
163175	520
163175	526
163175	532
163175	538
163175	546
163175	547
163175	549
163175	550
163175	551
163175	554
163175	555
163175	558
163175	559
163175	560
163175	561
163175	562
163175	564
163175	565
163175	566
163175	567
163175	568
163175	572
163175	573
163175	576
163175	579
163175	581
163175	584
163175	586
163175	588
163175	589
163175	591
163175	596
163175	598
163175	599
163175	604
163175	613
163175	618
163727	631
163727	536
163727	547
163727	559
163727	566
163727	567
163727	581
163727	613
164644	526
164644	532
164644	565
164644	566
164644	605
165054	631
165054	640
165054	642
165054	663
165054	691
165054	797
165054	536
165054	540
165054	549
165054	559
165054	560
165054	567
165054	577
165054	580
165054	581
165054	588
165054	589
165054	591
165054	593
165054	599
165054	609
165054	613
165054	615
167435	536
167435	540
167435	566
167435	613
167649	507
167649	508
167649	512
167649	513
167649	514
167649	516
167649	518
167649	526
167649	528
167649	529
167649	531
167649	533
167649	538
167649	541
167649	542
167649	543
167649	545
167649	546
167649	548
167649	549
167649	555
167649	558
167649	559
167649	563
167649	564
167649	565
167649	566
167649	569
167649	571
167649	575
169665	508
169665	510
169665	511
169665	512
169665	514
169665	518
169665	519
169665	520
169665	526
169665	528
169665	529
169665	531
169665	534
169665	542
169665	543
169665	545
169665	547
169665	548
169665	550
169665	551
169665	553
169665	556
169665	557
169665	559
169665	563
169665	564
169665	565
169665	566
172863	633
172863	644
172863	520
172863	523
172863	526
172863	527
172863	528
172863	529
172863	530
172863	531
172863	532
172863	533
172863	534
172863	536
172863	540
172863	543
172863	544
172863	549
172863	562
172863	567
172863	572
172863	584
172863	596
175937	631
175937	528
175937	534
175937	536
175937	543
175937	554
175937	559
175937	562
175937	564
175937	571
175937	574
175937	589
176333	678
176333	538
176333	544
176333	546
176333	562
176333	565
176333	566
176333	567
176333	573
176333	575
176333	584
176333	591
176333	592
176333	605
176333	613
176333	618
178196	631
178196	562
178196	580
182008	525
182008	551
182008	564
182008	567
182883	520
182883	522
182883	528
182883	529
182883	531
182883	533
182883	540
182883	541
182883	543
182883	545
182883	549
182883	555
182883	556
182883	557
182883	560
182883	561
182883	563
182883	564
182883	565
182883	566
182883	567
182883	569
182883	570
182883	571
184695	630
184695	564
184695	566
184695	581
184695	591
185072	625
185072	631
185072	640
185072	642
185072	643
185072	647
185072	650
185072	654
185072	659
185072	667
185072	676
185072	683
185072	603
185072	613
185072	614
185072	618
187049	676
187049	678
187049	519
187049	526
187049	532
187049	536
187049	540
187049	543
187049	544
187049	546
187049	550
187049	551
187049	554
187049	558
187049	560
187049	561
187049	562
187049	564
187049	565
187049	566
187049	567
187049	568
187049	569
187049	571
187049	572
187049	573
187049	575
187049	580
187049	581
187049	586
187049	587
187049	588
187049	589
187049	591
187049	592
187049	593
187049	596
187049	597
187049	598
187049	600
187049	602
187049	604
187049	605
187049	610
187049	613
187049	618
188222	538
188222	551
188222	562
188222	593
188718	551
188718	560
188718	562
188718	568
188718	575
188718	597
188724	519
188724	520
188724	532
188724	536
188724	566
188724	577
188724	581
188724	603
188948	630
188948	567
188948	594
188948	613
189288	625
189288	631
189288	640
189288	643
189288	683
189288	2442
189288	561
189288	567
189288	573
189288	578
189288	581
189288	589
189288	612
189288	613
189288	618
189978	540
189978	541
189978	542
189978	543
189978	545
189978	546
189978	550
189978	552
189978	553
189978	558
189978	559
189978	567
189978	575
189978	586
189978	587
189978	594
189978	598
189978	604
191503	676
191503	519
191503	540
191503	558
191503	577
191503	589
191503	596
191902	551
191902	559
191902	560
191902	565
191902	597
192992	546
192992	548
192992	549
192992	550
192992	551
192992	553
192992	554
192992	556
192992	559
192992	561
192992	564
192992	566
192992	568
192992	572
192992	573
192992	576
192992	580
192992	582
192992	584
192992	592
192992	598
192992	605
194952	525
194952	537
194952	546
194952	548
194952	552
194952	562
194952	566
194952	571
194952	575
194952	577
194952	581
194952	598
194952	618
198256	538
198256	564
199007	506
199007	508
199007	514
199007	515
199007	518
199007	526
199007	533
199007	534
199007	541
199007	542
199007	546
199007	550
199007	554
199007	557
199007	559
199007	560
199007	561
199007	562
199007	564
199007	565
199007	566
199007	570
199007	571
199007	572
199007	587
199007	591
199007	596
199007	598
199007	604
199007	607
199007	608
199007	609
199007	610
199007	615
199069	540
199069	562
199069	578
199069	591
199069	594
199069	607
199069	610
199069	613
199339	551
199339	566
199339	577
199339	609
200126	631
200126	654
200126	672
200126	781
200126	1730
200126	526
200126	532
200126	540
200126	546
200126	547
200126	558
200126	560
200126	566
200126	567
200126	570
200126	581
200126	589
200126	591
200126	596
200126	609
200665	536
200665	547
200665	561
200665	567
200665	581
200665	589
200665	596
201865	631
201865	564
201865	581
203295	532
203295	562
203295	566
203295	581
203295	586
203506	631
203506	567
203506	581
203506	609
204895	523
204895	538
204895	560
204895	581
204895	610
206404	621
206404	630
206404	631
206404	678
206404	532
206404	544
206404	546
206404	547
206404	558
206404	560
206404	562
206404	564
206404	565
206404	567
206404	569
206404	570
206404	581
206404	584
206404	588
206404	589
206404	591
206404	595
206404	617
206404	618
206557	631
206557	536
206557	567
206557	573
206557	587
206557	609
206557	618
208070	630
208070	540
208070	546
208070	562
208070	564
208070	566
208070	573
208070	591
208070	596
208070	604
208070	610
208598	631
208598	562
208598	564
208598	570
208598	573
208598	581
208598	589
208598	591
208598	595
208598	613
209308	629
209308	630
209308	631
209308	636
209308	640
209308	650
209308	663
209308	672
209308	676
209308	567
209308	577
209308	581
209308	589
209308	591
209308	596
209308	604
209308	609
209308	613
209308	614
209308	616
209375	549
209375	566
209375	573
209375	589
209375	591
209375	598
211747	536
211747	567
211747	588
211747	596
211825	1676
211825	507
211825	512
211825	516
211825	518
211825	519
211825	526
211825	533
211825	541
211825	542
211825	545
211825	558
211825	563
213035	650
213035	680
213035	538
213035	540
213035	544
213035	581
213035	594
213035	595
213035	607
213035	610
214461	631
214461	532
214461	536
214461	559
214461	571
214461	577
214461	580
214461	581
214461	588
215493	511
215493	526
215493	527
215493	533
215493	553
215493	561
215493	577
216738	565
216738	566
216738	604
217248	630
217248	631
217248	712
217248	567
217248	588
217248	594
217248	607
217814	540
217814	547
217814	561
217814	566
217814	581
217814	586
217814	589
217814	591
217814	609
217814	613
217814	618
219202	969
219202	1198
219202	1268
219202	549
219202	582
219202	587
219202	598
219369	567
219369	578
219369	581
219369	589
219516	620
219516	626
219516	627
219516	642
219516	1415
219516	1489
219516	1831
219516	503
219516	504
219516	505
219516	508
219516	510
219516	511
219516	512
219516	514
219516	516
219516	518
219516	522
219516	526
219516	528
219516	529
219516	531
219516	532
219516	533
219516	534
219516	536
219516	538
219516	540
219516	541
219516	542
219516	543
219516	544
219516	545
219516	546
219516	547
219516	548
219516	550
219516	551
219516	553
219516	554
219516	555
219516	556
219516	558
219516	559
219516	561
219516	562
219516	563
219516	564
219516	565
219516	566
219516	573
219516	577
219516	612
219719	631
219719	546
219719	561
219719	562
219719	567
219719	577
219719	596
221564	625
221564	653
221564	672
221564	2337
221564	564
221564	571
221564	581
221564	589
221564	596
221564	604
221564	611
221564	613
221746	621
221746	547
221746	560
221746	562
221746	566
221746	573
221746	591
221746	613
222886	631
222886	663
222886	526
222886	533
222886	536
222886	546
222886	548
222886	549
222886	566
222886	567
222886	572
222886	574
222886	579
222886	588
222886	595
222886	615
224073	631
224073	567
224073	573
224073	577
224073	581
224073	589
224661	631
224661	672
224661	2081
224661	564
224661	566
224661	581
224661	618
225204	620
225204	631
225204	646
225204	665
225204	672
225204	2787
225204	536
225204	538
225204	546
225204	547
225204	562
225204	581
225204	588
225204	589
225204	591
225204	595
225204	613
226264	536
226264	538
226264	540
226264	546
226264	547
226264	555
226264	560
226264	562
226264	564
226264	566
226264	581
227249	621
227249	631
227249	640
227249	678
227249	536
227249	538
227249	547
227249	564
227249	575
227249	579
227249	589
227249	592
227249	597
228053	678
228053	540
228053	546
228053	547
228053	554
228053	555
228053	558
228053	561
228053	564
228053	565
228053	566
228053	571
228053	593
228053	596
228053	598
230291	532
230291	538
230291	543
230291	560
230291	564
230291	566
230291	568
230291	577
230291	579
230291	587
230291	604
230291	615
230291	618
231583	629
231583	680
231583	547
231583	567
231583	581
232511	631
232511	646
232511	653
232511	672
232511	678
232511	712
232511	536
232511	547
232511	561
232511	565
232511	573
232511	577
232511	581
232511	591
232511	613
233252	602
233252	607
233739	538
236270	631
236270	676
236270	704
236270	1676
236270	526
236270	532
236270	536
236270	545
236270	547
236270	548
236270	564
236270	581
236270	595
236270	596
236270	610
236270	615
236270	618
236493	564
236493	565
236493	566
236493	569
236493	577
236493	581
236493	584
236493	589
236493	591
236493	613
236493	614
236493	618
237810	631
237810	536
237810	539
237810	547
237810	558
237810	564
237810	568
237810	572
237810	573
237810	581
237810	584
237810	586
237810	588
237810	589
237810	591
237810	598
237810	607
240042	635
240042	647
240042	672
240042	565
240042	575
240042	612
240042	618
240229	640
240229	678
240229	543
240229	546
240229	547
240229	559
240229	561
240229	568
240229	581
240229	594
240229	596
240229	597
240229	610
240229	611
240229	618
241441	676
241441	567
241441	581
241441	589
241441	591
241441	594
241441	598
241441	604
241441	613
241441	618
242159	620
242159	627
242159	634
242159	651
242159	655
242159	674
242159	677
242159	678
242159	733
242159	740
242159	813
242159	817
242159	819
242159	833
242159	994
242159	1320
242159	520
242159	526
242159	534
242159	535
242159	540
242159	542
242159	543
242159	545
242159	546
242159	548
242159	551
242159	553
242159	554
242159	557
242159	558
242159	559
242159	560
242159	561
242159	564
242159	566
242159	567
242159	569
242159	571
242159	574
242159	580
242159	584
242159	585
242159	589
242159	590
242159	592
242159	593
242159	594
242159	595
242159	596
242159	598
242159	599
242159	600
242159	613
242159	617
242159	618
243236	631
243236	532
243236	552
243236	554
243236	558
243236	566
243236	581
243236	591
243236	618
246132	502
246132	508
246132	511
246132	518
246132	520
246132	524
246132	533
246132	543
246132	545
246132	547
246132	548
246132	556
246132	557
246132	559
246132	560
246132	567
246132	569
246632	631
246632	636
246632	640
246632	672
246632	677
246632	742
246632	532
246632	536
246632	547
246632	560
246632	565
246632	577
246632	585
246632	589
246632	606
246632	609
246632	613
246632	615
246632	617
248665	569
248755	667
248755	547
248755	550
248755	562
248755	580
248755	589
248755	593
248755	613
251084	622
251084	623
251084	625
251084	626
251084	631
251084	632
251084	635
251084	637
251084	640
251084	642
251084	645
251084	646
251084	647
251084	649
251084	651
251084	652
251084	653
251084	655
251084	660
251084	661
251084	663
251084	665
251084	668
251084	671
251084	672
251084	675
251084	677
251084	680
251084	685
251084	688
251084	692
251084	742
251084	581
251084	589
251084	590
251084	595
251084	600
251084	602
251084	603
251084	606
251084	607
251084	615
251084	616
251084	617
251084	619
251407	631
251407	519
251407	538
251407	545
251407	546
251407	547
251407	558
251407	562
251407	564
251407	565
251407	566
251407	567
251407	575
251407	581
251407	596
251407	613
251940	630
251940	640
251940	950
251940	536
251940	561
251940	564
251940	566
251940	594
251940	596
251940	597
251940	613
252984	526
252984	532
252984	534
252984	543
252984	544
252984	548
252984	552
252984	560
252984	599
254673	684
254673	744
254673	1074
254673	1111
254673	526
254673	532
254673	547
254673	554
254673	558
254673	561
254673	564
254673	566
254673	577
254673	588
254673	613
255195	631
255195	672
255195	676
255195	677
255195	547
255195	560
255195	562
255195	565
255195	566
255195	570
255195	581
255195	584
255195	589
255195	599
255195	605
255195	613
255195	614
255377	625
255377	676
255377	549
255377	570
255377	580
255693	631
255693	639
255693	652
255693	516
255693	561
255693	563
255693	564
255693	565
255693	566
255693	567
255693	571
255693	576
255693	578
255693	579
255693	581
255693	593
255693	594
255693	599
255693	600
255693	613
255693	614
255693	617
255961	654
255961	783
255961	567
255961	581
255961	618
256126	567
256126	618
258734	566
259847	630
259847	631
259847	678
259847	538
259847	550
259847	551
259847	558
259847	562
259847	567
259847	581
259847	587
259847	591
259847	593
259847	596
259847	609
259847	613
259952	629
259952	633
259952	650
259952	532
259952	536
259952	538
259952	540
259952	544
259952	545
259952	548
259952	549
259952	559
259952	564
259952	565
259952	574
259952	579
259952	581
259952	582
259952	584
259952	588
259952	591
259952	592
259952	593
259952	595
259952	596
259952	597
259952	598
259952	604
259952	611
259952	613
259952	615
259952	618
261982	631
261982	567
261982	577
261982	581
261982	589
261982	591
261982	609
261982	613
262445	640
262445	532
262445	547
262445	581
262445	587
262445	591
262726	630
262726	631
262726	581
262726	591
262726	609
262726	613
263454	538
263454	561
263454	567
263454	569
263454	581
263856	507
263856	510
263856	511
263856	512
263856	514
263856	529
263856	534
263856	542
263856	543
263856	545
263856	546
263856	548
263856	553
263856	563
263856	565
263856	566
263856	567
263856	570
263856	592
264025	633
264025	547
264025	566
264025	567
264025	581
264025	589
264025	596
264025	618
264090	502
264090	504
264090	506
264090	519
264090	522
264090	523
264090	528
264090	531
264090	533
264090	534
264090	541
264090	564
264090	568
264090	579
264135	630
264135	631
264135	676
264135	678
264135	567
264135	570
264135	573
264135	574
264135	576
264135	577
264135	578
264135	580
264135	581
264135	583
264135	587
264135	591
264135	594
264135	595
264135	596
264135	598
264135	599
264135	602
264135	604
264135	605
264135	607
264135	610
264135	611
264135	613
264135	615
264135	618
264490	672
264490	536
264490	538
264490	546
264490	559
264490	560
264490	564
264490	565
264490	566
264490	579
266031	631
266031	536
266031	581
266031	589
266031	610
266356	519
266837	630
266837	536
266837	540
266837	550
266837	561
266837	566
266837	570
266837	577
266837	581
266837	613
266837	615
266837	618
267590	630
267590	631
267590	668
267590	547
267590	566
267590	581
267590	589
267590	604
267590	607
267590	609
267590	613
267783	519
267783	604
268762	1677
268762	566
268762	567
268762	593
268891	631
268891	640
268891	650
268891	654
268891	672
268891	536
268891	567
268891	577
268891	581
268891	589
268891	596
268891	609
268891	612
268991	738
268991	555
268991	565
268991	567
268991	581
268991	591
268991	613
268991	614
268991	617
268991	618
269720	625
269720	631
269720	653
269720	654
269720	671
269720	672
269720	540
269720	547
269720	566
269720	573
269720	577
269720	581
269720	591
269720	596
269720	604
269720	605
269720	609
269720	612
269720	614
269720	618
271089	654
271089	665
271089	742
271089	545
271089	546
271089	551
271089	587
271089	597
271089	609
271966	645
271966	560
271966	587
271966	596
271976	631
271976	567
271976	581
271976	591
271976	604
272179	519
272179	536
272179	548
272805	642
272805	650
272805	676
272805	581
272805	614
273258	525
273258	587
273691	640
273691	665
273691	1027
273691	536
273691	546
273691	547
273691	554
273691	558
273691	559
273691	564
273691	573
273691	581
273691	583
273691	587
273691	589
273691	591
273691	596
273691	598
273691	604
273691	609
273691	613
273691	618
274161	546
274161	547
274161	558
274161	566
274161	584
275246	631
275246	640
275246	519
275246	530
275246	536
275246	544
275246	545
275246	565
275246	595
275246	607
275246	618
276034	630
276034	631
276034	652
276034	663
276034	676
276034	573
276034	581
276034	589
276034	591
276034	604
276034	613
276034	614
276034	618
277439	630
277439	631
277439	591
278559	633
278559	645
278559	650
278559	651
278559	652
278559	655
278559	665
278559	672
278559	680
278559	742
278559	533
278559	535
278559	538
278559	543
278559	545
278559	546
278559	547
278559	549
278559	551
278559	559
278559	567
278559	570
278559	575
278559	578
278559	582
278559	583
278559	592
278559	595
278559	597
278559	602
278559	606
278559	608
278559	610
278559	618
281734	676
281734	519
281734	526
281734	533
281734	538
281734	542
281734	544
281734	546
281734	550
281734	556
281734	557
281734	572
281734	574
281734	615
282486	631
282486	547
282486	618
284565	631
284565	640
284565	520
284565	554
284565	558
284565	560
284565	564
284565	567
284565	573
284565	581
284565	589
284565	596
284565	613
290703	547
290703	558
290703	562
290703	565
290703	566
290703	581
290703	613
290977	663
290977	510
290977	519
290977	520
290977	526
290977	532
290977	536
290977	538
290977	540
290977	542
290977	547
290977	558
290977	560
290977	561
290977	562
290977	566
290977	567
290977	581
290977	588
290977	589
290977	591
290977	592
290977	593
290977	595
290977	599
290977	604
292663	630
292663	631
292663	640
292663	519
292663	526
292663	532
292663	538
292663	540
292663	546
292663	547
292663	551
292663	552
292663	554
292663	558
292663	559
292663	564
292663	567
292663	571
292663	577
292663	581
292663	584
292663	587
292663	589
292663	591
292663	594
292663	602
292663	604
292663	610
294461	625
294461	631
294461	565
294461	613
296242	540
296242	573
296244	536
296244	564
296244	581
297061	631
297061	512
297061	513
297061	517
297061	518
297061	526
297061	528
297061	534
297061	540
297061	547
297061	558
297061	564
297061	565
297061	567
297061	570
297061	573
297061	577
297623	633
297623	573
297623	577
297623	584
297623	596
298825	631
298825	526
298825	536
298825	573
298825	591
298825	613
299210	568
299210	577
299210	578
299210	583
299884	631
299884	520
299884	526
299884	540
299884	550
299884	581
299884	604
300562	502
300562	505
300562	507
300562	508
300562	510
300562	512
300562	513
300562	514
300562	516
300562	518
300562	520
300562	522
300562	523
300562	528
300562	529
300562	531
300562	534
300562	535
300562	539
300562	543
300562	545
300562	546
300562	548
300562	549
300562	551
300562	553
300562	554
300562	558
300562	559
300562	561
300562	563
300562	565
300562	566
300562	567
301487	581
301487	612
301487	614
302110	678
302110	526
302110	528
302110	531
302110	533
302110	535
302110	539
302110	540
302110	541
302110	542
302110	543
302110	544
302110	545
302110	547
302110	552
302110	553
302110	554
302110	555
302110	557
302110	558
302110	559
302110	561
302110	563
302110	565
302110	569
302110	572
302110	574
302110	575
302110	576
302110	580
302110	581
302488	502
302488	513
302488	522
302488	526
302488	528
302488	531
302488	533
302488	534
302488	535
302488	540
302488	541
302488	542
302488	543
302488	544
302488	545
302488	549
302488	555
302488	556
302488	558
302488	564
302488	566
302488	567
302488	570
302488	571
302488	572
302488	581
302488	582
302488	583
302488	587
302488	589
302488	594
302488	601
302488	602
302488	603
302488	604
302488	606
302645	536
302645	554
302645	564
302645	565
302645	567
302645	572
302645	577
303269	630
303269	631
303269	676
303269	558
303269	561
303269	581
303269	589
303269	604
303269	607
303269	610
303269	613
305182	542
305182	554
305182	568
306282	631
306282	640
306282	645
306282	668
306282	678
306282	546
306282	558
306282	565
306282	578
306282	588
306282	589
306282	597
306282	602
306282	604
306688	631
306688	640
306688	519
306688	526
306688	532
306688	538
306688	545
306688	547
306688	552
306688	554
306688	558
306688	560
306688	562
306688	564
306688	565
306688	566
306688	567
306688	581
306688	589
306688	591
306688	593
306688	613
306688	618
307201	642
307201	643
307201	774
307201	849
307201	508
307201	512
307201	513
307201	515
307201	518
307201	520
307201	526
307201	527
307201	529
307201	533
307201	534
307201	540
307201	543
307201	544
307201	545
307201	548
307201	551
307201	553
307201	554
307201	558
307201	559
307201	560
307201	561
307201	563
307201	564
307201	565
307706	631
307706	551
307706	562
307706	571
307706	573
307706	591
307706	593
307706	607
307706	610
307706	613
308453	520
308453	526
308453	529
308453	533
308453	541
308453	544
308453	545
308453	551
308453	556
308453	557
308453	559
308453	561
308453	567
308453	570
308453	574
308834	512
308834	513
308834	514
308834	516
308834	518
308834	519
308834	522
308834	526
308834	528
308834	531
308834	533
308834	536
308834	540
308834	543
308834	544
308834	545
308834	546
308834	547
308834	548
308834	550
308834	554
308834	555
308834	558
308834	559
308834	561
308834	564
308834	565
308834	566
308834	569
308834	584
308834	587
308834	592
308834	598
308834	599
309162	625
309162	631
309162	632
309162	654
309162	567
309162	581
309162	589
309162	591
309162	596
309162	609
309162	613
309926	629
309926	630
309926	562
309926	564
309926	567
309926	577
309926	581
309926	591
309926	604
309926	607
309926	613
310354	624
310354	633
310354	663
310354	678
310354	507
310354	508
310354	510
310354	512
310354	513
310354	514
310354	516
310354	518
310354	519
310354	520
310354	522
310354	523
310354	526
310354	528
310354	529
310354	531
310354	532
310354	533
310354	534
310354	535
310354	536
310354	538
310354	539
310354	540
310354	541
310354	542
310354	543
310354	544
310354	545
310354	546
310354	547
310354	548
310354	549
310354	550
310354	551
310354	552
310354	553
310354	554
310354	555
310354	556
310354	557
310354	558
310354	559
310354	560
310354	561
310354	564
310354	565
310354	566
310354	567
310354	568
310354	569
310354	570
310354	571
310354	572
310354	573
310354	576
310354	577
310354	578
310354	579
310354	580
310354	581
310354	582
310354	583
310354	584
310354	586
310354	587
310354	588
310354	589
310354	592
310354	593
310354	594
310354	596
310354	597
310354	598
310354	599
310354	600
310354	605
310354	607
310354	610
310354	611
310354	613
310354	618
310461	532
310499	625
310499	631
310499	654
310499	700
310499	718
310499	751
310499	752
310499	1757
310499	566
310499	581
310499	591
310499	609
312108	631
312108	1635
312108	2318
312108	562
312108	591
312497	519
312497	523
312497	526
312497	528
312497	529
312497	530
312497	531
312497	532
312497	533
312497	534
312497	538
312497	539
312497	540
312497	541
312497	542
312497	543
312497	545
312497	546
312497	551
312497	552
312497	553
312497	555
312497	556
312497	557
312497	558
312497	561
312497	564
312497	565
312497	566
313893	519
313893	532
313893	552
313893	560
313893	579
313893	604
314302	631
314302	663
314302	536
314302	540
314302	566
314302	567
314302	599
314302	602
315749	536
315749	544
315749	560
315749	564
315749	581
315749	591
316528	707
316528	712
316528	538
316528	561
316528	619
318503	621
318503	640
318503	665
318503	676
318503	678
318503	538
318503	540
318503	546
318503	547
318503	550
318503	551
318503	558
318503	559
318503	560
318503	562
318503	565
318503	566
318503	568
318503	569
318503	572
318503	575
318503	580
318503	583
318503	584
318503	585
318503	587
318503	589
318503	591
318503	592
318503	593
318503	594
318503	596
318503	597
318503	598
318503	602
318503	604
318503	605
318503	606
318503	607
318503	610
318503	611
318503	613
318503	615
318503	618
318518	631
318518	642
318518	671
318518	547
318518	558
318518	564
318518	566
318518	567
318518	570
318518	581
318518	589
318518	591
318518	609
318518	614
318993	629
318993	631
318993	645
318993	652
318993	665
318993	672
318993	673
318993	677
318993	742
318993	555
318993	558
318993	559
318993	561
318993	565
318993	567
318993	571
318993	575
318993	578
318993	586
318993	591
318993	595
318993	600
318993	602
318993	604
318993	605
318993	606
318993	607
318993	610
318993	613
318993	614
318993	618
319194	519
319194	532
319194	548
319194	564
319194	571
320537	526
320537	532
320537	541
320537	542
320537	543
320537	544
320537	545
321036	631
321036	526
321036	547
321036	551
321036	554
321036	566
321036	567
321036	581
321036	584
321036	588
321036	589
321036	591
321036	613
321235	631
321235	640
321235	532
321235	538
321235	540
321235	546
321235	547
321235	566
321235	567
321235	571
321235	573
321235	581
321235	588
321235	589
321235	591
321235	613
321346	565
321346	595
321348	624
321348	631
321348	540
321348	554
321348	562
321348	566
321348	573
321348	581
321348	589
321348	591
321348	593
321491	631
321491	642
321491	525
321491	609
321491	613
322216	523
322216	533
322216	534
322216	536
322216	542
322216	544
322216	546
322216	548
322216	552
322216	553
322216	554
322216	556
322216	571
322216	579
322216	597
322465	630
322465	518
322465	519
322465	523
322465	526
322465	532
322465	533
322465	535
322465	539
322465	541
322465	558
322465	589
322465	592
322465	613
322531	624
322531	630
322531	506
322531	508
322531	510
322531	512
322531	513
322531	514
322531	518
322531	519
322531	521
322531	522
322531	529
322531	534
322531	538
322531	540
322531	541
322531	542
322531	543
322531	545
322531	555
322531	556
322531	558
322531	560
322531	561
322531	562
322531	565
322531	566
322531	568
322531	569
322531	573
322531	574
322531	575
322531	576
322531	578
322531	579
322531	581
322531	582
322531	586
322531	587
322531	591
322531	592
322531	594
322531	597
322531	598
322531	599
322531	604
322531	605
322531	613
322531	614
322531	618
324280	631
324280	672
324280	526
324280	532
324280	566
324280	613
325823	540
325823	581
325823	609
325823	618
326002	672
326002	612
326768	651
326768	675
326768	680
326768	685
326768	559
326768	588
326768	596
326915	631
326915	1221
326915	567
326915	581
327130	621
327130	630
327130	631
327130	633
327130	634
327130	640
327130	642
327130	650
327130	651
327130	653
327130	655
327130	668
327130	672
327130	676
327130	677
327130	678
327130	680
327130	536
327130	544
327130	546
327130	547
327130	560
327130	561
327130	562
327130	564
327130	565
327130	566
327130	567
327130	569
327130	572
327130	573
327130	581
327130	582
327130	584
327130	589
327130	591
327130	597
327130	598
327130	602
327130	604
327130	606
327130	610
327130	613
327130	614
327130	617
327130	618
327999	640
327999	581
327999	584
327999	596
329126	623
329126	706
329126	776
329126	786
329126	799
330387	631
330387	650
330387	558
330387	579
330387	588
330407	631
330407	633
330407	640
330407	678
330407	526
330407	536
330407	538
330407	540
330407	547
330407	555
330407	558
330407	560
330407	562
330407	564
330407	567
330407	569
330407	573
330407	578
330407	591
330407	611
332101	581
332204	629
332204	630
332204	565
332204	581
332346	634
332346	676
332346	690
332346	526
332346	540
332346	542
332346	572
332346	610
334571	640
334571	533
334571	567
334571	577
334571	579
334571	596
334571	614
334571	618
334705	676
334705	565
334705	566
334705	577
334705	579
334705	581
334705	589
334705	592
334998	560
334998	562
334998	588
