1750	859
1750	470
1750	478
1750	482
1750	484
1750	492
1750	498
1750	501
1750	502
1750	510
1750	516
1750	517
1750	518
1750	526
1750	528
1750	530
1750	532
1750	541
1750	546
1750	564
1750	566
1791	466
1791	468
1791	471
1791	473
1791	488
1791	507
1791	548
1791	553
2068	468
2068	484
2068	491
2068	495
2068	501
2068	513
2068	527
2068	537
2068	542
3306	470
3306	482
3306	484
3306	495
3306	499
3306	501
3306	502
3306	515
3306	517
3306	518
3306	519
3306	525
3306	530
3306	557
3651	460
3651	480
3651	497
3651	501
3651	502
3651	517
3651	518
3892	466
3892	471
3892	476
3892	480
3892	510
3892	517
3892	523
3892	530
3892	539
4805	466
4805	484
4805	501
4805	514
4966	484
4966	501
4966	502
4966	517
4966	540
6237	461
6237	516
6237	517
6648	451
6648	470
6648	484
6648	487
6648	498
6648	517
6648	518
6648	519
6648	530
6648	531
6690	420
6690	423
6690	444
6690	452
6690	453
6690	461
6690	469
6690	481
6690	484
6690	486
6690	495
6690	497
6690	498
6690	506
6690	507
6935	460
6935	506
6935	515
6935	558
7146	484
7146	495
7146	501
7146	502
7146	518
7146	536
7146	562
7146	564
7146	566
7490	410
7490	439
7490	449
7490	488
7490	490
7490	519
7490	531
7784	414
7784	435
7784	439
7784	446
7784	448
7784	449
7784	450
7784	457
7784	461
7784	462
7784	480
7784	483
7784	493
7784	503
7784	508
7784	515
7808	624
7808	426
7808	435
7808	444
7808	453
7808	455
7808	460
7808	461
7808	462
7808	466
7808	473
7808	476
7808	477
7808	482
7808	483
7808	486
7808	487
7808	489
7808	497
7808	510
7808	511
7808	515
7808	526
7808	530
7808	532
7808	539
7808	540
7808	547
7808	557
7808	558
7808	561
7808	564
7808	566
7808	573
7808	577
7808	604
7886	468
7886	469
7886	476
7886	482
7886	486
7886	490
7886	501
7886	502
7886	516
7886	517
7886	531
7886	532
9386	377
9386	378
9386	385
9386	387
9386	388
9386	389
9386	390
9386	393
9386	397
9386	398
9386	401
9386	403
9386	405
9386	407
9386	412
9386	413
9386	417
9386	418
9386	420
9386	425
9386	426
9386	428
9386	430
9386	431
9386	434
9386	439
9386	441
9386	442
9386	443
9386	445
9386	446
9386	448
9386	449
9386	450
9386	455
9386	458
9386	462
9386	464
9386	467
9386	468
9386	469
9386	470
9386	474
9386	476
9386	479
9386	480
9386	481
9386	483
9386	486
9386	487
9386	488
9386	490
9386	491
9386	495
9386	496
9386	498
9386	500
9386	502
9386	503
9386	509
9919	461
10031	482
10031	486
10031	489
10031	495
10223	644
10223	386
10223	405
10223	407
10223	412
10223	413
10223	417
10223	420
10223	422
10223	424
10223	425
10223	428
10223	434
10223	435
10223	446
10223	448
10223	450
10223	456
10223	459
10223	460
10223	463
10223	465
10223	466
10223	469
10223	476
10223	477
10223	483
10223	484
10223	485
10223	486
10223	487
10223	490
10223	495
10223	498
10252	485
10252	501
10252	517
10252	518
10252	519
10252	523
10252	526
10252	528
10252	530
10252	532
10252	533
10252	536
10252	544
10252	545
10252	564
10252	565
10252	571
11945	469
11945	532
11945	537
12604	461
12604	484
12604	488
12604	495
12604	501
12604	502
12604	507
12604	531
12604	536
12604	540
12604	541
13361	446
13361	460
13361	517
13361	530
13361	553
15947	477
15947	482
15947	496
15947	501
15947	519
15947	542
16033	482
16033	484
16033	533
16033	563
16339	624
16339	416
16339	443
16339	446
16339	459
16339	461
16339	463
16339	464
16339	466
16339	467
16339	468
16339	469
16339	473
16339	475
16339	476
16339	484
16339	485
16339	486
16339	487
16339	488
16339	490
16339	491
16339	494
16339	495
16339	498
16339	499
16339	501
16339	502
16339	503
16339	507
16339	510
16339	514
16339	515
16339	522
16339	528
16339	530
16339	531
16339	541
16339	542
16339	553
16339	556
16385	476
16385	484
16385	486
16385	496
16385	501
16385	502
16385	510
16385	517
16385	523
16385	528
16385	539
17064	410
17064	462
17064	466
17064	469
17064	480
17064	499
17064	500
17064	501
17064	516
17064	521
17064	537
18825	469
18825	501
18825	502
19141	455
19141	460
19141	470
19141	476
19141	495
19141	510
20447	469
20447	470
20447	476
20447	484
20447	486
20447	496
20447	498
20447	501
20447	502
20447	506
20447	511
20447	517
20447	518
20447	526
20447	530
20447	554
20447	564
20447	566
20447	571
23192	501
23192	502
23192	530
24134	460
24134	461
24134	468
24134	476
24134	482
24134	484
24134	490
24134	495
24134	496
24134	507
24134	517
24217	491
24217	495
24217	501
24217	517
24217	525
24371	624
24371	451
24371	464
24371	466
24371	468
24371	469
24371	475
24371	479
24371	481
24371	482
24371	486
24371	487
24371	495
24371	496
24371	498
24371	499
24371	504
24371	507
24371	515
24371	518
24371	521
24371	525
24371	527
24371	537
24371	541
24371	542
24371	552
24371	557
24371	571
26712	432
26712	439
26712	457
26712	461
26712	468
26712	479
26712	483
26712	484
26712	490
26712	502
26712	506
26712	508
26712	515
26712	520
26712	531
26712	549
26712	554
26712	556
26712	568
26712	579
26712	611
27321	456
27321	468
27321	482
27321	496
27501	422
27501	444
27501	455
27501	456
27501	457
27501	460
27501	469
27501	470
27501	482
27501	484
27501	501
27501	502
27501	510
27501	517
29255	380
29255	381
29255	382
29255	385
29255	386
29255	387
29255	391
29255	393
29255	395
29255	397
29255	399
29255	402
29255	404
29255	412
29255	413
29255	414
29255	415
29255	417
29255	418
29255	420
29255	421
29255	422
29255	424
29255	425
29255	428
29255	429
29255	430
29255	431
29255	434
29255	435
29255	444
29255	446
29255	448
29255	449
29255	451
29255	459
29255	461
29255	462
29255	463
29255	466
29255	467
29255	469
29255	473
29255	475
29255	476
29255	480
29255	483
29255	485
29255	486
29255	487
29255	488
29255	493
29255	495
29255	496
29255	497
29255	498
29255	500
29255	504
29255	539
29778	470
29778	484
29778	495
29778	501
29778	502
29778	517
29778	518
29778	526
29778	532
29778	554
29778	564
30733	501
30733	502
33540	464
33540	478
33540	498
33540	557
34154	423
34154	455
34154	456
34154	457
34154	460
34154	469
34154	470
34154	471
34154	478
34154	484
34154	495
34154	499
34154	502
34154	515
34154	525
34154	526
34154	532
34154	542
34154	552
34154	564
34154	571
34611	446
34611	482
34611	486
34611	488
34611	491
34611	506
34611	519
34611	525
34611	530
34611	532
34611	541
34611	553
35478	377
35478	387
35478	395
35478	403
35478	439
35478	446
35478	448
35478	449
35478	450
35478	455
35478	457
35478	461
35478	465
35478	466
35478	469
35478	475
35478	476
35478	480
35478	481
35478	485
35478	486
35478	488
35478	493
35478	494
35478	496
35478	503
35478	513
35713	624
35713	457
35713	473
35713	484
35713	485
35713	492
35713	502
35713	503
35713	519
35713	520
35713	523
35713	526
35713	528
35713	530
35713	532
35713	534
35713	535
35713	539
35713	540
35713	541
35713	542
35713	552
35713	553
35713	554
35713	564
35713	566
35966	460
35966	502
35966	517
35966	532
36790	502
37043	1221
37043	426
37043	459
37043	466
37043	468
37043	469
37043	472
37043	480
37043	484
37043	489
37043	502
37043	503
37043	504
37043	509
37043	513
37043	534
37043	541
37043	564
38013	428
38013	435
38013	439
38013	442
38013	444
38013	452
38013	453
38013	455
38013	459
38013	479
38013	481
38013	489
38013	493
38013	497
38013	505
38013	515
38479	621
38479	418
38479	422
38479	426
38479	427
38479	435
38479	439
38479	441
38479	449
38479	452
38479	455
38479	456
38479	457
38479	460
38479	461
38479	462
38479	464
38479	466
38479	468
38479	469
38479	470
38479	471
38479	478
38479	480
38479	481
38479	482
38479	483
38479	484
38479	487
38479	488
38479	489
38479	490
38479	492
38479	495
38479	497
38479	498
38479	499
38479	501
38479	502
38479	503
38479	506
38479	507
38479	508
38479	511
38479	512
38479	514
38479	515
38479	516
38479	517
38479	518
38479	521
38479	522
38479	524
38479	525
38479	527
38479	528
38479	530
38479	531
38479	532
38479	535
38479	537
38479	552
38479	554
38479	556
38479	557
39142	424
39142	457
39142	517
39142	532
39275	424
39275	444
39275	452
39275	456
39275	463
39275	464
39275	468
39275	469
39275	470
39275	475
39275	484
39275	489
39275	491
39275	495
39275	497
39275	502
39275	506
39275	514
39275	517
39275	518
39275	522
39275	527
39275	557
40242	402
40242	403
40242	439
40242	459
40242	464
40242	472
40242	476
40242	477
40242	489
40556	405
40556	438
40556	440
40556	481
40556	502
40556	519
40556	524
40963	1198
40963	1265
40963	435
40963	455
40963	476
40963	481
40963	483
40963	521
40963	527
40963	537
40963	539
40963	557
43096	476
43096	517
43362	418
43362	422
43362	424
43362	427
43362	439
43362	444
43362	445
43362	451
43362	458
43362	461
43362	462
43362	463
43362	464
43362	465
43362	466
43362	467
43362	470
43362	472
43362	473
43362	474
43362	475
43362	476
43362	477
43362	479
43362	480
43362	483
43362	484
43362	485
43362	486
43362	488
43362	489
43362	490
43362	491
43362	493
43362	494
43362	495
43362	497
43362	498
43362	500
43362	501
43362	502
43362	522
48570	444
48570	460
48570	469
48570	470
48570	482
48570	496
48570	501
48570	502
48570	517
48570	537
49279	422
49279	423
49279	424
49279	426
49279	456
49279	462
49279	471
49279	480
49279	489
49279	497
49279	507
49279	514
49279	521
49279	537
49279	542
49508	482
49508	495
49508	502
49508	525
49763	455
49763	456
49763	460
49763	470
49763	500
49763	571
49939	395
49939	396
49939	399
49939	403
49939	412
49939	415
49939	418
49939	435
49939	439
49939	446
49939	448
49939	450
49939	451
49939	455
49939	462
49939	464
49939	465
49939	466
49939	469
49939	480
49939	483
49939	485
49939	486
49939	487
49939	488
49939	495
49939	496
49939	500
50354	420
50354	421
50354	422
50354	424
50354	425
50354	428
50354	429
50354	431
50354	434
50354	435
50354	439
50354	442
50354	446
50354	448
50354	449
50354	450
50354	451
50354	455
50354	463
50354	464
50354	465
50354	466
50354	467
50354	468
50354	469
50354	470
50354	475
50354	476
50354	477
50354	480
50354	481
50354	483
50354	484
50354	486
50354	488
50354	490
50354	495
50354	496
50354	498
50354	500
50354	503
50354	505
50354	506
50354	507
50354	508
50354	510
50354	511
50354	513
50714	480
50714	504
50714	524
51394	484
51394	501
51394	502
51394	517
51394	518
51394	519
51394	526
51394	530
51394	532
51394	535
51394	536
51394	538
51394	546
51394	547
51394	554
51394	558
51394	564
51394	566
51394	571
51394	577
51408	471
51408	484
51408	502
51408	515
51408	566
51566	466
51566	469
51566	476
51566	482
51566	484
51566	486
51566	498
51566	501
51566	502
51566	510
51566	518
51566	519
51566	526
51566	532
51566	541
51566	566
51581	490
51581	492
51581	496
51581	499
51581	502
51581	506
51581	507
51581	530
51581	531
51581	532
51581	548
51581	551
51581	565
51581	577
51581	597
54970	461
54970	471
54970	484
54970	501
54970	502
54970	526
54970	532
54970	533
54970	548
54970	553
54970	554
55063	624
55063	461
55063	463
55063	464
55063	466
55063	467
55063	468
55063	469
55063	470
55063	478
55063	482
55063	488
55063	491
55063	492
55063	495
55063	498
55063	501
55063	502
55063	503
55063	508
55063	510
55063	512
55063	513
55063	517
55063	519
55063	520
55063	522
55063	530
55063	542
55063	552
55063	553
55063	556
55063	571
55401	424
55401	427
55401	461
55401	499
55401	510
55401	515
55634	455
55634	470
55634	482
55634	484
55634	495
55634	502
55634	517
55634	518
55828	470
55828	501
55828	502
55828	516
55828	532
56783	530
56783	532
57311	382
57311	385
57311	393
57311	395
57311	397
57311	398
57311	399
57311	400
57311	401
57311	402
57311	403
57311	404
57311	405
57311	407
57311	412
57311	415
57311	418
57311	420
57311	424
57311	431
57311	439
57311	441
57311	446
57311	450
57311	453
57311	455
57311	457
57311	460
57311	461
57311	462
57311	463
57311	464
57311	465
57311	466
57311	467
57311	468
57311	469
57311	470
57311	472
57311	474
57311	475
57311	476
57311	477
57311	478
57311	479
57311	480
57311	481
57311	482
57311	483
57311	485
57311	486
57311	487
57311	494
57311	495
57311	496
57311	500
57311	502
57311	503
57311	504
58236	484
58236	501
58236	502
58236	571
59154	484
59154	502
59154	517
59154	532
59266	518
59266	526
59266	532
59266	536
59323	510
59733	624
59733	455
59733	456
59733	464
59733	470
59733	476
59733	484
59733	487
59733	490
59733	501
59733	502
59733	507
59733	510
59733	515
59733	517
59733	518
59733	530
59733	563
60244	484
60244	501
60244	502
60244	517
60244	518
60244	532
60244	547
60244	564
60244	566
60244	591
60244	596
60244	613
60597	470
60597	484
60597	501
60597	502
60597	515
60597	517
60597	526
60986	1342
60986	422
60986	456
60986	470
60986	480
60986	482
60986	490
61760	532
61892	398
61892	404
61892	407
61892	428
61892	445
61892	453
61892	454
61892	462
61892	466
61892	482
61892	493
61892	509
61892	518
62161	471
62161	474
62161	484
62161	502
62161	541
62161	542
62341	620
62341	624
62341	628
62341	633
62341	634
62341	635
62341	637
62341	647
62341	650
62341	651
62341	653
62341	678
62341	742
62341	451
62341	463
62341	464
62341	466
62341	467
62341	469
62341	473
62341	477
62341	482
62341	484
62341	486
62341	487
62341	488
62341	490
62341	494
62341	496
62341	499
62341	501
62341	503
62341	506
62341	510
62341	513
62341	516
62341	517
62341	518
62341	519
62341	520
62341	525
62341	526
62341	528
62341	530
62341	531
62341	532
62341	533
62341	536
62341	538
62341	539
62341	540
62341	541
62341	542
62341	543
62341	544
62341	546
62341	547
62341	548
62341	549
62341	550
62341	552
62341	553
62341	554
62341	556
62341	558
62341	559
62341	561
62341	562
62341	564
62341	565
62341	566
62341	568
62341	569
62341	573
62341	575
62341	576
62341	577
62341	582
62341	584
62341	586
62341	593
62341	612
62341	617
63772	473
63772	495
63772	502
63772	521
63772	525
63772	537
64080	461
64080	468
64080	537
64829	501
65398	377
65398	386
65398	387
65398	388
65398	393
65398	394
65398	395
65398	396
65398	401
65398	402
65398	403
65398	405
65398	407
65398	412
65398	438
65398	447
65398	488
66068	460
66068	478
66068	484
66068	556
67353	441
67353	490
67353	501
67461	463
67461	469
67461	482
67461	484
67461	486
67461	487
67461	488
67461	492
67461	495
67461	496
67461	499
67461	501
67461	502
67461	517
67461	518
67461	519
67461	520
67461	525
67461	526
67461	528
67461	530
67461	548
67461	554
67461	571
67461	588
67976	451
67976	468
67976	469
67976	497
67976	516
67976	548
67976	563
69326	457
69326	485
69367	423
70527	444
70527	470
70527	484
70527	501
70527	502
70527	517
70527	518
70527	526
70527	528
70527	530
70527	571
70725	461
70725	492
70725	517
70725	523
70725	536
70725	543
74146	452
74146	521
74489	430
74489	471
74489	488
74489	500
74489	519
75277	461
75277	468
75277	478
75277	486
75277	498
75277	501
75277	502
75277	517
75277	518
75277	530
75277	532
75277	564
75729	620
75729	631
75729	643
75729	704
75729	843
75729	875
75729	901
75729	915
75729	1193
75729	1203
75729	1355
75729	441
75729	451
75729	457
75729	462
75729	467
75729	471
75729	482
75729	514
75729	516
75729	595
76710	444
76710	452
76710	461
76710	466
76710	473
76710	477
76710	492
76770	624
76770	455
76770	460
76770	483
76770	484
76770	486
76770	487
76770	502
76770	506
76770	511
76770	515
76770	517
76770	518
76770	526
76770	528
76770	532
76770	554
76770	557
76770	560
76770	566
76770	593
76903	400
76903	404
76903	422
76903	460
76903	462
76903	497
76903	501
76903	515
76903	516
77722	456
77722	464
77722	466
77722	467
77722	469
77722	470
77722	472
77722	475
77722	476
77722	480
77722	485
77722	486
77722	487
77722	488
77722	489
77722	491
77722	493
77722	494
77722	496
77722	497
77722	504
77722	510
77735	463
77735	482
77735	519
77735	536
77735	544
77735	548
79123	427
79123	456
79123	470
79123	504
79123	510
79123	530
79123	571
80640	624
80640	678
80640	466
80640	475
80640	484
80640	485
80640	486
80640	487
80640	488
80640	499
80640	503
80640	508
80640	511
80640	512
80640	525
80640	532
80640	536
80640	539
80640	541
80640	542
80640	545
80640	546
80640	548
80640	554
80640	555
80640	556
80640	561
80640	565
80640	569
80640	571
80640	584
80640	587
80640	592
80640	597
80640	599
80640	605
83962	859
83962	1148
83962	460
83962	470
83962	484
83962	498
83962	501
83962	502
83962	518
83962	532
84151	484
84151	486
84151	502
85202	388
85202	457
85202	463
85202	494
85202	566
86243	461
86243	485
86243	515
86809	484
86809	529
86809	530
86809	532
87923	424
87923	470
87923	473
87923	479
87923	480
87923	482
87923	484
87923	486
87923	490
87923	494
87923	495
87923	498
87923	499
87923	501
87923	502
87923	503
87923	507
87923	512
87923	517
87923	518
87923	519
87923	521
87923	525
87923	526
87923	530
87923	532
87923	534
87923	537
87923	541
87923	542
87923	564
87923	566
89465	469
89465	526
89465	566
90015	422
90015	424
90015	430
90015	444
90015	481
90015	497
90015	502
90015	518
92675	462
92675	470
92675	517
92675	553
92675	556
94173	471
94173	476
94173	482
94173	519
94173	522
94173	530
94173	539
94173	548
94173	571
94528	420
94528	422
94528	440
94528	441
94528	455
94528	460
94528	462
94528	480
94528	483
94528	524
95924	453
95924	463
95924	495
95924	496
95924	499
95924	513
95947	468
95947	484
95947	486
95947	490
95947	501
95947	502
95947	510
95947	517
95947	518
95947	526
95947	528
95947	536
95947	546
95947	564
95947	588
96523	409
97254	624
97254	460
97254	484
97254	486
97254	501
97254	502
97254	510
97254	515
97254	517
97254	528
98300	457
98300	469
98300	484
98300	501
98300	502
98300	506
98300	518
98300	566
98300	571
99994	414
99994	448
99994	458
99994	475
99994	485
99994	488
99994	490
99994	494
99994	495
99994	497
99994	498
99994	506
99994	508
99994	541
101035	374
101035	427
101035	434
101035	435
101035	439
101035	441
101035	442
101035	443
101035	444
101035	456
101035	458
101035	464
101035	465
101035	468
101035	472
101035	475
101035	476
101035	477
101035	479
101035	480
101035	481
101035	482
101035	483
101035	484
101035	485
101035	487
101035	488
101035	489
101035	490
101035	491
101035	492
101035	493
101035	494
101035	495
101035	496
101035	497
101035	498
101035	501
101035	502
101035	503
101035	504
101035	506
101035	507
101035	510
101035	515
101035	518
101035	525
101035	535
101035	542
101035	564
101035	576
102218	452
102218	562
102431	624
102431	435
102431	440
102431	441
102431	442
102431	444
102431	452
102431	454
102431	462
102431	465
102431	473
102431	474
102431	476
102431	481
102431	482
102431	483
102431	484
102431	486
102431	488
102431	491
102431	492
102431	498
102431	499
102431	501
102431	502
102431	507
102431	515
102431	522
102431	524
102431	530
102431	531
102431	542
103576	473
103576	498
103576	501
103576	546
106844	455
106844	457
106844	495
106844	501
106844	502
106844	511
106844	517
106844	525
106844	534
107086	439
107086	452
107086	455
107086	469
107086	520
107086	525
107086	536
107086	537
107086	542
107086	545
107086	579
107155	484
107155	502
107155	511
110238	452
110238	484
110238	488
110238	492
110238	509
110238	525
110238	598
110510	387
110510	464
110510	468
110510	470
110510	474
110510	476
110510	478
110510	486
110510	490
110510	491
110510	492
110510	495
110510	513
110510	514
110545	482
110545	486
110545	490
110545	495
110545	501
110545	502
110545	525
110545	530
110545	532
110545	571
110545	588
111058	430
111058	455
111058	457
111058	460
111058	510
111058	518
111058	557
111058	567
111058	591
111290	455
111290	459
111290	461
111290	462
111290	466
111290	467
111290	470
111290	474
111290	475
111290	476
111290	477
111290	482
111290	485
111290	486
111290	488
111290	490
111290	491
111290	492
111290	496
111290	498
111290	506
111290	508
111290	510
111290	512
111290	513
111290	515
111290	518
111290	522
111290	526
111290	529
112430	484
112430	495
112430	499
112430	501
112430	502
112430	517
112430	518
112430	530
113007	484
113007	502
113007	517
113007	528
113007	571
113173	517
113173	532
113173	552
113217	624
113217	433
113217	443
113217	448
113217	451
113217	452
113217	453
113217	455
113217	456
113217	461
113217	462
113217	464
113217	466
113217	467
113217	468
113217	470
113217	475
113217	476
113217	478
113217	479
113217	480
113217	481
113217	482
113217	483
113217	484
113217	485
113217	486
113217	487
113217	488
113217	490
113217	491
113217	492
113217	494
113217	496
113217	498
113217	500
113217	501
113217	503
113217	506
113217	507
113217	508
113217	511
113217	516
113217	557
114161	636
114161	653
114161	654
114161	449
114161	456
114161	464
114161	469
114161	482
114161	484
114161	501
114161	502
114161	506
114161	517
114161	533
114161	535
114161	536
114161	539
114161	564
114908	461
114908	470
114908	476
114908	484
114908	496
114908	501
114908	518
114908	532
114908	564
114908	571
116322	501
118125	418
118125	423
118125	469
118125	480
118125	492
118125	533
118125	541
118320	468
118320	471
118320	491
118320	507
118320	517
118320	519
118320	564
118476	712
118476	749
118476	462
118476	468
118476	484
118476	501
118476	502
118476	517
118476	571
118522	624
118522	441
118522	452
118522	461
118522	462
118522	468
118522	469
118522	470
118522	471
118522	478
118522	482
118522	484
118522	486
118522	490
118522	494
118522	495
118522	496
118522	501
118522	502
118522	510
118522	514
118522	516
118522	518
118522	522
118522	525
118522	526
118522	529
118522	532
118522	538
118522	553
118522	564
118522	571
121103	501
121103	502
121103	518
121103	526
121103	532
124345	506
124345	559
126485	624
126485	484
126485	496
126485	511
126485	517
126485	526
126485	530
126485	532
126485	554
126485	560
126485	562
126485	564
126485	566
126606	461
126606	463
126606	466
126606	482
126606	502
126606	510
126623	478
126623	491
126623	512
126623	522
126623	525
127739	426
127739	470
127739	501
127739	502
127739	517
127739	532
127771	381
127771	386
127771	405
127771	410
127771	425
127771	434
127771	448
127771	450
127771	458
127771	459
127771	462
127771	472
127771	474
127771	484
127771	493
127771	501
127771	510
129511	417
129511	418
129511	426
129511	430
129511	433
129511	435
129511	442
129511	445
129511	448
129511	450
129511	458
129511	461
129511	462
129511	483
130091	457
130091	461
130091	501
130091	510
130091	517
130091	518
130099	502
130316	1095
130316	461
130316	473
130316	477
130316	482
130316	490
130316	496
130316	506
130316	507
130316	517
130316	518
130316	524
130316	527
130316	531
130316	557
130316	563
130838	445
130838	447
130838	448
130838	449
130838	452
130838	453
130838	454
130838	455
130838	456
130838	457
130838	458
130838	459
130838	462
130838	463
130838	467
130838	468
130838	474
130838	478
130838	479
130838	480
130838	481
130838	482
130838	483
130838	493
130838	497
130838	500
131285	453
131285	455
131285	463
131285	482
131285	484
131285	490
131285	502
131285	515
131285	526
131285	530
131285	532
131285	564
131532	444
131532	455
131532	460
131594	423
131594	460
131594	469
131594	486
131594	495
131594	497
131594	506
131594	510
131594	517
131594	518
131594	535
132423	620
132423	375
132423	377
132423	378
132423	381
132423	382
132423	384
132423	385
132423	393
132423	395
132423	397
132423	398
132423	399
132423	401
132423	402
132423	404
132423	405
132423	407
132423	413
132423	415
132423	417
132423	418
132423	420
132423	421
132423	422
132423	423
132423	424
132423	425
132423	428
132423	429
132423	430
132423	431
132423	434
132423	435
132423	440
132423	446
132423	447
132423	448
132423	450
132423	451
132423	456
132423	459
132423	461
132423	462
132423	463
132423	465
132423	466
132423	467
132423	468
132423	469
132423	475
132423	476
132423	477
132423	481
132423	486
132423	487
132423	488
132423	490
132423	493
132423	494
132423	496
132423	497
132423	498
132423	500
132423	502
132740	624
132740	455
132740	456
132740	457
132740	461
132740	466
132740	470
132740	483
132740	484
132740	486
132740	501
132740	502
132740	506
132740	515
132740	517
132740	523
132740	526
132740	528
132740	541
132740	564
132740	571
133195	428
133195	434
133195	435
133195	444
133195	446
133195	454
133195	456
133195	458
133195	482
133195	497
133378	989
133378	394
133378	397
133378	402
133378	403
133378	412
133378	413
133378	417
133378	420
133378	421
133378	422
133378	424
133378	426
133378	429
133378	438
133378	439
133378	444
133378	450
133378	451
133378	453
133378	454
133378	455
133378	456
133378	458
133378	459
133378	460
133378	463
133378	464
133378	467
133378	468
133378	469
133378	470
133378	472
133378	473
133378	475
133378	476
133378	477
133378	482
133378	483
133378	486
133378	487
133378	488
133378	489
133378	492
133378	493
133378	494
133378	495
133378	496
133378	497
133378	500
133378	502
133378	508
133378	510
133378	513
133512	540
133512	546
133746	404
133746	411
133746	442
133746	446
133746	448
133746	471
133746	487
133746	491
133746	495
133746	542
133788	470
133788	501
133788	525
133788	534
133788	564
136252	502
136252	532
136252	533
136953	794
136953	450
136953	454
136953	456
136953	459
136953	461
136953	463
136953	464
136953	465
136953	468
136953	472
136953	476
136953	477
136953	485
136953	486
136953	487
136953	488
136953	489
136953	491
136953	493
136953	497
136953	498
136953	500
137467	411
137467	418
137467	463
137467	471
137467	530
137504	468
137504	478
137504	484
137504	501
137504	502
137504	540
138950	501
138950	517
138950	530
138950	536
138950	542
138950	564
139033	482
139033	502
139033	517
139033	532
139650	783
139650	484
139650	502
139650	517
139650	532
141168	646
141168	480
141168	482
141168	484
141168	486
141168	501
141168	517
141168	528
141168	530
141168	557
144296	422
144296	430
144296	439
144296	444
144296	446
144296	449
144296	450
144296	455
144296	456
144296	459
144296	460
144296	461
144296	463
144296	464
144296	465
144296	467
144296	473
144296	476
144296	477
144296	483
144296	484
144296	485
144296	487
144296	488
144296	491
144296	493
144296	495
144296	496
144296	497
144296	500
144296	502
144296	503
144296	504
144459	423
144459	426
144459	444
144459	452
144459	455
144459	460
144459	469
144459	475
144459	501
144459	537
144913	471
144913	525
144913	530
144913	536
144913	541
145460	486
145460	530
145460	531
145460	532
145460	539
147848	629
147848	631
147848	639
147848	643
147848	654
147848	704
147848	707
147848	738
147848	759
147848	915
147848	1019
147848	1077
147848	1082
147848	1742
147848	1839
147848	2040
147848	2131
147848	2198
147848	2434
147848	3043
147848	3299
147848	394
147848	395
147848	396
147848	399
147848	403
147848	405
147848	412
147848	426
147848	434
147848	438
147848	442
147848	443
147848	445
147848	446
147848	447
147848	450
147848	451
147848	453
147848	454
147848	455
147848	456
147848	463
147848	464
147848	465
147848	466
147848	467
147848	470
147848	472
147848	479
147848	480
147848	482
147848	483
147848	487
147848	492
147848	495
147848	500
147848	502
147848	504
147848	514
147848	515
147848	530
147848	534
147848	541
147848	563
147848	564
147848	566
147848	569
147848	571
147848	576
147848	600
147848	612
147939	461
147939	496
147939	510
147939	518
147939	557
148237	484
148237	517
148237	518
148293	419
148293	517
148293	525
149516	426
149516	486
149516	501
149516	502
149516	511
149516	518
151016	484
151016	499
151016	501
151685	621
151685	624
151685	631
151685	633
151685	640
151685	663
151685	668
151685	672
151685	676
151685	677
151685	375
151685	393
151685	412
151685	413
151685	415
151685	417
151685	420
151685	421
151685	422
151685	423
151685	424
151685	426
151685	439
151685	440
151685	441
151685	442
151685	444
151685	447
151685	449
151685	451
151685	452
151685	453
151685	455
151685	456
151685	457
151685	461
151685	462
151685	463
151685	464
151685	465
151685	466
151685	467
151685	468
151685	469
151685	470
151685	471
151685	473
151685	474
151685	475
151685	476
151685	477
151685	478
151685	479
151685	480
151685	481
151685	482
151685	483
151685	485
151685	486
151685	487
151685	488
151685	489
151685	490
151685	491
151685	492
151685	494
151685	495
151685	496
151685	497
151685	498
151685	499
151685	500
151685	501
151685	502
151685	503
151685	504
151685	506
151685	507
151685	508
151685	510
151685	511
151685	512
151685	514
151685	515
151685	516
151685	517
151685	519
151685	521
151685	522
151685	523
151685	525
151685	526
151685	527
151685	528
151685	529
151685	530
151685	532
151685	534
151685	535
151685	536
151685	537
151685	539
151685	541
151685	546
151685	547
151685	548
151685	550
151685	551
151685	552
151685	555
151685	560
151685	562
151685	563
151685	564
151685	565
151685	568
151685	571
151685	573
151685	574
151685	577
151685	578
151685	582
151685	584
151685	585
151685	586
151685	587
151685	588
151685	589
151685	590
151685	591
151685	593
151685	599
151685	600
151685	607
151685	611
151685	615
152331	407
152331	412
152331	421
152331	422
152331	426
152331	427
152331	428
152331	429
152331	430
152331	431
152331	432
152331	434
152331	435
152331	438
152331	439
152331	440
152331	441
152331	445
152331	446
152331	448
152331	449
152331	450
152331	451
152331	453
152331	455
152331	464
152331	467
152331	468
152331	474
152331	475
152331	476
152331	477
152331	479
152331	480
152331	481
152331	483
152331	485
152331	487
152331	488
152331	490
152331	491
152331	493
152331	495
152331	496
152331	497
152331	498
152331	500
152331	544
152331	551
152331	553
152331	557
152331	568
154558	388
154558	389
154558	395
154558	402
154558	408
154558	411
154558	412
154558	414
154558	421
154558	427
154558	435
154558	440
154558	441
154558	443
154558	448
154558	449
154558	451
154558	452
154558	458
154558	459
154558	461
154558	462
154558	474
154558	479
154558	480
154558	483
154558	485
154558	486
154558	488
154558	491
154558	492
154558	495
154558	500
154558	503
154558	505
155063	460
155063	501
155063	532
158890	501
158890	502
158890	542
158890	547
158890	558
158890	564
158890	566
159912	624
159912	461
159912	476
159912	484
159912	486
159912	487
159912	498
159912	501
159912	502
159912	507
159912	517
159912	519
159912	520
159912	571
160024	416
160024	426
160024	470
160024	473
160024	474
160024	476
160024	483
160024	500
160024	502
160024	503
160024	505
160024	507
160024	510
160024	511
160024	512
160024	515
160024	518
160024	540
160024	585
161106	382
161106	384
161106	385
161106	388
161106	392
161106	404
161106	405
161106	407
161106	412
161106	413
161106	417
161106	418
161106	446
161106	451
161106	456
161106	462
161106	465
161106	466
161106	467
161106	470
161106	475
161106	478
161106	483
161106	485
161106	486
161106	488
161106	493
161106	494
161106	495
161106	496
161106	497
161106	500
161106	502
161106	513
161106	515
161106	520
161106	526
161106	529
161106	533
161106	539
161106	540
161106	542
161333	375
161333	380
161333	382
161333	385
161333	386
161333	388
161333	397
161333	399
161333	404
161333	405
161333	407
161333	412
161333	414
161333	415
161333	418
161333	420
161333	421
161333	424
161333	425
161333	431
161333	434
161333	435
161333	442
161333	446
161333	448
161333	450
161333	451
161333	455
161333	456
161333	460
161333	462
161333	465
161333	468
161333	470
161333	474
161333	475
161333	480
161333	481
161333	482
161333	483
161333	484
161333	485
161333	491
161333	492
161333	493
161333	494
161333	495
161333	496
161333	497
161333	500
161333	508
161333	510
161333	514
161333	516
161333	517
161333	518
161333	520
161333	524
161333	526
161333	528
161333	529
161333	531
161333	532
161333	533
161333	538
161541	624
161541	426
161541	430
161541	460
161541	484
161541	501
161541	502
161541	507
161541	517
161541	518
161541	530
161541	535
161541	539
161541	589
163175	624
163175	422
163175	430
163175	439
163175	444
163175	462
163175	469
163175	476
163175	480
163175	482
163175	484
163175	489
163175	490
163175	501
163175	502
163175	507
163175	511
163175	517
163175	518
163175	523
163175	530
163175	535
163175	539
163175	541
163727	435
163727	473
163727	484
163727	502
164644	411
164644	431
164644	433
164644	438
164644	466
164644	497
165054	434
165054	457
165054	468
165054	470
165054	471
165054	478
165054	482
165054	484
165054	486
165054	490
165054	502
165054	503
165054	515
165054	517
165054	518
165054	526
165054	528
165054	530
165054	532
165054	534
165054	538
165054	554
165054	556
165054	564
165054	579
167435	476
167649	417
167649	418
167649	420
167649	422
167649	427
167649	428
167649	435
167649	442
167649	444
167649	446
167649	448
167649	450
167649	456
167649	459
167649	462
167649	467
167649	468
167649	473
167649	475
167649	476
167649	478
167649	481
167649	485
167649	486
167649	487
167649	488
167649	493
167649	494
167649	496
167649	497
167649	500
167649	503
167649	505
167649	539
169665	382
169665	384
169665	385
169665	386
169665	388
169665	426
169665	428
169665	429
169665	434
169665	435
169665	441
169665	444
169665	446
169665	448
169665	450
169665	453
169665	459
169665	461
169665	462
169665	463
169665	465
169665	466
169665	467
169665	469
169665	470
169665	472
169665	473
169665	475
169665	486
169665	488
169665	489
169665	490
169665	491
169665	493
169665	497
169665	502
169665	503
169665	506
172863	455
172863	461
172863	462
172863	464
172863	466
172863	467
172863	468
172863	470
172863	472
172863	476
172863	478
172863	491
172863	498
172863	502
172863	508
172863	522
175937	453
175937	457
175937	463
175937	468
175937	490
175937	504
175937	509
175937	514
175937	526
175937	532
176333	624
176333	422
176333	455
176333	456
176333	466
176333	471
176333	481
176333	489
176333	491
176333	495
176333	516
176333	517
176333	519
176333	525
176333	526
176333	530
176333	532
176333	533
176333	545
176333	554
176333	564
176333	579
178196	466
178196	468
178196	496
178196	506
178196	516
178196	530
182008	411
182008	442
182008	455
182008	471
182008	513
182008	537
182883	473
182883	478
182883	481
182883	483
182883	486
182883	490
182883	493
182883	494
182883	495
182883	497
182883	498
182883	500
182883	505
182883	507
182883	510
182883	512
184695	482
184695	484
184695	501
184695	502
184695	511
184695	515
184695	532
185072	457
185072	470
185072	484
185072	495
185072	517
185072	518
185072	553
185072	558
185072	571
187049	441
187049	455
187049	457
187049	461
187049	463
187049	464
187049	466
187049	467
187049	468
187049	470
187049	471
187049	473
187049	475
187049	480
187049	482
187049	487
187049	490
187049	495
187049	496
187049	498
187049	499
187049	500
187049	504
187049	506
187049	507
187049	510
187049	511
187049	512
187049	516
187049	517
187049	518
187049	528
187049	530
187049	531
187049	534
187049	539
187049	541
187049	542
187049	553
187049	556
187049	563
188222	457
188222	461
188222	468
188222	470
188222	476
188222	482
188222	499
188222	501
188222	502
188222	510
188222	513
188718	636
188718	654
188718	525
188718	526
188718	542
188718	554
188718	557
188718	580
188724	495
188724	525
188948	476
188948	482
188948	487
188948	490
188948	495
188948	507
188948	515
189288	460
189288	466
189288	470
189288	476
189288	480
189288	482
189288	484
189288	501
189288	502
189288	517
189288	532
189978	417
189978	429
189978	430
189978	439
189978	451
189978	452
189978	455
189978	456
189978	459
189978	464
189978	466
189978	467
189978	470
189978	498
191503	481
191503	484
191503	501
191503	502
191503	518
191503	527
191902	470
191902	477
191902	495
191902	499
191902	502
191902	532
192992	374
192992	377
192992	427
192992	428
192992	433
192992	435
192992	442
192992	443
192992	445
192992	446
192992	448
192992	449
192992	450
192992	458
192992	467
192992	474
192992	479
192992	481
192992	488
192992	489
192992	493
192992	494
192992	497
192992	542
194952	452
194952	461
194952	462
194952	468
194952	477
194952	484
194952	490
194952	499
194952	501
194952	502
194952	507
194952	517
194952	527
194952	542
198256	430
198256	460
198256	545
198256	588
199007	663
199007	412
199007	441
199007	446
199007	448
199007	450
199007	452
199007	458
199007	462
199007	472
199007	483
199007	485
199007	486
199007	487
199007	488
199007	490
199007	493
199007	495
199007	496
199007	497
199007	500
199007	505
199069	466
199069	476
199069	484
199069	498
199069	501
199069	510
199069	516
199069	539
199339	469
199339	492
199339	501
199339	502
200126	624
200126	470
200126	484
200126	501
200126	502
200126	517
200126	528
200126	556
200665	457
200665	470
200665	498
200665	501
200665	502
200665	525
200665	538
200665	564
201865	444
201865	461
201865	469
201865	473
201865	482
201865	484
201865	485
201865	486
201865	496
201865	501
201865	502
201865	510
201865	512
201865	528
201865	530
203295	496
203295	502
203506	469
203506	496
203506	502
203506	517
203506	564
203506	566
204895	1219
204895	2489
204895	438
204895	517
204895	521
204895	551
204895	587
204895	591
204895	596
204895	597
206404	624
206404	426
206404	455
206404	463
206404	466
206404	473
206404	483
206404	484
206404	487
206404	496
206404	510
206404	515
206404	517
206404	533
206404	536
206404	554
206404	563
206557	714
206557	987
206557	473
206557	480
206557	502
206557	532
206557	560
206557	566
208070	461
208070	482
208070	484
208070	486
208070	501
208070	502
208070	507
208070	510
208070	511
208070	525
208598	464
208598	502
208598	513
208598	515
208598	517
209308	484
209308	501
209308	502
209308	517
209308	518
209308	519
209308	526
209308	528
209308	530
209308	532
209308	533
209308	536
209308	538
209308	540
209308	546
209308	547
209308	551
209308	553
209308	554
209308	558
209308	559
209308	560
209308	561
209308	562
209308	564
209308	565
209308	571
209308	573
209308	584
209308	587
209308	588
209308	593
209308	598
209308	605
209375	422
209375	423
209375	426
209375	444
209375	460
209375	482
209375	502
209375	510
209375	516
209375	517
209375	519
211747	476
211747	484
211747	495
211747	501
211747	502
211747	510
211747	519
211825	487
211825	501
211825	527
213035	624
213035	631
213035	642
213035	647
213035	381
213035	424
213035	430
213035	460
213035	462
213035	466
213035	480
213035	482
213035	483
213035	484
213035	486
213035	489
213035	495
213035	498
213035	499
213035	501
213035	502
213035	506
213035	512
213035	514
213035	517
213035	530
213035	532
213035	547
213035	566
213035	613
214461	469
214461	484
214461	486
214461	490
214461	495
214461	502
214461	515
214461	525
214461	534
215493	430
215493	431
215493	435
215493	442
215493	443
215493	444
215493	448
215493	450
215493	452
215493	457
215493	458
215493	462
215493	463
215493	465
215493	471
215493	482
215493	484
215493	485
215493	486
215493	494
215493	495
215493	496
215493	501
215493	503
215493	506
215493	514
216738	464
216738	467
216738	484
216738	490
216738	517
216738	525
216738	534
216738	545
216738	553
216738	564
216738	579
217248	1105
217248	424
217248	428
217248	446
217248	456
217248	468
217248	470
217248	480
217248	481
217248	489
217248	515
217248	570
217248	571
217814	470
217814	482
217814	484
217814	486
217814	501
217814	502
217814	532
217814	564
217814	571
219202	625
219202	862
219202	422
219202	431
219202	439
219202	479
219202	492
219202	495
219202	497
219202	498
219202	507
219202	525
219202	534
219202	545
219202	594
219369	484
219369	501
219369	502
219369	517
219369	518
219369	519
219369	532
219369	557
219369	588
219516	639
219516	679
219516	374
219516	375
219516	377
219516	378
219516	380
219516	381
219516	382
219516	385
219516	386
219516	387
219516	388
219516	389
219516	390
219516	391
219516	393
219516	394
219516	395
219516	397
219516	399
219516	402
219516	403
219516	404
219516	405
219516	407
219516	409
219516	412
219516	418
219516	424
219516	426
219516	428
219516	430
219516	431
219516	433
219516	435
219516	439
219516	446
219516	448
219516	450
219516	451
219516	455
219516	456
219516	457
219516	459
219516	461
219516	462
219516	463
219516	464
219516	465
219516	467
219516	468
219516	469
219516	470
219516	472
219516	474
219516	475
219516	476
219516	480
219516	482
219516	483
219516	484
219516	485
219516	486
219516	487
219516	488
219516	489
219516	490
219516	491
219516	493
219516	494
219516	495
219516	496
219516	497
219516	498
219516	500
219516	502
219516	557
219516	560
219719	470
219719	482
219719	495
219719	501
219719	502
221564	704
221564	997
221564	517
221564	518
221564	533
221746	476
221746	501
221746	502
221746	510
221746	526
221746	528
221746	532
221746	539
221746	554
222886	468
222886	470
222886	476
222886	477
222886	482
222886	484
222886	486
222886	488
222886	491
222886	495
222886	498
222886	499
222886	501
222886	502
222886	506
222886	508
222886	512
222886	518
222886	525
222886	528
222886	534
222886	535
222886	542
222886	553
222886	556
224073	696
224073	484
224073	502
224073	517
224073	518
224073	532
224073	564
224661	625
224661	454
224661	461
224661	463
224661	467
224661	468
224661	469
224661	484
224661	486
224661	487
224661	492
224661	494
224661	496
224661	502
224661	504
224661	517
224661	518
224661	519
224661	530
224661	532
224661	545
224661	547
224661	613
225204	463
225204	571
226264	501
226264	502
226264	519
226264	523
226264	530
226264	567
227249	487
227249	510
227249	515
227249	517
227249	520
227249	557
228053	484
228053	531
228053	532
230291	476
230291	482
230291	502
230291	518
230291	531
230291	539
231583	441
231583	478
231583	484
231583	490
231583	498
231583	501
231583	502
231583	507
231583	528
231583	532
232511	413
232511	469
232511	470
232511	482
232511	484
232511	486
232511	490
232511	495
232511	510
232511	525
233252	430
233252	461
233252	470
233252	506
233739	482
233739	501
233739	502
233739	542
233739	546
233739	577
236270	624
236270	471
236270	484
236270	492
236270	515
236270	521
236270	525
236270	530
236270	539
236270	542
236270	571
236493	461
236493	469
236493	470
236493	476
236493	478
236493	482
236493	484
236493	501
236493	502
236493	510
236493	517
236493	518
236493	526
236493	530
236493	532
236493	536
236493	538
236493	560
237810	452
237810	453
237810	470
237810	471
237810	476
237810	482
237810	483
237810	495
237810	510
237810	516
237810	519
237810	532
237810	542
237810	545
237810	548
237810	553
237810	566
237810	571
240042	406
240042	430
240042	446
240042	544
240229	466
240229	476
240229	486
240229	498
240229	523
240229	531
240229	532
240229	553
240229	557
240229	564
241441	624
241441	468
241441	473
241441	496
241441	498
241441	517
241441	518
241441	526
241441	528
241441	530
241441	539
241441	554
241441	571
242159	825
242159	446
242159	449
242159	450
242159	451
242159	452
242159	456
242159	458
242159	459
242159	461
242159	463
242159	464
242159	466
242159	467
242159	468
242159	469
242159	470
242159	472
242159	473
242159	474
242159	475
242159	476
242159	477
242159	481
242159	482
242159	483
242159	484
242159	485
242159	486
242159	488
242159	489
242159	490
242159	491
242159	493
242159	494
242159	495
242159	497
242159	498
242159	500
242159	502
242159	503
242159	505
242159	506
242159	507
242159	508
242159	512
242159	513
242159	514
242159	516
242159	518
242159	523
242159	529
243236	439
243236	460
243236	480
243236	507
243236	517
243236	519
243236	571
246132	400
246132	403
246132	422
246132	424
246132	431
246132	435
246132	439
246132	441
246132	442
246132	448
246132	454
246132	455
246132	456
246132	464
246132	465
246132	468
246132	469
246132	470
246132	476
246132	477
246132	481
246132	482
246132	486
246132	487
246132	493
246132	494
246132	497
246132	500
246132	516
246132	563
246632	1133
246632	502
246632	517
246632	518
248665	451
248665	470
248665	486
248665	487
248755	482
248755	487
248755	501
248755	502
248755	518
251084	621
251084	624
251084	630
251084	633
251084	676
251084	678
251084	422
251084	424
251084	430
251084	439
251084	441
251084	451
251084	453
251084	455
251084	457
251084	461
251084	462
251084	463
251084	464
251084	466
251084	467
251084	468
251084	469
251084	471
251084	476
251084	478
251084	479
251084	482
251084	483
251084	484
251084	487
251084	488
251084	489
251084	490
251084	492
251084	494
251084	497
251084	498
251084	501
251084	502
251084	503
251084	504
251084	506
251084	510
251084	511
251084	512
251084	513
251084	515
251084	516
251084	517
251084	518
251084	519
251084	520
251084	521
251084	522
251084	523
251084	526
251084	528
251084	529
251084	530
251084	532
251084	533
251084	534
251084	535
251084	536
251084	538
251084	539
251084	542
251084	544
251084	546
251084	547
251084	548
251084	549
251084	550
251084	552
251084	554
251084	556
251084	557
251084	558
251084	559
251084	560
251084	561
251084	562
251084	563
251084	564
251084	565
251084	566
251084	568
251084	570
251084	573
251084	574
251084	576
251084	578
251084	579
251084	582
251084	584
251084	586
251084	591
251084	593
251084	594
251084	596
251084	599
251084	605
251084	610
251084	613
251084	618
251407	624
251407	423
251407	451
251407	455
251407	456
251407	460
251407	482
251407	495
251407	497
251407	498
251407	501
251407	502
251407	507
251407	511
251407	516
251407	517
251407	530
251407	532
251407	541
251407	553
251407	554
251940	457
251940	484
251940	532
252984	411
252984	426
252984	430
252984	516
254673	439
254673	462
254673	468
254673	469
254673	479
254673	480
254673	482
254673	483
254673	484
254673	486
254673	489
254673	495
254673	496
254673	500
254673	501
254673	502
254673	510
254673	513
254673	517
254673	521
254673	527
254673	530
254673	557
255195	439
255195	451
255195	455
255195	466
255195	476
255195	483
255195	484
255195	501
255195	516
255195	517
255195	518
255195	530
255195	532
255195	553
255195	564
255195	571
255377	481
255377	482
255377	530
255377	532
255377	605
255693	442
255693	445
255693	446
255693	449
255693	450
255693	461
255693	464
255693	467
255693	468
255693	469
255693	477
255693	479
255693	480
255693	481
255693	484
255693	487
255693	491
255693	496
255693	504
255693	520
255693	527
255693	528
255693	531
255693	532
255693	557
255693	568
255961	484
255961	502
255961	518
255961	519
255961	564
255961	571
256126	480
256126	502
256126	530
258734	518
259847	463
259847	476
259847	488
259847	518
259847	525
259847	534
259847	541
259847	546
259847	554
259847	566
259847	579
259952	452
259952	455
259952	463
259952	466
259952	467
259952	468
259952	469
259952	471
259952	477
259952	480
259952	484
259952	488
259952	490
259952	491
259952	492
259952	498
259952	499
259952	500
259952	501
259952	507
259952	518
259952	519
259952	525
259952	527
259952	535
259952	541
259952	542
259952	551
259952	554
259952	566
259952	587
261982	470
261982	482
261982	484
261982	486
261982	502
261982	517
261982	525
261982	530
262445	2318
262445	501
262445	504
262445	516
262445	530
262445	552
262445	564
262726	564
263454	496
263856	394
263856	397
263856	398
263856	401
263856	402
263856	403
263856	411
263856	414
263856	415
263856	420
263856	423
263856	425
263856	428
263856	429
263856	430
263856	431
263856	433
263856	434
263856	435
263856	438
263856	439
263856	440
263856	443
263856	444
263856	446
263856	450
263856	452
263856	453
263856	455
263856	456
263856	458
263856	459
263856	460
263856	463
263856	464
263856	465
263856	466
263856	467
263856	469
263856	470
263856	472
263856	473
263856	474
263856	475
263856	476
263856	477
263856	478
263856	479
263856	487
263856	488
263856	489
263856	490
263856	491
263856	492
263856	493
263856	494
263856	497
263856	498
263856	500
263856	508
263856	513
263856	517
263856	522
263856	528
263856	531
263856	533
263856	539
263856	541
264025	469
264025	470
264025	471
264025	480
264025	495
264025	496
264090	409
264090	418
264090	422
264090	426
264090	429
264090	439
264090	452
264090	453
264090	462
264090	471
264090	489
264090	530
264090	553
264135	621
264135	624
264135	633
264135	473
264135	475
264135	477
264135	482
264135	484
264135	485
264135	486
264135	487
264135	488
264135	490
264135	492
264135	494
264135	496
264135	501
264135	502
264135	503
264135	506
264135	507
264135	511
264135	512
264135	517
264135	518
264135	519
264135	520
264135	523
264135	525
264135	526
264135	528
264135	529
264135	530
264135	531
264135	532
264135	533
264135	534
264135	535
264135	536
264135	538
264135	539
264135	540
264135	541
264135	542
264135	543
264135	544
264135	545
264135	546
264135	547
264135	548
264135	549
264135	551
264135	552
264135	553
264135	554
264135	556
264135	559
264135	560
264135	562
264135	564
264135	566
264135	571
264135	572
264135	579
264135	582
264135	584
264135	593
264490	451
264490	457
264490	461
264490	464
264490	468
264490	469
264490	476
264490	491
264490	495
264490	498
264490	545
266031	501
266031	502
266031	526
266031	559
266031	562
266031	564
266031	587
266031	588
266356	454
266837	482
266837	484
266837	486
266837	498
266837	501
266837	502
266837	510
266837	517
266837	528
266837	532
266837	571
267590	460
267590	482
267590	484
267590	501
267590	502
267590	510
267590	526
267590	532
267783	495
268762	415
268762	471
268762	487
268762	518
268762	530
268762	571
268891	482
268891	502
268991	470
268991	484
268991	495
268991	502
268991	526
268991	554
268991	560
268991	566
269720	423
269720	460
269720	461
269720	464
269720	484
269720	495
269720	501
269720	502
269720	517
269720	518
269720	519
269720	525
269720	526
269720	528
269720	532
269720	546
269720	554
269720	564
271089	471
271089	495
271089	521
271089	525
271089	537
271966	501
271966	504
271966	514
271966	521
271966	527
271966	537
271966	542
271976	455
271976	464
271976	468
271976	470
271976	473
271976	490
271976	492
271976	495
271976	507
271976	513
271976	532
271976	535
271976	536
271976	542
271976	550
271976	557
271976	564
271976	566
271976	588
272179	461
272179	471
272179	487
272179	490
272179	496
272179	502
272179	530
272179	534
272179	560
272805	490
272805	530
272805	538
273258	381
273258	423
273258	482
273258	490
273691	484
273691	495
273691	499
273691	501
273691	506
273691	517
273691	525
273691	526
273691	566
274161	457
274161	463
274161	478
274161	484
274161	486
274161	488
274161	501
274161	502
274161	518
274161	564
274161	577
275246	463
275246	467
276034	422
276034	455
276034	463
276034	467
276034	476
276034	482
276034	487
276034	492
276034	510
276034	515
276034	517
276034	518
276034	525
276034	528
276034	530
276034	547
276034	550
276034	552
276034	553
276034	558
276034	565
276034	569
276034	593
277439	460
277439	461
277439	484
277439	501
277439	517
277439	571
278559	718
278559	719
278559	403
278559	413
278559	439
278559	461
278559	463
278559	464
278559	466
278559	467
278559	468
278559	470
278559	476
278559	477
278559	486
278559	488
278559	490
278559	496
278559	498
278559	500
278559	503
278559	507
278559	508
278559	510
278559	513
278559	518
278559	522
278559	532
278559	542
278559	553
278559	556
281734	385
281734	386
281734	389
281734	395
281734	401
281734	405
281734	407
281734	412
281734	421
281734	424
281734	427
281734	428
281734	433
281734	435
281734	445
281734	450
281734	451
281734	453
281734	461
281734	462
281734	479
281734	480
281734	483
281734	500
281734	515
281734	528
281734	531
282486	470
282486	484
282486	502
282486	564
282486	566
284565	696
284565	814
284565	846
284565	1044
284565	484
284565	486
284565	501
284565	502
284565	517
284565	536
284565	566
284565	588
290703	423
290703	426
290703	460
290703	476
290703	484
290703	501
290703	502
290703	528
290703	542
290703	554
290977	624
290977	712
290977	413
290977	418
290977	455
290977	463
290977	469
290977	476
290977	478
290977	482
290977	484
290977	486
290977	489
290977	490
290977	495
290977	497
290977	501
290977	502
290977	517
290977	521
290977	528
290977	530
290977	531
290977	554
290977	564
292663	375
292663	377
292663	378
292663	380
292663	415
292663	422
292663	425
292663	426
292663	433
292663	434
292663	435
292663	441
292663	444
292663	449
292663	453
292663	455
292663	460
292663	466
292663	471
292663	472
292663	478
292663	482
292663	483
292663	484
292663	489
292663	492
292663	497
292663	498
292663	499
292663	504
292663	505
292663	507
292663	513
292663	515
292663	516
292663	521
292663	524
292663	530
292663	537
292663	553
292663	557
294461	501
294461	502
294461	532
296242	688
296242	525
296242	533
296242	562
296242	569
296242	578
296242	588
296244	484
296244	501
296244	502
296244	530
297061	445
297061	461
297061	464
297061	465
297061	467
297061	470
297061	472
297061	477
297061	482
297061	484
297061	486
297061	489
297061	501
297061	504
297061	535
297623	499
298825	457
298825	484
298825	490
299210	461
299210	482
299210	490
299210	496
299210	502
299210	507
299210	516
299210	532
299210	540
299210	562
299210	566
299210	572
299884	624
299884	475
299884	517
299884	518
299884	530
299884	546
299884	547
299884	549
299884	552
299884	560
299884	562
299884	564
299884	566
299884	572
300562	384
300562	388
300562	397
300562	401
300562	402
300562	405
300562	407
300562	412
300562	413
300562	415
300562	417
300562	418
300562	420
300562	421
300562	422
300562	424
300562	425
300562	426
300562	431
300562	434
300562	435
300562	439
300562	442
300562	444
300562	448
300562	458
300562	459
300562	463
300562	464
300562	465
300562	466
300562	467
300562	468
300562	469
300562	470
300562	472
300562	473
300562	474
300562	475
300562	476
300562	477
300562	481
300562	483
300562	485
300562	492
300562	493
300562	494
300562	495
300562	497
300562	500
301487	457
301487	460
301487	562
301487	564
302110	427
302110	428
302110	430
302110	433
302110	435
302110	445
302110	448
302110	449
302110	450
302110	451
302110	452
302110	456
302110	458
302110	459
302110	461
302110	465
302110	466
302110	467
302110	468
302110	470
302110	474
302110	475
302110	476
302110	477
302110	479
302110	480
302110	484
302110	502
302110	503
302110	504
302110	507
302110	513
302110	514
302110	515
302110	516
302110	518
302110	522
302488	377
302488	378
302488	380
302488	384
302488	388
302488	390
302488	393
302488	394
302488	397
302488	398
302488	403
302488	412
302488	413
302488	417
302488	418
302488	430
302488	439
302488	441
302488	442
302488	446
302488	450
302488	464
302488	466
302488	468
302488	469
302488	472
302488	476
302488	477
302488	481
302488	482
302488	483
302488	488
302488	490
302488	491
302488	494
302488	495
302488	498
302488	506
302488	568
302645	695
302645	698
302645	484
302645	501
302645	502
302645	517
303269	621
303269	624
303269	407
303269	410
303269	414
303269	417
303269	418
303269	432
303269	435
303269	444
303269	454
303269	455
303269	460
303269	461
303269	465
303269	470
303269	473
303269	476
303269	483
303269	484
303269	486
303269	498
303269	501
303269	502
303269	507
303269	515
303269	516
303269	517
303269	518
303269	519
303269	521
303269	524
303269	526
303269	527
303269	528
303269	530
303269	531
303269	532
303269	537
303269	538
303269	540
303269	546
303269	547
303269	554
303269	560
303269	562
303269	564
303269	565
303269	566
303269	573
303269	592
303269	593
305182	377
305182	378
305182	380
305182	385
305182	386
305182	394
305182	426
305182	430
305182	435
305182	439
305182	446
305182	449
305182	485
305182	488
305182	489
305182	502
305182	523
306282	457
306282	461
306282	470
306282	473
306282	484
306282	486
306282	495
306282	498
306282	501
306282	502
306282	510
306282	512
306282	515
306282	516
306282	517
306282	518
306282	519
306282	523
306282	530
306282	532
306282	541
306282	545
306282	548
306282	554
306688	624
306688	484
306688	506
306688	516
306688	518
306688	528
306688	530
306688	546
307201	382
307201	386
307201	388
307201	395
307201	402
307201	404
307201	405
307201	407
307201	412
307201	413
307201	417
307201	418
307201	420
307201	428
307201	435
307201	443
307201	446
307201	448
307201	450
307201	451
307201	456
307201	458
307201	459
307201	461
307201	466
307201	467
307201	472
307201	474
307201	476
307201	480
307201	483
307201	485
307201	486
307201	488
307201	489
307201	493
307201	494
307201	495
307201	497
307201	500
307201	504
307706	463
307706	470
307706	477
307706	482
307706	484
307706	495
307706	501
307706	502
307706	511
307706	518
307706	532
307706	577
308453	427
308453	435
308453	439
308453	448
308453	449
308453	451
308453	456
308453	459
308453	463
308453	469
308453	470
308453	475
308453	478
308453	480
308453	483
308453	485
308453	486
308453	488
308453	489
308453	493
308453	494
308453	495
308453	506
308453	508
308834	386
308834	387
308834	389
308834	395
308834	397
308834	398
308834	399
308834	401
308834	402
308834	403
308834	404
308834	405
308834	412
308834	413
308834	414
308834	417
308834	418
308834	420
308834	421
308834	422
308834	424
308834	426
308834	427
308834	428
308834	429
308834	430
308834	433
308834	435
308834	439
308834	441
308834	444
308834	445
308834	446
308834	448
308834	449
308834	451
308834	452
308834	455
308834	456
308834	461
308834	462
308834	463
308834	464
308834	466
308834	467
308834	468
308834	470
308834	471
308834	475
308834	476
308834	482
308834	483
308834	486
308834	495
308834	496
308834	498
308834	500
308834	506
308834	508
308834	515
308834	563
309162	484
309162	501
309162	502
309162	517
309162	518
309162	526
309162	532
309162	538
309162	546
309162	547
309162	554
309162	558
309162	562
309162	564
309162	566
309162	593
309926	463
309926	482
309926	484
309926	486
309926	495
309926	496
309926	501
309926	502
309926	515
309926	519
309926	532
309926	546
309926	554
309926	566
310354	375
310354	413
310354	415
310354	417
310354	418
310354	420
310354	422
310354	423
310354	424
310354	426
310354	427
310354	430
310354	435
310354	439
310354	441
310354	444
310354	446
310354	449
310354	452
310354	456
310354	460
310354	461
310354	464
310354	466
310354	467
310354	468
310354	470
310354	473
310354	474
310354	476
310354	477
310354	478
310354	479
310354	480
310354	481
310354	483
310354	484
310354	485
310354	486
310354	487
310354	488
310354	489
310354	490
310354	492
310354	493
310354	494
310354	495
310354	496
310354	497
310354	498
310354	500
310354	501
310354	502
310354	503
310354	504
310354	511
310354	515
310354	527
310354	530
310354	537
310354	563
310461	502
310461	530
310499	788
310499	468
310499	470
310499	477
310499	495
310499	517
310499	530
310499	534
312108	675
312108	510
312108	517
312108	526
312108	528
312108	564
312108	566
312497	427
312497	428
312497	430
312497	431
312497	434
312497	439
312497	440
312497	441
312497	442
312497	443
312497	444
312497	445
312497	446
312497	447
312497	450
312497	451
312497	452
312497	455
312497	457
312497	459
312497	460
312497	461
312497	463
312497	464
312497	465
312497	466
312497	468
312497	469
312497	470
312497	472
312497	473
312497	475
312497	476
312497	477
312497	478
312497	479
312497	483
312497	484
312497	485
312497	486
312497	487
312497	488
312497	489
312497	490
312497	491
312497	495
312497	496
312497	497
312497	498
312497	500
312497	501
312497	502
312497	504
312497	505
312497	507
312497	510
312497	511
312497	512
312497	513
312497	514
312497	516
313893	473
313893	475
313893	482
313893	501
313893	531
314302	478
314302	480
314302	484
314302	502
314302	514
314302	516
314302	517
314302	588
315749	502
316528	468
316528	492
316528	501
316528	535
318503	624
318503	422
318503	423
318503	424
318503	426
318503	427
318503	441
318503	452
318503	461
318503	464
318503	466
318503	468
318503	469
318503	470
318503	478
318503	479
318503	480
318503	483
318503	484
318503	485
318503	486
318503	487
318503	490
318503	491
318503	495
318503	498
318503	499
318503	500
318503	501
318503	502
318503	506
318503	507
318503	510
318503	511
318503	512
318503	513
318503	516
318503	518
318503	521
318503	522
318503	529
318503	530
318503	535
318503	545
318503	552
318503	553
318503	554
318503	571
318518	518
318518	526
318518	571
318993	621
318993	624
318993	663
318993	924
318993	461
318993	463
318993	466
318993	467
318993	470
318993	476
318993	482
318993	487
318993	491
318993	496
318993	506
318993	509
318993	510
318993	511
318993	513
318993	517
318993	518
318993	519
318993	526
318993	530
318993	533
318993	534
318993	536
318993	539
318993	544
318993	545
318993	546
318993	548
318993	552
318993	564
318993	572
318993	588
319194	444
319194	460
319194	500
319194	530
319194	539
320537	407
320537	412
320537	413
320537	417
320537	418
320537	421
320537	424
320537	428
320537	429
320537	430
320537	433
320537	435
320537	439
320537	446
320537	448
320537	449
320537	477
321036	455
321036	461
321036	506
321036	557
321235	444
321235	457
321235	461
321235	468
321235	470
321235	484
321235	492
321235	496
321235	501
321235	507
321235	517
321235	518
321235	535
321346	430
321346	463
321346	467
321346	480
321346	487
321346	500
321348	451
321348	476
321348	501
321348	502
321348	553
321491	499
321491	514
321491	519
321491	527
321491	532
321491	564
321491	571
322216	386
322216	408
322216	448
322216	450
322216	459
322216	465
322216	472
322216	474
322216	488
322216	514
322216	516
322465	2597
322465	449
322465	455
322465	456
322465	458
322465	459
322465	460
322465	465
322465	466
322465	470
322465	471
322465	478
322465	479
322465	482
322465	490
322465	495
322465	502
322465	510
322465	513
322531	380
322531	395
322531	397
322531	399
322531	400
322531	401
322531	403
322531	404
322531	405
322531	413
322531	422
322531	426
322531	434
322531	447
322531	450
322531	451
322531	453
322531	454
322531	465
322531	469
322531	470
322531	471
322531	473
322531	474
322531	476
322531	477
322531	483
322531	484
322531	485
322531	488
322531	489
322531	491
322531	493
322531	495
322531	498
322531	499
322531	501
322531	502
322531	505
322531	507
322531	511
322531	516
322531	520
322531	523
322531	525
322531	527
322531	530
322531	531
322531	535
322531	537
322531	553
324280	482
324280	484
324280	501
324280	502
324280	510
324280	518
325823	690
325823	495
325823	526
325823	530
325823	546
326002	482
326002	502
326002	566
326768	507
326768	521
326768	525
326768	537
326915	484
326915	502
326915	518
326915	526
326915	532
326915	541
326915	542
326915	566
327130	422
327130	430
327130	449
327130	455
327130	457
327130	461
327130	466
327130	476
327130	482
327130	484
327130	487
327130	490
327130	492
327130	498
327130	502
327130	507
327130	515
327130	517
327130	518
327130	519
327130	520
327130	523
327130	524
327130	526
327130	528
327130	530
327130	531
327130	532
327130	535
327130	539
327130	541
327130	548
327130	552
327130	554
327130	557
327130	563
327130	593
327999	496
327999	518
327999	532
327999	537
329126	724
329126	461
329126	506
330387	468
330387	476
330387	503
330387	530
330387	553
330407	426
330407	451
330407	455
330407	460
330407	461
330407	469
330407	471
330407	482
330407	483
330407	484
330407	486
330407	495
330407	496
330407	498
330407	501
330407	502
330407	507
330407	510
330407	515
330407	517
332101	502
332101	517
332101	566
332204	484
332204	486
332204	501
332204	502
332204	534
332204	544
332346	643
332346	439
332346	441
332346	442
332346	443
332346	444
332346	445
332346	446
332346	447
332346	450
332346	462
332346	483
332346	495
332346	505
332346	514
332346	516
334571	490
334571	518
334571	528
334705	420
334705	422
334705	479
334705	497
334998	511
334998	549
334998	550
