1750	55
1750	61
1750	67
1750	85
1750	93
1750	99
1750	112
1750	113
1750	115
1750	130
1750	139
1750	141
1750	144
1750	167
1750	172
1750	194
1750	260
1791	78
1791	103
1791	105
1791	151
1791	153
1791	154
1791	163
1791	164
1791	182
1791	186
1791	210
1791	251
2068	39
2068	65
2068	78
2068	104
2068	116
2068	120
2068	128
2068	130
2068	260
3306	123
3306	124
3306	130
3306	139
3306	168
3306	172
3306	174
3306	236
3651	68
3651	70
3651	74
3651	114
3651	120
3651	123
3651	128
3651	130
3651	146
3651	156
3651	179
3651	210
3892	83
3892	94
3892	98
3892	109
3892	120
3892	124
3892	130
3892	140
3892	152
3892	169
3892	170
3892	172
3892	174
3892	176
3892	400
4805	65
4805	72
4805	91
4805	139
4805	210
4805	251
4966	33
4966	110
4966	130
4966	167
4966	169
4966	257
6237	82
6648	54
6648	57
6648	61
6648	67
6648	69
6648	79
6648	83
6648	86
6648	93
6648	108
6648	109
6648	113
6648	114
6648	123
6648	124
6648	126
6648	130
6648	141
6648	142
6648	143
6648	151
6648	161
6648	174
6648	180
6648	210
6648	278
6690	44
6690	56
6690	68
6690	104
6690	135
6690	139
6690	141
6690	163
6935	55
6935	61
6935	120
6935	125
6935	130
6935	159
6935	161
6935	167
6935	168
6935	169
6935	172
6935	174
6935	209
6935	222
6935	255
6935	270
6935	286
6935	288
7146	130
7146	169
7146	194
7490	133
7784	17
7784	19
7784	30
7784	40
7784	43
7784	47
7784	48
7784	51
7784	55
7784	57
7784	67
7784	71
7784	79
7784	86
7784	122
7784	125
7784	136
7808	31
7808	33
7808	40
7808	42
7808	43
7808	46
7808	55
7808	57
7808	66
7808	67
7808	79
7808	83
7808	89
7808	92
7808	93
7808	99
7808	101
7808	102
7808	109
7808	113
7808	116
7808	118
7808	119
7808	120
7808	122
7808	124
7808	144
7808	148
7808	151
7808	152
7808	160
7808	174
7808	210
7886	61
7886	63
7886	66
7886	80
7886	83
7886	109
7886	110
7886	114
7886	119
7886	130
7886	136
7886	140
7886	152
7886	159
7886	169
7886	172
7886	174
7886	175
7886	190
7886	193
7886	251
7886	288
9386	11
9386	12
9386	13
9386	16
9386	18
9386	19
9386	20
9386	23
9386	25
9386	26
9386	28
9386	32
9386	33
9386	34
9386	35
9386	41
9386	42
9386	44
9386	47
9386	53
9386	54
9386	55
9386	59
9386	60
9386	62
9386	64
9386	67
9386	68
9386	69
9386	71
9386	73
9386	76
9386	78
9386	79
9386	80
9386	81
9386	83
9386	84
9386	85
9386	89
9386	91
9386	95
9386	97
9386	100
9386	103
9386	106
9386	107
9386	108
9386	110
9386	111
9386	115
9386	116
9386	118
9386	122
9919	84
9919	236
10031	112
10031	120
10031	123
10031	156
10031	174
10223	12
10223	13
10223	15
10223	16
10223	18
10223	20
10223	21
10223	23
10223	26
10223	27
10223	29
10223	31
10223	32
10223	35
10223	40
10223	41
10223	42
10223	44
10223	52
10223	54
10223	55
10223	60
10223	64
10223	66
10223	73
10223	75
10223	76
10223	77
10223	78
10223	80
10223	81
10223	85
10223	87
10223	89
10223	92
10223	97
10223	101
10223	108
10223	113
10223	114
10223	115
10223	124
10223	125
10223	126
10223	130
10223	135
10223	136
10252	94
10252	105
10252	120
10252	123
10252	126
10252	135
10252	152
10252	161
10252	164
10252	169
10252	172
10252	176
10252	182
10252	194
10252	199
10252	215
10252	216
10252	239
10252	242
10252	260
10252	400
11945	61
11945	67
11945	128
11945	130
11945	161
12604	78
12604	104
12604	114
12604	120
12604	130
12604	134
12604	139
12604	172
12604	179
12604	235
12604	255
13361	37
13361	139
13361	148
13361	152
13361	153
13361	278
15947	87
15947	89
15947	93
15947	123
15947	139
15947	141
15947	144
15947	154
15947	206
16033	130
16033	255
16339	40
16339	49
16339	50
16339	109
16339	133
16339	141
16339	147
16339	167
16339	169
16339	172
16339	194
16339	199
16339	251
16339	258
16339	288
16339	410
16385	66
16385	83
16385	89
16385	126
16385	141
17064	39
17064	109
17064	110
17064	120
17064	122
17064	126
17064	128
17064	130
17064	161
17064	201
17064	255
18825	120
18825	130
19141	120
19141	123
19141	124
19141	130
19141	139
19141	141
19141	161
19141	168
19141	174
19141	288
20447	83
20447	92
20447	113
20447	114
20447	120
20447	124
20447	130
20447	139
20447	147
20447	152
20447	173
20447	174
20447	186
20447	199
23192	139
23192	251
24134	55
24134	79
24134	89
24134	93
24134	141
24134	142
24134	152
24134	161
24134	174
24134	209
24134	223
24217	56
24217	65
24217	87
24217	104
24217	115
24217	128
24217	139
24371	31
24371	41
24371	45
24371	50
24371	52
24371	54
24371	56
24371	58
24371	61
24371	64
24371	65
24371	67
24371	68
24371	73
24371	74
24371	77
24371	79
24371	81
24371	82
24371	83
24371	87
24371	89
24371	92
24371	99
24371	104
24371	105
24371	108
24371	110
24371	111
24371	114
24371	115
24371	116
24371	117
24371	118
24371	119
24371	123
24371	124
24371	125
24371	126
24371	128
24371	130
24371	131
24371	133
24371	139
24371	141
24371	142
24371	144
24371	147
24371	150
24371	151
24371	154
24371	161
24371	163
24371	166
24371	173
24371	186
24371	201
24371	206
24371	209
24371	210
24371	223
24371	260
24371	267
24371	278
26712	28
26712	34
26712	47
26712	57
26712	73
26712	77
26712	81
26712	91
26712	93
26712	97
26712	111
26712	142
27321	66
27321	103
27321	120
27321	156
27321	279
27501	61
27501	77
27501	83
27501	119
27501	124
27501	139
27501	143
27501	144
27501	169
27501	182
29255	32
29255	33
29255	35
29255	37
29255	38
29255	43
29255	44
29255	45
29255	46
29255	47
29255	49
29255	50
29255	51
29255	52
29255	54
29255	55
29255	57
29255	58
29255	59
29255	60
29255	61
29255	64
29255	66
29255	67
29255	69
29255	71
29255	76
29255	77
29255	81
29255	83
29255	85
29255	86
29255	87
29255	96
29255	97
29255	100
29255	101
29255	102
29255	103
29255	105
29255	108
29255	111
29255	115
29255	118
29778	109
29778	120
29778	123
29778	124
29778	130
29778	139
29778	161
29778	167
29778	169
29778	172
29778	174
29778	194
29778	199
29778	251
29778	255
29778	288
30733	54
30733	161
30733	167
30733	199
30733	210
33540	30
33540	39
33540	180
33540	278
34154	57
34154	61
34154	69
34154	113
34154	114
34154	124
34154	130
34154	131
34154	133
34154	141
34154	142
34154	143
34154	161
34154	174
34154	267
34611	78
34611	92
34611	109
34611	117
34611	177
34611	210
35478	19
35478	20
35478	35
35478	48
35478	50
35478	52
35478	54
35478	55
35478	57
35478	58
35478	61
35478	63
35478	67
35478	68
35478	69
35478	71
35478	72
35478	77
35478	78
35478	79
35478	81
35478	84
35478	86
35478	91
35478	92
35478	95
35478	96
35478	97
35478	101
35478	102
35478	103
35478	110
35478	112
35478	115
35478	116
35478	122
35478	125
35478	130
35478	142
35478	145
35478	154
35478	157
35478	160
35478	170
35478	173
35713	33
35713	35
35713	45
35713	83
35713	121
35713	174
35966	33
35966	48
35966	123
35966	128
35966	139
35966	161
35966	174
35966	199
35966	255
36790	114
36790	123
36790	124
36790	130
36790	174
37043	45
37043	61
37043	70
37043	100
37043	112
37043	130
37043	147
37043	161
37043	162
37043	165
37043	169
37043	199
37043	288
38013	48
38013	53
38013	55
38013	59
38013	61
38013	67
38013	71
38013	72
38013	76
38013	85
38013	87
38013	92
38013	100
38013	102
38013	107
38013	111
38013	115
38013	125
38013	126
38013	140
38013	142
38013	145
38013	156
38013	162
38013	165
38013	166
38013	174
38013	193
38013	201
38479	59
38479	77
38479	78
38479	83
38479	92
38479	93
38479	105
38479	106
38479	109
38479	119
38479	123
38479	124
38479	128
38479	130
38479	132
38479	134
38479	135
38479	137
38479	139
38479	142
38479	148
38479	149
38479	150
38479	154
38479	155
38479	156
38479	158
38479	161
38479	173
38479	174
38479	190
38479	193
38479	199
38479	201
38479	209
38479	210
38479	223
38479	236
38479	322
38479	389
39142	120
39142	123
39142	130
39142	137
39142	159
39142	168
39142	169
39142	174
39142	182
39275	40
39275	87
39275	109
39275	116
39275	121
39275	123
39275	133
39275	139
39275	148
39275	149
39275	162
39275	165
39275	169
39275	178
39275	193
39275	210
39275	222
39275	288
40242	17
40242	22
40242	70
40242	81
40242	84
40242	99
40242	111
40242	127
40556	84
40556	105
40556	120
40556	126
40556	130
40556	159
40556	168
40556	169
40556	174
40556	186
40556	194
40963	33
40963	41
40963	43
40963	74
40963	83
40963	89
40963	98
40963	102
40963	103
40963	110
40963	122
40963	128
40963	141
40963	152
40963	206
40963	278
43096	93
43096	130
43096	140
43096	204
43096	210
43096	221
43096	253
43362	15
43362	16
43362	17
43362	19
43362	25
43362	30
43362	31
43362	32
43362	33
43362	35
43362	37
43362	44
43362	45
43362	46
43362	47
43362	49
43362	50
43362	51
43362	52
43362	55
43362	57
43362	58
43362	59
43362	60
43362	61
43362	62
43362	63
43362	64
43362	67
43362	68
43362	69
43362	71
43362	72
43362	76
43362	77
43362	78
43362	79
43362	80
43362	81
43362	85
43362	91
43362	92
43362	93
43362	95
43362	96
43362	97
43362	98
43362	100
43362	101
43362	103
43362	105
43362	114
43362	119
43362	123
43362	126
43362	130
43362	137
43362	138
43362	140
43362	141
43362	145
43362	146
43362	147
43362	156
43362	161
43362	165
43362	169
48570	61
48570	114
48570	141
49279	33
49279	58
49279	65
49279	84
49279	100
49279	105
49279	115
49279	118
49279	120
49279	123
49279	124
49279	128
49279	131
49279	139
49279	141
49279	142
49279	145
49279	153
49279	156
49279	160
49279	174
49279	206
49508	40
49508	50
49508	68
49508	82
49508	87
49508	99
49508	104
49508	122
49508	124
49508	132
49508	133
49508	134
49508	144
49508	160
49508	163
49508	206
49763	49
49763	61
49763	70
49763	125
49763	126
49763	130
49763	131
49763	151
49939	16
49939	19
49939	20
49939	21
49939	23
49939	25
49939	27
49939	28
49939	29
49939	59
49939	61
49939	62
49939	63
49939	64
49939	67
49939	71
49939	76
49939	80
49939	83
49939	85
49939	91
49939	98
49939	101
49939	105
49939	107
49939	108
49939	110
49939	115
49939	116
49939	118
49939	135
49939	136
49939	137
50354	55
50354	57
50354	60
50354	64
50354	66
50354	67
50354	69
50354	71
50354	73
50354	75
50354	76
50354	78
50354	79
50354	80
50354	81
50354	85
50354	86
50354	87
50354	89
50354	91
50354	92
50354	95
50354	96
50354	97
50354	98
50354	100
50354	108
50354	110
50354	111
50354	113
50354	114
50354	115
50354	121
50354	123
50354	125
50354	126
50354	130
50354	131
50354	135
50354	136
50354	140
50354	141
50354	142
50714	64
50714	73
50714	95
50714	158
51394	61
51394	109
51394	114
51394	120
51394	123
51394	124
51394	126
51394	128
51394	130
51394	161
51394	170
51394	172
51394	179
51394	191
51394	194
51394	199
51394	210
51394	236
51394	255
51394	260
51408	109
51408	112
51408	119
51408	123
51408	167
51408	169
51408	172
51408	199
51566	77
51566	81
51566	120
51566	161
51566	168
51566	169
51566	172
51566	260
51581	93
51581	123
51581	137
51581	139
51581	147
51581	154
51581	164
51581	167
51581	169
51581	171
51581	172
51581	174
51581	179
51581	182
51581	185
51581	188
51581	199
51581	210
51581	221
51581	239
51581	241
51581	257
51581	294
51581	322
51581	401
54970	33
54970	39
54970	48
54970	57
54970	58
54970	66
54970	73
54970	74
54970	83
54970	84
54970	89
54970	95
54970	99
54970	102
54970	112
54970	120
54970	122
54970	124
54970	132
54970	136
54970	140
54970	144
54970	148
54970	177
54970	231
54970	278
55063	35
55063	45
55063	50
55063	56
55063	57
55063	58
55063	59
55063	60
55063	63
55063	68
55063	69
55063	74
55063	78
55063	80
55063	84
55063	92
55063	98
55063	99
55063	104
55063	108
55063	109
55063	110
55063	111
55063	113
55063	131
55063	133
55063	134
55063	139
55063	141
55063	143
55063	144
55063	151
55063	153
55063	157
55401	102
55401	115
55401	119
55401	144
55401	153
55401	168
55401	170
55401	172
55401	206
55401	216
55401	322
55634	83
55634	109
55634	120
55634	124
55634	130
55634	161
55634	174
55634	260
55828	33
55828	41
55828	45
55828	61
55828	68
55828	89
55828	113
55828	114
55828	122
55828	124
55828	130
55828	140
55828	147
55828	161
55828	172
55828	174
55828	288
56783	114
56783	130
56783	139
56783	168
57311	13
57311	15
57311	16
57311	17
57311	18
57311	19
57311	20
57311	21
57311	23
57311	25
57311	27
57311	28
57311	32
57311	35
57311	46
57311	50
57311	51
57311	57
57311	58
57311	59
57311	60
57311	61
57311	62
57311	67
57311	69
57311	81
57311	83
57311	84
57311	85
57311	86
57311	87
57311	89
57311	91
57311	92
57311	101
57311	102
57311	105
57311	106
57311	110
57311	111
57311	115
57311	118
57311	151
57311	164
57311	165
57311	166
57311	171
57311	207
57311	213
57311	218
58236	133
58236	168
58236	223
59154	93
59154	109
59154	113
59154	120
59154	123
59154	124
59154	126
59154	128
59154	130
59154	139
59154	174
59154	194
59266	112
59266	113
59266	124
59266	130
59323	54
59323	61
59323	115
59323	128
59323	160
59323	172
59733	137
59733	223
59733	236
60244	120
60244	130
60244	167
60244	169
60244	172
60244	179
60244	185
60244	194
60244	255
60244	257
60244	260
60244	288
60597	52
60597	68
60597	112
60597	113
60597	120
60597	124
60597	139
60597	161
60597	174
60986	49
60986	67
60986	85
60986	89
60986	100
60986	103
60986	120
60986	126
60986	130
60986	278
60986	419
61760	199
61892	70
61892	121
61892	138
61892	210
62161	106
62161	125
62161	141
62341	45
62341	52
62341	69
62341	86
62341	91
62341	97
62341	108
62341	113
62341	114
62341	124
62341	126
62341	133
62341	135
62341	146
62341	151
62341	152
62341	153
62341	154
62341	156
62341	174
62341	201
62341	210
63772	52
63772	74
63772	128
63772	139
63772	163
64080	77
64080	116
64080	128
64080	139
64080	142
64080	144
64080	172
64080	194
64080	255
64080	279
64080	288
64829	48
64829	169
64829	255
65398	13
65398	16
65398	18
65398	19
65398	21
65398	23
65398	25
65398	26
65398	27
65398	28
65398	29
65398	41
65398	47
65398	49
65398	51
65398	55
65398	59
65398	61
65398	62
65398	63
65398	64
65398	67
65398	68
65398	69
65398	72
65398	74
65398	76
65398	78
65398	79
65398	83
65398	85
65398	91
65398	118
65398	123
65398	125
65398	166
66068	667
66068	33
66068	151
67353	78
67353	193
67461	39
67461	45
67461	50
67461	52
67461	54
67461	55
67461	56
67461	57
67461	58
67461	61
67461	63
67461	66
67461	69
67461	72
67461	77
67461	78
67461	83
67461	84
67461	85
67461	91
67461	92
67461	94
67461	100
67461	102
67461	103
67461	104
67461	105
67461	106
67461	109
67461	110
67461	112
67461	114
67461	116
67461	117
67461	118
67461	119
67461	120
67461	123
67461	124
67461	126
67461	128
67461	130
67461	133
67461	136
67461	137
67461	139
67461	141
67461	142
67461	143
67461	144
67461	148
67461	151
67461	152
67461	153
67461	155
67461	156
67461	161
67461	169
67461	174
67461	176
67461	186
67461	193
67461	194
67461	210
67461	223
67461	231
67461	236
67461	251
67461	255
67461	260
67461	267
67461	278
67461	389
67976	39
67976	98
67976	101
67976	115
69326	56
69326	97
69326	114
69326	120
69326	136
69326	169
69367	40
70527	39
70527	58
70527	61
70527	79
70527	94
70527	112
70527	115
70527	119
70527	124
70527	126
70527	152
70527	169
70527	210
70725	56
70725	61
70725	69
70725	74
70725	79
70725	98
70725	113
70725	117
70725	124
70725	126
70725	131
70725	132
70725	138
70725	139
70725	140
70725	141
70725	143
70725	144
70725	148
70725	174
70725	194
70725	231
70725	236
70725	278
70725	401
74146	37
74146	50
74146	65
74146	72
74146	88
74146	99
74146	104
74146	117
74146	128
74146	139
74146	163
74146	208
74146	266
74489	39
74489	45
74489	130
74489	148
74489	151
74489	156
75277	54
75277	56
75277	57
75277	65
75277	69
75277	86
75277	93
75277	97
75277	106
75277	108
75277	113
75277	117
75277	121
75277	123
75277	130
75277	131
75277	146
75277	149
75277	153
75277	158
75277	165
75277	168
75277	172
75277	193
75277	223
75729	741
75729	830
75729	1251
75729	57
75729	59
75729	66
75729	73
75729	77
75729	78
75729	83
75729	84
75729	85
75729	86
75729	92
75729	93
75729	94
75729	96
75729	98
75729	99
75729	100
75729	102
75729	103
75729	106
75729	109
75729	113
75729	116
75729	125
75729	126
75729	128
75729	130
75729	132
75729	133
75729	134
75729	139
75729	140
75729	141
75729	142
75729	145
75729	148
75729	150
75729	155
75729	157
75729	160
75729	161
75729	162
75729	169
75729	173
75729	186
75729	396
75729	425
76710	40
76710	41
76710	42
76710	43
76710	56
76710	59
76710	62
76710	69
76710	84
76710	100
76710	105
76710	119
76710	136
76770	59
76770	77
76770	93
76770	97
76770	105
76770	114
76770	120
76770	123
76770	124
76770	126
76770	130
76770	142
76770	156
76770	158
76770	159
76770	167
76770	169
76770	171
76770	174
76770	175
76770	194
76770	199
76770	223
76770	260
76770	267
76770	288
76770	389
76903	30
76903	35
76903	37
76903	40
76903	42
76903	44
76903	78
76903	83
76903	102
76903	112
76903	117
76903	120
76903	126
76903	128
76903	139
76903	141
76903	163
76903	169
76903	278
77722	27
77722	29
77722	30
77722	37
77722	44
77722	48
77722	49
77722	52
77722	54
77722	55
77722	60
77722	62
77722	64
77722	68
77722	71
77722	80
77722	81
77722	84
77722	93
77722	96
77722	97
77722	98
77722	100
77722	102
77722	106
77722	126
77722	134
77722	135
77722	136
77722	137
77722	138
77735	148
77735	153
77735	185
77735	219
77735	242
79123	1379
79123	56
79123	118
79123	120
79123	123
79123	131
79123	155
79123	168
79123	174
79123	194
79123	236
79123	255
80640	57
80640	59
80640	68
80640	77
80640	82
80640	93
80640	98
80640	104
80640	109
80640	128
80640	129
80640	136
80640	139
80640	140
80640	144
80640	150
80640	160
80640	162
80640	163
80640	168
80640	173
80640	176
80640	186
80640	191
80640	199
80640	231
80640	255
80640	259
80640	279
80640	286
80640	389
83962	147
83962	167
83962	172
83962	288
84151	33
84151	109
84151	121
84151	123
84151	124
84151	142
84151	167
84151	169
84151	288
85202	66
85202	77
85202	92
85202	112
85202	123
86243	48
86243	67
86243	77
86243	112
86243	124
86243	174
86809	120
86809	168
86809	251
87923	30
87923	66
87923	73
87923	77
87923	81
87923	96
87923	97
87923	101
87923	104
87923	106
87923	109
87923	112
87923	120
87923	124
87923	128
87923	129
87923	133
87923	137
87923	139
87923	141
87923	144
87923	163
87923	174
87923	180
87923	202
87923	206
87923	208
87923	209
87923	210
87923	223
87923	260
87923	267
89465	93
89465	123
90015	16
90015	17
90015	18
90015	19
90015	25
90015	30
90015	33
90015	35
90015	40
90015	42
90015	51
90015	64
90015	81
90015	97
90015	100
90015	101
90015	102
90015	103
90015	107
90015	108
90015	110
90015	112
90015	113
90015	115
90015	118
90015	122
90015	156
92675	33
92675	88
92675	117
92675	120
92675	139
92675	155
94173	825
94173	2293
94173	33
94173	39
94173	41
94173	102
94173	108
94173	109
94173	133
94173	143
94173	332
94528	30
94528	33
94528	44
94528	48
94528	54
94528	59
94528	67
94528	68
94528	73
94528	77
94528	78
94528	80
94528	81
94528	82
94528	84
94528	87
94528	92
94528	93
94528	107
94528	116
94528	117
94528	119
94528	120
94528	122
94528	124
94528	130
94528	134
94528	139
94528	142
94528	153
94528	177
94528	180
94528	193
94528	206
94528	210
94528	267
95924	56
95924	99
95924	147
95924	172
95924	190
95924	215
95947	119
95947	120
95947	121
95947	124
95947	130
95947	139
95947	174
95947	199
95947	260
96523	622
96523	21
96523	27
96523	29
96523	30
96523	31
96523	32
96523	33
96523	34
96523	35
96523	46
96523	49
96523	50
96523	52
96523	54
96523	83
96523	87
96523	126
96523	135
96523	137
96523	140
96523	221
96523	247
96523	252
96523	287
96523	335
96523	367
96523	463
96523	574
97254	52
97254	61
97254	91
97254	109
97254	130
97254	172
97254	260
97254	385
98300	120
98300	124
98300	130
98300	179
98300	260
99994	33
99994	51
99994	85
99994	87
99994	104
99994	118
99994	121
99994	142
99994	150
99994	151
99994	156
99994	281
99994	303
101035	20
101035	21
101035	30
101035	37
101035	38
101035	40
101035	41
101035	42
101035	43
101035	44
101035	46
101035	47
101035	52
101035	54
101035	61
101035	65
101035	66
101035	72
101035	74
101035	76
101035	77
101035	78
101035	82
101035	86
101035	92
101035	93
101035	95
101035	98
101035	114
101035	117
101035	119
101035	120
101035	123
101035	131
101035	143
101035	170
101035	194
101035	210
101035	366
102218	141
102218	161
102218	258
102218	288
102218	383
102431	24
102431	30
102431	40
102431	41
102431	42
102431	54
102431	56
102431	58
102431	65
102431	74
102431	77
102431	78
102431	82
102431	87
102431	88
102431	96
102431	99
102431	101
102431	104
102431	110
102431	116
102431	117
102431	118
102431	128
102431	133
102431	134
102431	136
102431	139
102431	209
103576	123
103576	144
103576	202
103576	255
103576	257
106844	73
106844	77
106844	83
106844	91
106844	116
106844	120
106844	133
106844	139
106844	144
106844	151
106844	163
106844	174
106844	267
107086	67
107086	104
107086	137
107086	139
107086	141
107086	210
107155	161
107155	236
107155	267
110238	46
110238	48
110238	56
110238	99
110238	104
110238	116
110238	123
110238	130
110238	139
110238	154
110238	210
110238	318
110238	443
110510	39
110510	41
110510	44
110510	58
110510	62
110510	69
110510	71
110510	72
110510	73
110510	81
110510	83
110510	84
110510	85
110510	92
110510	95
110510	103
110510	105
110510	106
110510	108
110510	110
110510	114
110510	116
110510	118
110510	125
110510	140
110510	144
110510	156
110510	162
110510	193
110545	109
110545	142
110545	156
110545	161
110545	239
111058	33
111058	54
111058	102
111058	112
111058	113
111058	124
111058	130
111058	140
111058	142
111058	161
111058	278
111290	40
111290	41
111290	42
111290	43
111290	44
111290	47
111290	48
111290	49
111290	51
111290	52
111290	54
111290	55
111290	56
111290	59
111290	61
111290	64
111290	76
111290	78
111290	80
111290	81
111290	83
111290	84
111290	97
111290	100
111290	105
111290	107
111290	108
111290	110
111290	111
111290	115
111290	116
111290	118
111290	123
111290	124
111290	125
111290	130
111290	134
111290	135
111290	136
111290	137
111290	140
111290	142
111290	145
111290	146
111290	147
111290	149
111290	156
111290	161
112430	114
112430	118
112430	120
112430	124
112430	130
112430	169
112430	172
112430	174
112430	199
112430	236
113007	2920
113007	109
113007	115
113007	124
113007	130
113007	161
113007	168
113007	177
113007	194
113007	216
113007	255
113173	120
113173	170
113217	28
113217	29
113217	30
113217	31
113217	37
113217	40
113217	41
113217	43
113217	45
113217	46
113217	47
113217	52
113217	54
113217	55
113217	58
113217	62
113217	64
113217	65
113217	67
113217	72
113217	79
113217	85
113217	87
113217	89
113217	93
113217	98
113217	100
113217	101
113217	102
113217	108
113217	112
113217	113
113217	115
113217	118
113217	122
113217	125
113217	131
113217	143
113217	151
113217	166
113217	180
113217	206
113217	278
114161	41
114161	55
114161	77
114161	79
114161	94
114161	98
114161	100
114161	102
114161	103
114161	109
114161	115
114161	119
114161	120
114161	124
114161	125
114161	140
114161	141
114161	143
114161	156
114161	174
114908	77
114908	91
114908	107
114908	120
114908	124
114908	169
114908	194
114908	199
114908	260
116322	83
116322	93
116322	120
116322	174
118125	56
118125	84
118125	130
118125	132
118125	139
118125	141
118125	201
118320	43
118320	74
118320	93
118320	132
118320	139
118320	140
118320	152
118320	153
118320	163
118320	210
118320	251
118320	256
118476	113
118476	114
118476	115
118476	120
118476	124
118476	130
118476	139
118476	152
118476	161
118476	167
118476	169
118476	194
118522	50
118522	61
118522	62
118522	74
118522	96
118522	106
118522	110
118522	120
118522	124
118522	129
118522	130
118522	141
118522	143
118522	168
118522	169
118522	172
118522	174
118522	186
118522	199
118522	209
118522	210
118522	255
121103	65
121103	79
121103	91
121103	112
121103	114
121103	117
121103	130
121103	141
121103	161
121103	199
121103	401
124345	134
124345	139
124345	210
126485	33
126485	79
126485	83
126485	86
126485	91
126485	92
126485	108
126485	112
126485	113
126485	114
126485	124
126485	130
126485	138
126485	151
126485	159
126485	167
126485	169
126485	174
126485	180
126485	185
126485	191
126485	194
126485	211
126485	223
126485	260
126485	267
126485	288
126606	1942
126606	2249
126606	30
126606	33
126606	35
126606	50
126606	114
126606	119
126606	139
126606	152
126606	154
126606	174
126606	175
126606	178
126606	193
126606	269
126623	104
126623	110
126623	111
126623	116
126623	117
126623	128
126623	134
126623	139
126623	163
126623	210
127739	61
127739	83
127739	91
127739	141
127739	152
127739	166
127771	32
127771	33
127771	43
127771	44
127771	45
127771	47
127771	57
127771	59
127771	63
127771	75
127771	76
127771	77
127771	83
127771	85
127771	86
127771	91
127771	92
127771	93
127771	103
127771	107
127771	108
127771	110
127771	114
127771	117
127771	119
127771	125
127771	130
127771	131
127771	140
127771	143
127771	150
127771	151
127771	152
127771	155
127771	157
127771	162
127771	172
127771	193
127771	201
129511	33
129511	37
129511	38
129511	44
129511	46
129511	47
129511	48
129511	49
129511	50
129511	51
129511	54
129511	78
129511	83
129511	107
129511	113
129511	115
129511	116
129511	118
129511	119
129511	122
129511	123
129511	125
129511	126
129511	130
129511	132
129511	133
129511	137
129511	140
129511	143
129511	147
129511	148
129511	156
129511	157
129511	165
130091	167
130091	176
130091	204
130091	248
130091	258
130091	260
130091	295
130099	113
130316	1962
130316	31
130316	39
130316	50
130316	54
130316	80
130316	89
130316	91
130316	102
130316	109
130316	116
130316	125
130316	144
130316	153
130316	162
130316	163
130316	170
130316	187
130316	195
130316	210
130316	260
130316	297
130316	446
130838	13
130838	30
130838	38
130838	39
130838	40
130838	41
130838	42
130838	55
130838	56
130838	59
130838	66
130838	67
130838	77
130838	83
130838	85
130838	86
130838	87
130838	92
130838	100
130838	101
130838	102
130838	108
130838	115
130838	125
130838	131
130838	152
131285	109
131285	112
131285	113
131285	114
131285	119
131285	124
131285	130
131285	147
131285	153
131285	155
131285	169
131285	173
131285	174
131285	176
131285	178
131285	194
131285	231
131285	236
131285	260
131532	30
131532	33
131532	48
131532	112
131532	124
131532	130
131532	141
131532	142
131532	174
131532	199
131594	30
131594	40
131594	45
131594	61
131594	80
131594	85
131594	100
131594	103
131594	105
131594	113
131594	120
131594	124
131594	130
131594	140
131594	152
131594	161
131594	169
131594	174
131594	177
131594	186
131594	194
131594	231
131594	267
132423	16
132423	77
132423	78
132423	81
132423	83
132423	85
132423	87
132423	91
132423	96
132423	97
132423	100
132423	102
132423	103
132423	106
132423	108
132423	109
132423	110
132423	115
132423	116
132423	117
132740	105
132740	114
132740	119
132740	120
132740	121
132740	124
132740	126
132740	130
132740	137
132740	190
132740	223
132740	236
133195	31
133195	41
133195	49
133195	54
133195	58
133195	72
133195	83
133195	87
133195	92
133195	98
133195	100
133195	102
133195	109
133195	115
133195	123
133195	131
133195	133
133195	142
133195	144
133195	153
133195	173
133195	278
133378	15
133378	16
133378	17
133378	20
133378	21
133378	25
133378	27
133378	29
133378	30
133378	31
133378	35
133378	37
133378	38
133378	44
133378	46
133378	49
133378	50
133378	52
133378	53
133378	54
133378	55
133378	60
133378	61
133378	62
133378	63
133378	64
133378	67
133378	69
133378	74
133378	76
133378	81
133378	90
133378	91
133378	96
133378	98
133378	99
133378	102
133378	103
133378	106
133378	117
133378	131
133378	144
133512	116
133512	139
133746	28
133746	29
133746	61
133746	64
133746	76
133746	107
133746	109
133746	115
133746	117
133788	120
133788	124
133788	130
133788	174
136252	80
136953	799
136953	804
136953	13
136953	37
136953	49
136953	53
136953	54
136953	55
136953	62
136953	63
136953	67
136953	68
136953	74
136953	81
136953	85
136953	87
136953	90
136953	91
136953	100
136953	102
136953	106
136953	115
136953	116
136953	117
136953	125
136953	130
136953	135
136953	140
136953	141
136953	142
136953	147
136953	148
136953	149
136953	150
137467	39
137467	41
137467	102
137467	109
137467	148
137504	109
137504	114
137504	120
137504	143
137504	151
137504	161
137504	169
138950	40
138950	101
138950	104
138950	139
138950	163
138950	167
139033	103
139033	124
139033	174
139033	194
139033	260
139033	267
139650	128
139650	168
141168	2180
141168	2385
141168	33
141168	43
141168	85
141168	124
141168	128
141168	133
141168	139
141168	142
141168	168
141168	174
141168	194
141168	236
141168	253
141168	260
144296	1609
144296	1694
144296	23
144296	25
144296	27
144296	29
144296	30
144296	31
144296	34
144296	35
144296	40
144296	41
144296	42
144296	43
144296	46
144296	50
144296	59
144296	62
144296	67
144296	72
144296	75
144296	76
144296	79
144296	80
144296	81
144296	85
144296	86
144296	91
144296	95
144296	96
144296	98
144296	99
144296	100
144296	102
144296	105
144296	108
144296	112
144296	113
144296	115
144296	117
144296	122
144296	126
144296	129
144296	130
144296	134
144296	135
144296	136
144296	182
144459	82
144459	128
144459	138
144459	173
144913	39
144913	66
144913	68
144913	128
144913	139
144913	163
145460	130
147848	79
147848	118
147848	125
147848	126
147848	180
147848	545
147848	565
147848	618
147939	33
147939	155
147939	161
148237	58
148237	278
148293	32
148293	93
148293	108
148293	113
148293	114
148293	123
148293	124
148293	126
148293	130
148293	139
148293	162
148293	174
148293	260
148293	288
149516	78
151016	139
151016	165
151685	12
151685	19
151685	25
151685	29
151685	34
151685	35
151685	37
151685	38
151685	43
151685	44
151685	52
151685	54
151685	58
151685	60
151685	64
151685	67
151685	69
151685	71
151685	76
151685	77
151685	78
151685	79
151685	81
151685	85
151685	86
151685	91
151685	95
151685	101
151685	108
151685	135
152331	12
152331	26
152331	30
152331	31
152331	32
152331	33
152331	47
152331	54
152331	85
152331	105
152331	110
152331	111
154558	12
154558	19
154558	21
154558	25
154558	26
154558	27
154558	38
154558	77
154558	79
154558	80
154558	81
154558	83
154558	84
154558	85
154558	86
154558	101
154558	106
154558	110
154558	115
154558	116
154558	119
155063	939
155063	980
155063	1394
155063	144
158890	78
158890	119
158890	130
158890	131
158890	167
158890	169
158890	172
158890	174
158890	191
158890	199
158890	211
158890	224
158890	257
158890	288
159912	30
159912	31
159912	37
159912	39
159912	41
159912	43
159912	49
159912	50
159912	56
159912	58
159912	59
159912	61
159912	64
159912	66
159912	72
159912	77
159912	79
159912	83
159912	87
159912	89
159912	91
159912	98
159912	100
159912	101
159912	102
159912	112
159912	113
159912	115
159912	119
159912	120
159912	124
159912	125
159912	130
159912	132
159912	136
159912	141
159912	144
159912	148
159912	149
159912	151
159912	153
159912	160
159912	161
159912	173
159912	174
159912	190
159912	201
159912	206
159912	223
159912	260
159912	278
160024	61
160024	69
160024	96
160024	99
160024	100
160024	101
160024	123
160024	125
160024	129
160024	131
160024	138
160024	173
160024	188
160024	191
160024	193
160024	197
160024	273
161106	13
161106	16
161106	17
161106	18
161106	19
161106	20
161106	21
161106	25
161106	26
161106	27
161106	30
161106	41
161106	42
161106	47
161106	49
161106	51
161106	52
161106	54
161106	55
161106	57
161106	59
161106	60
161106	61
161106	62
161106	63
161106	66
161106	67
161106	69
161106	76
161106	77
161106	81
161106	83
161106	84
161106	85
161106	91
161106	97
161106	102
161106	103
161106	107
161106	108
161106	115
161106	117
161106	118
161106	124
161106	126
161106	130
161106	131
161106	135
161106	137
161106	138
161106	140
161106	143
161106	144
161106	145
161106	146
161106	149
161333	101
161333	105
161333	108
161333	110
161333	111
161333	115
161333	124
161333	125
161333	126
161333	130
161333	131
161333	134
161333	135
161333	136
161333	137
161333	141
161333	142
161333	143
161333	144
161333	147
161333	148
161333	149
161333	154
161333	156
161333	157
161333	161
161333	162
161333	164
161333	165
161333	171
161333	175
161541	33
161541	48
161541	66
161541	94
161541	103
161541	109
161541	113
161541	141
161541	142
161541	149
161541	174
161541	209
161541	210
163175	2049
163175	54
163175	55
163175	56
163175	57
163175	63
163175	65
163175	68
163175	80
163175	91
163175	92
163175	96
163175	97
163175	99
163175	104
163175	105
163175	109
163175	110
163175	112
163175	114
163175	116
163175	117
163175	119
163175	120
163175	123
163175	124
163175	125
163175	126
163175	140
163175	148
163175	153
163175	156
163175	162
163175	163
163175	165
163175	169
163175	172
163175	173
163175	174
163175	186
163175	194
163175	201
163727	123
163727	124
163727	130
163727	139
163727	169
163727	174
163727	177
164644	44
164644	54
164644	67
164644	114
164644	124
164644	133
164644	141
164644	142
164644	151
164644	223
164644	260
164644	267
165054	119
165054	120
165054	121
165054	124
165054	130
165054	167
165054	168
165054	169
165054	172
165054	174
165054	239
165054	255
165054	260
165054	278
165054	288
167435	105
167435	120
167435	123
167435	161
167435	242
167649	12
167649	26
167649	30
167649	31
167649	32
167649	33
167649	34
167649	35
167649	40
167649	47
167649	49
167649	54
167649	55
167649	59
167649	60
167649	61
167649	63
167649	67
167649	72
167649	73
167649	76
167649	79
167649	81
167649	83
167649	84
167649	87
167649	89
167649	90
167649	91
167649	96
167649	97
167649	101
167649	102
167649	103
167649	105
167649	108
167649	110
167649	112
167649	115
167649	122
167649	125
167649	126
167649	130
167649	131
169665	16
169665	17
169665	19
169665	20
169665	21
169665	23
169665	26
169665	29
169665	31
169665	32
169665	33
169665	35
169665	41
169665	42
169665	43
169665	44
169665	45
169665	46
169665	47
169665	50
169665	52
169665	54
169665	55
169665	57
169665	59
169665	60
169665	62
169665	64
169665	66
169665	69
169665	76
169665	78
169665	79
169665	80
169665	87
169665	93
169665	100
169665	101
169665	102
169665	117
172863	47
172863	48
172863	49
172863	51
172863	55
172863	81
172863	84
172863	85
172863	87
172863	91
172863	94
172863	95
172863	97
172863	98
172863	100
172863	101
172863	102
172863	105
172863	109
172863	117
172863	119
172863	120
172863	135
172863	136
172863	140
172863	142
172863	143
172863	150
172863	155
172863	156
172863	157
172863	161
172863	172
172863	186
172863	193
172863	278
172863	335
175937	45
175937	58
175937	61
175937	73
175937	77
175937	79
175937	82
175937	87
175937	88
175937	95
175937	102
175937	113
175937	118
175937	130
175937	133
175937	137
175937	140
175937	143
175937	153
175937	169
175937	174
175937	186
175937	194
175937	279
176333	33
176333	39
176333	48
176333	68
176333	83
176333	84
176333	85
176333	106
176333	109
176333	112
176333	124
176333	125
176333	130
176333	132
176333	140
176333	141
176333	147
176333	148
176333	155
176333	156
176333	174
176333	193
176333	236
176333	267
178196	114
178196	124
178196	130
178196	140
178196	152
178196	153
178196	156
178196	160
178196	174
178196	199
178196	260
178196	383
182008	65
182008	70
182008	88
182008	113
182008	128
182008	130
182008	139
182008	210
182008	251
182883	59
182883	67
182883	73
182883	78
182883	80
182883	81
182883	85
182883	89
182883	91
182883	98
182883	99
182883	102
182883	103
182883	106
182883	111
182883	115
182883	116
182883	123
182883	130
182883	134
182883	135
182883	136
182883	137
182883	145
182883	147
182883	157
182883	161
182883	165
182883	166
182883	171
182883	181
182883	183
184695	52
184695	77
184695	89
184695	91
184695	120
184695	130
184695	144
184695	174
184695	260
185072	93
185072	109
185072	114
185072	123
185072	142
185072	174
185072	199
185072	210
187049	19
187049	33
187049	37
187049	39
187049	44
187049	48
187049	52
187049	59
187049	61
187049	64
187049	66
187049	67
187049	68
187049	69
187049	70
187049	73
187049	77
187049	79
187049	80
187049	81
187049	82
187049	84
187049	86
187049	87
187049	88
187049	89
187049	91
187049	92
187049	93
187049	99
187049	102
187049	103
187049	104
187049	105
187049	106
187049	108
187049	109
187049	110
187049	111
187049	112
187049	113
187049	114
187049	115
187049	116
187049	117
187049	118
187049	120
187049	121
187049	122
187049	123
187049	124
187049	125
187049	126
187049	128
187049	129
187049	130
187049	136
187049	139
187049	142
187049	143
187049	144
187049	146
187049	148
187049	151
187049	152
187049	153
187049	156
187049	161
187049	162
187049	163
187049	174
187049	180
187049	267
187049	278
188222	69
188222	114
188222	144
188222	167
188222	169
188718	1675
188718	58
188718	65
188718	74
188718	120
188718	147
188718	180
188724	68
188724	99
188724	121
188724	130
188724	139
188724	154
188724	167
188724	199
188948	114
188948	120
188948	124
188948	126
188948	142
188948	156
188948	161
188948	186
189288	102
189288	109
189288	112
189288	119
189288	121
189288	123
189288	130
189288	140
189288	152
189288	169
189288	174
189288	177
189978	37
189978	40
189978	41
189978	42
189978	54
189978	55
189978	56
189978	63
189978	73
189978	76
189978	78
189978	79
189978	80
189978	81
189978	85
189978	89
189978	93
189978	102
189978	108
189978	110
189978	112
189978	122
189978	173
191503	30
191503	33
191503	88
191503	101
191503	104
191503	153
191503	154
191503	163
191902	109
191902	143
191902	152
191902	199
191902	210
192992	42
192992	43
192992	44
192992	45
192992	47
192992	51
192992	52
192992	55
192992	56
192992	57
192992	58
192992	59
192992	76
192992	80
192992	81
192992	83
192992	85
192992	87
192992	92
192992	95
192992	100
192992	103
192992	105
192992	107
192992	108
192992	110
192992	111
192992	112
192992	113
192992	114
192992	117
192992	118
192992	119
192992	130
192992	140
192992	146
192992	160
192992	170
194952	19
194952	33
194952	101
194952	104
194952	105
194952	111
194952	114
194952	116
194952	120
194952	121
194952	123
194952	124
194952	128
194952	129
194952	133
194952	139
194952	145
194952	163
194952	166
194952	188
194952	199
194952	210
198256	61
198256	99
198256	140
199007	19
199007	21
199007	25
199007	27
199007	28
199007	29
199007	32
199007	33
199007	41
199007	56
199007	61
199007	76
199007	108
199007	115
199007	160
199069	83
199069	173
199339	48
200126	40
200126	67
200126	101
200126	117
200126	120
200126	123
200126	124
200126	130
200126	161
200126	168
200126	174
200126	223
200126	260
200665	130
200665	139
200665	199
201865	33
201865	43
201865	123
201865	141
201865	144
203295	1942
203295	77
203295	94
203295	168
203295	169
203295	172
203295	194
203506	105
203506	120
203506	235
204895	155
206404	42
206404	45
206404	59
206404	66
206404	77
206404	83
206404	89
206404	98
206404	109
206404	113
206404	114
206404	119
206404	126
206404	141
206404	151
206404	152
206404	161
206404	173
206404	174
206404	194
206404	209
206404	231
206404	260
206557	114
206557	118
206557	123
206557	125
206557	127
208070	54
208070	83
208070	120
208070	139
208070	152
208070	210
208598	68
208598	88
208598	107
208598	126
208598	169
208598	174
208598	199
208598	288
209308	83
209308	93
209308	104
209308	109
209308	112
209308	113
209308	114
209308	120
209308	123
209308	124
209308	126
209308	128
209308	130
209308	133
209308	139
209308	142
209308	152
209308	159
209308	161
209308	168
209308	174
209308	191
209308	199
209308	210
209308	211
209308	215
209308	223
209308	224
209308	251
209308	255
209308	260
209308	266
209308	286
209308	389
209375	33
209375	61
209375	139
209375	140
211747	84
211747	103
211747	130
211747	140
211825	58
211825	59
213035	120
213035	130
213035	146
213035	152
213035	194
213035	235
213035	249
213035	257
213035	260
214461	104
214461	105
214461	120
214461	139
214461	142
214461	239
215493	702
215493	38
215493	39
215493	45
215493	47
215493	49
215493	52
215493	55
215493	57
215493	59
215493	61
215493	64
215493	67
215493	68
215493	72
215493	75
215493	76
215493	86
215493	92
215493	97
215493	100
215493	101
215493	103
215493	105
215493	108
215493	123
215493	124
215493	125
215493	143
215493	156
215493	174
215493	194
215493	199
215493	248
216738	45
216738	94
216738	193
217248	50
217248	120
217248	121
217248	153
217248	210
217248	231
217814	57
217814	109
217814	119
217814	121
217814	130
217814	143
217814	144
217814	147
217814	152
217814	169
217814	172
217814	173
217814	194
217814	255
217814	286
219202	44
219202	56
219202	83
219202	101
219202	104
219202	109
219202	125
219202	127
219202	128
219202	156
219202	163
219202	205
219202	223
219202	251
219202	370
219202	521
219369	79
219369	161
219516	15
219516	17
219516	18
219516	19
219516	20
219516	21
219516	22
219516	25
219516	30
219516	32
219516	33
219516	37
219516	38
219516	42
219516	43
219516	44
219516	46
219516	47
219516	48
219516	50
219516	52
219516	54
219516	55
219516	58
219516	59
219516	62
219516	67
219516	68
219516	69
219516	71
219516	76
219516	77
219516	80
219516	81
219516	84
219516	85
219516	87
219516	90
219516	91
219516	93
219516	96
219516	97
219516	101
219516	102
219516	105
219516	108
219516	110
219516	111
219516	115
219516	124
219516	125
219516	162
219516	181
219516	183
219516	187
219516	189
219516	211
219516	213
219516	214
219516	215
219719	61
219719	94
219719	103
219719	128
219719	174
219719	199
219719	210
221564	130
221564	174
221564	191
221564	223
221746	45
221746	69
221746	91
221746	93
221746	97
221746	109
221746	111
221746	113
221746	114
221746	124
221746	128
221746	130
221746	136
221746	143
221746	146
221746	149
221746	155
221746	169
221746	174
221746	194
221746	255
222886	96
222886	97
222886	105
222886	114
222886	119
222886	120
222886	124
222886	126
222886	136
222886	146
222886	149
222886	156
222886	161
222886	165
222886	174
222886	186
222886	190
222886	193
222886	194
222886	199
222886	210
222886	236
222886	260
222886	322
222886	366
222886	389
224073	83
224073	109
224073	113
224073	120
224661	61
224661	66
224661	94
224661	102
224661	109
224661	139
224661	146
224661	147
224661	167
224661	190
224661	288
225204	66
225204	83
225204	102
225204	109
225204	130
225204	133
225204	174
225204	256
226264	810
226264	52
226264	91
226264	92
226264	112
226264	119
226264	120
226264	121
226264	141
226264	151
226264	168
226264	177
227249	1651
227249	1879
227249	39
227249	42
227249	50
227249	52
227249	54
227249	65
227249	98
227249	100
227249	111
227249	153
227249	160
227249	530
228053	1942
228053	93
228053	105
228053	115
228053	123
228053	128
228053	130
228053	139
228053	172
230291	49
230291	70
230291	82
230291	83
230291	85
230291	92
230291	102
230291	109
230291	130
230291	148
230291	152
230291	167
230291	174
230291	260
231583	91
231583	108
231583	112
231583	124
231583	173
231583	199
232511	49
232511	102
232511	112
232511	114
232511	118
232511	123
232511	124
232511	141
232511	144
232511	174
233252	153
233739	929
233739	115
233739	139
233739	169
233739	190
233739	199
236270	1802
236270	1942
236270	30
236270	67
236270	77
236270	112
236270	113
236270	120
236270	124
236270	126
236270	174
236493	109
236493	114
236493	119
236493	120
236493	123
236493	124
236493	144
236493	159
236493	168
236493	169
236493	172
236493	194
236493	199
236493	236
236493	255
236493	260
236493	288
237810	45
237810	63
237810	66
237810	67
237810	80
237810	93
237810	100
237810	103
237810	106
237810	109
237810	113
237810	124
237810	125
237810	132
237810	146
237810	147
237810	148
237810	153
237810	161
237810	174
237810	177
237810	182
237810	222
240042	91
240042	98
240042	109
240229	109
240229	132
240229	142
240229	156
240229	182
240229	251
241441	49
241441	86
241441	93
241441	102
241441	103
241441	108
241441	112
241441	113
241441	118
241441	124
241441	130
241441	140
241441	141
241441	169
241441	174
241441	199
241441	223
241441	267
242159	35
242159	37
242159	38
242159	41
242159	42
242159	43
242159	46
242159	49
242159	50
242159	52
242159	53
242159	54
242159	55
242159	58
242159	60
242159	61
242159	62
242159	73
242159	74
242159	75
242159	76
242159	77
242159	78
242159	79
242159	81
242159	84
242159	85
242159	86
242159	87
242159	89
242159	90
242159	91
242159	96
242159	97
242159	98
242159	99
242159	100
242159	101
242159	102
242159	106
242159	110
242159	111
242159	115
242159	117
242159	122
242159	125
242159	130
242159	134
242159	135
242159	136
242159	137
242159	140
242159	143
242159	145
242159	146
242159	147
242159	148
242159	149
242159	150
242159	161
242159	164
242159	166
242159	174
242159	175
242159	190
242159	260
242159	267
242159	438
243236	66
243236	130
243236	139
243236	140
243236	152
243236	161
243236	210
243236	267
246132	15
246132	16
246132	17
246132	20
246132	23
246132	25
246132	27
246132	29
246132	31
246132	34
246132	44
246132	46
246132	48
246132	49
246132	50
246132	54
246132	55
246132	60
246132	62
246132	63
246132	64
246132	67
246132	80
246132	81
246132	84
246132	91
246132	96
246132	97
246132	98
246132	102
246132	103
246132	106
246132	117
246132	124
246132	125
246132	126
246632	30
246632	41
246632	52
246632	54
246632	55
246632	66
246632	67
246632	73
246632	79
246632	83
246632	87
246632	89
246632	93
246632	102
246632	103
246632	108
246632	115
246632	126
246632	130
246632	135
246632	136
246632	140
246632	150
246632	154
246632	169
246632	170
246632	174
246632	199
246632	236
246632	260
246632	267
248665	35
248665	45
248665	109
248665	114
248755	77
248755	98
248755	109
248755	177
251084	59
251084	66
251084	68
251084	73
251084	77
251084	78
251084	80
251084	83
251084	91
251084	92
251084	93
251084	94
251084	95
251084	97
251084	99
251084	103
251084	105
251084	106
251084	109
251084	114
251084	119
251084	121
251084	123
251084	124
251084	126
251084	129
251084	130
251084	132
251084	133
251084	135
251084	136
251084	137
251084	138
251084	140
251084	142
251084	144
251084	146
251084	147
251084	149
251084	150
251084	152
251084	154
251084	155
251084	156
251084	158
251084	160
251084	162
251084	167
251084	169
251084	170
251084	171
251084	172
251084	173
251084	174
251084	175
251084	176
251084	177
251084	178
251084	179
251084	181
251084	182
251084	188
251084	190
251084	191
251084	193
251084	194
251084	199
251084	200
251084	201
251084	205
251084	210
251084	214
251084	215
251084	216
251084	222
251084	223
251084	236
251084	239
251084	242
251084	246
251084	251
251084	255
251084	259
251084	260
251084	267
251084	269
251084	279
251084	286
251084	288
251084	317
251084	364
251084	366
251084	389
251084	400
251084	401
251084	421
251407	87
251407	112
251407	113
251407	114
251407	130
251407	140
251407	141
251407	142
251407	152
251407	174
251940	37
251940	68
251940	77
251940	128
251940	140
251940	144
252984	75
252984	87
252984	89
252984	91
252984	92
252984	95
252984	109
252984	111
252984	121
252984	124
252984	139
252984	142
252984	146
252984	147
252984	153
252984	162
252984	163
252984	171
252984	180
252984	210
252984	216
252984	251
254673	31
254673	33
254673	40
254673	44
254673	48
254673	67
254673	88
254673	101
254673	107
254673	115
254673	166
254673	180
254673	206
255195	49
255195	54
255195	55
255195	59
255195	60
255195	61
255195	67
255195	79
255195	108
255195	112
255195	114
255195	118
255195	119
255195	120
255195	121
255195	124
255195	125
255195	130
255195	140
255195	142
255195	143
255195	146
255195	155
255195	161
255195	169
255195	174
255195	176
255195	180
255195	194
255195	199
255195	223
255195	231
255195	236
255195	246
255195	260
255195	267
255195	278
255195	366
255377	82
255377	247
255377	251
255693	107
255693	108
255693	110
255693	113
255693	114
255693	115
255693	132
255693	134
255693	137
255693	146
255693	147
255693	170
255693	183
255693	184
255693	202
255693	306
255961	30
255961	33
255961	76
255961	116
255961	119
255961	121
255961	130
255961	139
255961	142
255961	144
255961	168
255961	172
255961	194
255961	288
256126	82
256126	85
256126	123
256126	141
256126	168
256126	172
256126	174
258734	121
258734	124
258734	130
258734	236
259847	81
259847	135
259847	137
259847	142
259847	167
259847	172
259847	223
259847	267
259952	30
259952	31
259952	35
259952	39
259952	40
259952	42
259952	45
259952	49
259952	56
259952	64
259952	65
259952	74
259952	79
259952	80
259952	82
259952	84
259952	85
259952	89
259952	109
259952	115
259952	116
259952	119
259952	123
259952	128
259952	132
259952	133
259952	139
259952	141
259952	142
259952	148
259952	153
259952	180
259952	190
259952	206
259952	210
259952	278
259952	389
261982	139
261982	169
262445	109
262445	112
262445	118
262445	130
262445	152
262445	174
262445	185
262726	61
262726	142
262726	172
262726	260
263454	77
263454	104
263454	110
263454	116
263454	130
263454	139
263454	144
263454	145
263856	80
263856	81
263856	83
263856	84
263856	85
263856	87
263856	91
263856	96
263856	100
263856	102
263856	108
263856	110
263856	112
263856	115
263856	116
263856	126
263856	135
263856	137
263856	142
263856	145
263856	146
263856	148
264025	120
264025	123
264025	130
264025	161
264025	167
264025	169
264025	172
264025	174
264025	194
264025	199
264025	236
264025	288
264090	19
264090	30
264090	31
264090	38
264090	40
264090	43
264090	46
264090	50
264090	59
264090	92
264135	77
264135	81
264135	93
264135	94
264135	95
264135	96
264135	97
264135	103
264135	105
264135	106
264135	114
264135	119
264135	121
264135	123
264135	124
264135	126
264135	129
264135	130
264135	132
264135	135
264135	136
264135	137
264135	138
264135	139
264135	140
264135	142
264135	146
264135	147
264135	149
264135	150
264135	152
264135	154
264135	155
264135	156
264135	158
264135	161
264135	164
264135	165
264135	167
264135	169
264135	170
264135	171
264135	172
264135	174
264135	175
264135	176
264135	178
264135	181
264135	182
264135	186
264135	188
264135	190
264135	191
264135	193
264135	194
264135	199
264135	200
264135	201
264135	209
264135	210
264135	214
264135	215
264135	216
264135	222
264135	223
264135	236
264135	246
264135	251
264135	255
264135	259
264135	260
264135	267
264135	269
264135	279
264135	286
264135	288
264135	317
264135	322
264135	366
264135	389
264135	401
264490	33
264490	41
264490	43
264490	48
264490	109
264490	122
264490	141
264490	144
264490	153
264490	163
266031	124
266031	159
266031	161
266031	169
266356	39
266837	77
266837	114
266837	130
266837	133
266837	139
266837	167
266837	169
266837	172
266837	173
266837	185
266837	223
266837	267
267590	43
267590	61
267590	144
267783	65
267783	104
268762	45
268762	74
268762	137
268762	179
268891	93
268891	102
268891	109
268891	114
268891	130
268891	139
268891	152
268891	169
268891	172
268891	174
268891	185
268891	260
268991	54
268991	55
268991	114
268991	120
268991	121
268991	123
268991	124
268991	130
268991	133
268991	139
268991	168
268991	169
268991	174
268991	194
268991	199
268991	260
268991	288
269720	92
269720	105
269720	120
269720	123
269720	124
269720	130
269720	152
269720	155
269720	161
269720	162
269720	168
269720	174
269720	210
269720	223
269720	260
271089	40
271089	56
271089	68
271089	88
271089	139
271089	147
271089	206
271966	16
271966	37
271966	40
271966	65
271966	83
271966	87
271966	88
271966	89
271966	100
271966	117
271966	128
271966	139
271966	145
271966	163
271966	186
271966	201
271966	206
271976	56
271976	68
271976	114
271976	130
271976	133
271976	151
271976	174
271976	199
271976	222
271976	236
271976	255
272179	64
272179	66
272179	68
272179	77
272179	84
272179	112
272179	126
272179	144
272179	148
272179	151
272179	155
272179	177
272805	61
272805	77
272805	115
272805	199
273258	104
273258	163
273258	251
273691	39
273691	45
273691	54
273691	56
273691	57
273691	58
273691	65
273691	66
273691	68
273691	73
273691	80
273691	98
273691	102
273691	103
273691	104
273691	109
273691	113
273691	114
273691	115
273691	116
273691	118
273691	120
273691	123
273691	126
273691	128
273691	130
273691	131
273691	139
273691	148
273691	152
273691	153
273691	156
273691	161
273691	169
273691	174
273691	180
273691	210
273691	231
273691	251
273691	260
273691	270
274161	1251
274161	1316
274161	1373
274161	33
274161	76
274161	83
274161	93
274161	139
274161	169
274161	199
274161	236
274161	455
275246	33
275246	39
275246	41
275246	42
275246	94
275246	152
275246	153
275246	169
275246	231
276034	89
276034	93
276034	114
276034	115
276034	121
276034	123
276034	124
276034	128
276034	139
276034	142
276034	152
276034	156
276034	169
276034	171
276034	174
276034	194
276034	199
276034	223
276034	231
276034	267
277439	1704
277439	113
278559	47
278559	59
278559	67
278559	68
278559	69
278559	78
278559	83
278559	84
278559	91
278559	105
278559	110
278559	111
278559	116
278559	123
278559	136
278559	140
278559	142
278559	145
278559	148
278559	149
278559	156
278559	160
278559	162
278559	170
278559	176
278559	193
278559	201
278559	222
278559	246
278559	255
278559	401
281734	37
281734	42
281734	43
281734	46
281734	47
281734	50
281734	51
281734	52
281734	55
281734	58
281734	67
281734	71
281734	72
281734	76
281734	83
281734	85
281734	97
281734	100
281734	101
281734	102
281734	107
281734	108
281734	110
281734	111
281734	112
281734	115
281734	118
281734	121
281734	123
281734	125
281734	129
281734	130
281734	141
281734	143
282486	114
282486	120
282486	128
284565	109
284565	114
284565	120
284565	123
284565	124
284565	141
284565	260
290703	33
290703	113
290703	114
290703	130
290703	167
290703	172
290977	35
290977	43
290977	44
290977	59
290977	77
290977	78
290977	87
290977	88
290977	89
290977	93
290977	101
290977	104
290977	105
290977	109
290977	113
290977	114
290977	119
290977	123
290977	124
290977	128
290977	130
290977	139
290977	141
290977	143
290977	144
290977	152
290977	153
290977	163
290977	166
290977	174
290977	180
290977	223
290977	251
290977	255
290977	260
292663	17
292663	26
292663	30
292663	37
292663	39
292663	40
292663	44
292663	48
292663	49
292663	59
292663	61
292663	62
292663	66
292663	73
292663	74
292663	77
292663	78
292663	82
292663	83
292663	85
292663	89
292663	92
292663	93
292663	99
292663	100
292663	102
292663	105
292663	106
292663	109
292663	112
292663	114
292663	115
292663	116
292663	118
292663	119
292663	122
292663	126
292663	132
292663	134
292663	139
292663	140
292663	141
292663	142
292663	148
292663	152
292663	156
292663	162
292663	206
292663	236
294461	196
296242	61
296242	91
296242	160
296244	30
296244	33
296244	52
296244	62
296244	77
296244	98
296244	119
296244	130
296244	140
296244	144
296244	167
296244	177
296244	231
297061	37
297061	59
297061	78
297061	85
297061	120
297061	136
297061	153
297061	156
297623	138
297623	139
297623	142
297623	167
297623	172
297623	251
298825	65
298825	120
298825	174
299210	33
299210	37
299210	70
299210	78
299210	80
299210	82
299210	85
299210	92
299210	93
299210	112
299210	118
299210	120
299210	130
299210	155
299210	174
299210	175
299210	177
299884	82
299884	85
299884	97
299884	114
299884	119
299884	124
299884	128
299884	130
299884	136
299884	142
299884	150
299884	169
299884	193
299884	194
299884	199
299884	201
299884	209
299884	222
299884	223
299884	236
299884	366
299884	389
300562	12
300562	13
300562	14
300562	15
300562	16
300562	18
300562	19
300562	21
300562	25
300562	28
300562	31
300562	35
300562	41
300562	46
300562	52
300562	54
300562	55
300562	57
300562	62
300562	63
300562	67
300562	69
300562	73
300562	81
300562	85
300562	92
300562	97
300562	98
300562	99
300562	102
300562	103
300562	106
300562	108
300562	117
300562	135
300562	140
301487	48
301487	105
301487	109
301487	112
301487	120
301487	121
301487	139
301487	161
301487	174
301487	177
301487	255
301487	288
302110	37
302110	38
302110	40
302110	41
302110	42
302110	43
302110	44
302110	46
302110	48
302110	52
302110	54
302110	55
302110	56
302110	58
302110	59
302110	61
302110	64
302110	67
302110	71
302110	73
302110	76
302110	77
302110	79
302110	80
302110	81
302110	87
302110	96
302110	101
302110	102
302110	108
302110	110
302110	111
302110	112
302110	117
302110	119
302110	123
302110	124
302110	125
302110	126
302110	131
302110	134
302110	135
302110	140
302110	141
302110	146
302488	13
302488	19
302488	25
302488	30
302488	34
302488	40
302488	44
302488	49
302488	50
302488	59
302488	63
302488	64
302488	67
302488	71
302488	72
302488	74
302488	76
302488	78
302488	81
302488	84
302488	85
302488	90
302488	91
302488	123
302645	1993
302645	61
302645	77
302645	83
302645	91
302645	114
302645	124
302645	130
302645	144
302645	161
302645	257
303269	76
303269	79
303269	89
303269	94
303269	126
303269	139
303269	141
303269	142
303269	173
303269	193
305182	21
305182	33
305182	44
305182	45
305182	57
305182	72
305182	75
305182	76
305182	80
305182	81
305182	84
305182	86
305182	91
305182	100
305182	108
305182	110
306282	54
306282	59
306282	66
306282	77
306282	78
306282	79
306282	83
306282	93
306282	94
306282	98
306282	99
306282	102
306282	103
306282	104
306282	106
306282	108
306282	109
306282	117
306282	120
306282	124
306282	125
306282	128
306282	130
306282	136
306282	137
306282	139
306282	140
306282	142
306282	144
306282	146
306282	148
306282	149
306282	152
306282	156
306282	162
306282	163
306282	168
306282	169
306282	170
306282	171
306282	172
306282	173
306282	175
306282	176
306282	177
306282	178
306282	182
306282	191
306282	193
306282	199
306282	200
306282	209
306282	210
306282	216
306282	223
306282	236
306282	251
306282	255
306282	260
306282	267
306282	288
306282	366
306282	401
306688	37
306688	45
306688	54
306688	58
306688	67
306688	79
306688	94
306688	113
306688	118
306688	123
306688	124
306688	125
306688	130
306688	131
306688	174
306688	199
306688	209
306688	260
306688	267
307201	12
307201	13
307201	15
307201	16
307201	17
307201	18
307201	19
307201	21
307201	23
307201	25
307201	29
307201	32
307201	35
307201	37
307201	43
307201	44
307201	46
307201	49
307201	50
307201	52
307201	54
307201	55
307201	59
307201	60
307201	62
307201	64
307201	67
307201	68
307201	69
307201	71
307201	80
307201	81
307201	84
307201	85
307201	87
307201	91
307201	96
307201	97
307201	98
307201	99
307201	101
307201	102
307201	105
307201	106
307201	107
307201	110
307201	112
307201	139
307706	86
307706	105
307706	123
307706	133
307706	139
307706	161
307706	179
307706	199
307706	223
307706	231
307706	236
308453	35
308453	37
308453	38
308453	40
308453	41
308453	44
308453	46
308453	49
308453	52
308453	54
308453	55
308453	58
308453	61
308453	64
308453	77
308453	79
308453	96
308453	97
308453	101
308453	102
308453	106
308453	108
308453	110
308453	123
308453	131
308453	135
308453	140
308453	143
308453	146
308834	16
308834	17
308834	19
308834	20
308834	21
308834	22
308834	28
308834	30
308834	31
308834	32
308834	33
308834	37
308834	38
308834	39
308834	40
308834	41
308834	42
308834	43
308834	44
308834	46
308834	47
308834	48
308834	49
308834	51
308834	52
308834	58
308834	60
308834	64
308834	67
308834	71
308834	76
308834	86
308834	87
308834	102
308834	108
308834	112
308834	113
308834	114
308834	118
308834	131
308834	134
308834	135
308834	136
308834	141
309162	97
309162	101
309162	114
309162	124
309162	130
309162	139
309162	152
309162	161
309162	167
309162	168
309162	169
309162	174
309162	188
309162	191
309162	194
309162	199
309162	223
309162	236
309162	251
309162	260
309162	288
309926	45
309926	93
309926	114
309926	119
309926	120
309926	121
309926	130
309926	154
309926	167
309926	169
309926	183
309926	194
309926	199
309926	235
309926	249
309926	385
310354	19
310354	26
310354	30
310354	31
310354	33
310354	35
310354	37
310354	39
310354	40
310354	41
310354	42
310354	43
310354	44
310354	46
310354	48
310354	49
310354	50
310354	52
310354	55
310354	57
310354	58
310354	59
310354	60
310354	64
310354	67
310354	68
310354	72
310354	73
310354	76
310354	77
310354	78
310354	79
310354	80
310354	81
310354	83
310354	84
310354	85
310354	86
310354	87
310354	91
310354	92
310354	93
310354	95
310354	96
310354	97
310354	98
310354	99
310354	100
310354	101
310354	102
310354	103
310354	105
310354	106
310354	107
310354	108
310354	109
310354	110
310354	111
310354	112
310354	113
310354	114
310354	115
310354	116
310354	117
310354	118
310354	119
310354	121
310354	122
310354	123
310354	124
310354	125
310354	126
310354	129
310354	130
310354	131
310354	135
310354	136
310354	137
310354	138
310354	142
310354	143
310354	144
310354	145
310354	146
310354	148
310354	149
310354	150
310354	152
310354	153
310354	154
310354	155
310354	156
310354	157
310354	160
310354	161
310354	162
310354	165
310354	166
310354	174
310354	177
310354	180
310354	186
310354	206
310354	209
310354	210
310354	267
310354	278
310461	30
310461	61
310461	122
310461	141
310499	139
312108	61
312108	67
312108	109
312108	120
312108	124
312108	130
312108	139
312108	174
312108	177
312108	518
312497	32
312497	33
312497	34
312497	35
312497	38
312497	39
312497	40
312497	41
312497	42
312497	43
312497	44
312497	45
312497	46
312497	48
312497	49
312497	50
312497	52
312497	53
312497	54
312497	55
312497	57
312497	58
312497	64
312497	67
312497	72
312497	73
312497	76
312497	77
312497	78
312497	80
312497	81
312497	84
312497	85
312497	87
312497	89
312497	90
312497	91
312497	92
312497	96
312497	97
312497	99
312497	100
312497	103
312497	106
312497	108
312497	110
312497	113
312497	114
312497	115
312497	117
312497	126
312497	130
312497	131
312497	136
312497	138
312497	140
312497	142
312497	143
312497	144
312497	145
312497	148
312497	169
312497	172
312497	278
313893	105
313893	142
313893	146
313893	165
313893	193
313893	260
313893	389
314302	45
314302	58
314302	124
314302	131
314302	140
314302	141
315749	130
316528	58
316528	74
316528	77
316528	78
316528	83
316528	92
316528	139
316528	144
316528	172
316528	173
316528	260
316528	400
318503	66
318503	68
318503	78
318503	81
318503	83
318503	91
318503	92
318503	95
318503	96
318503	109
318503	126
318503	128
318503	133
318503	150
318503	159
318503	160
318503	168
318503	169
318503	173
318503	175
318503	177
318503	209
318503	246
318503	255
318503	322
318518	120
318518	123
318518	124
318518	139
318518	167
318518	169
318518	187
318518	194
318518	216
318518	236
318518	257
318518	260
318518	264
318993	66
318993	94
318993	103
318993	105
318993	106
318993	120
318993	124
318993	126
318993	129
318993	132
318993	133
318993	135
318993	140
318993	148
318993	149
318993	152
318993	156
318993	160
318993	161
318993	164
318993	165
318993	168
318993	169
318993	174
318993	176
318993	177
318993	178
318993	182
318993	193
318993	194
318993	209
318993	223
318993	236
318993	400
319194	32
319194	33
319194	39
319194	97
319194	120
319194	161
320537	27
320537	29
320537	32
320537	33
320537	38
320537	41
320537	42
320537	43
320537	44
320537	46
320537	47
320537	66
320537	76
320537	84
320537	93
320537	95
320537	97
320537	100
320537	103
320537	107
320537	108
320537	110
320537	113
320537	115
320537	116
320537	135
321036	79
321036	87
321036	91
321036	114
321036	118
321036	123
321036	124
321036	129
321036	130
321036	131
321036	174
321036	260
321036	267
321235	30
321235	61
321235	83
321235	109
321235	133
321235	142
321346	59
321346	126
321348	114
321348	120
321348	123
321348	130
321491	88
321491	93
321491	101
321491	104
321491	117
321491	118
321491	128
321491	139
321491	223
322216	51
322216	67
322216	71
322216	72
322216	74
322216	75
322216	76
322216	79
322216	85
322216	86
322216	87
322216	100
322216	101
322216	102
322216	108
322216	110
322216	115
322216	119
322216	125
322216	131
322216	143
322216	145
322216	165
322216	166
322216	173
322216	180
322216	193
322465	40
322465	41
322465	42
322465	46
322465	61
322465	108
322465	130
322531	43
322531	58
322531	61
322531	65
322531	66
322531	73
322531	74
322531	77
322531	78
322531	79
322531	83
322531	84
322531	85
322531	86
322531	90
322531	93
322531	95
322531	96
322531	97
322531	116
322531	117
322531	120
322531	122
322531	128
322531	129
322531	132
322531	144
322531	156
322531	177
324280	51
324280	66
324280	113
324280	120
324280	121
324280	124
324280	130
324280	142
324280	161
324280	169
324280	172
324280	174
324280	199
324280	231
324280	260
324280	288
325823	83
325823	130
325823	194
326002	109
326002	130
326002	169
326002	194
326002	288
326768	39
326768	87
326768	104
326768	117
326768	128
326768	135
326768	141
326768	142
326768	153
326768	163
326768	193
326915	55
326915	120
326915	199
326915	255
326915	257
327130	30
327130	31
327130	33
327130	35
327130	37
327130	39
327130	41
327130	42
327130	43
327130	45
327130	48
327130	49
327130	50
327130	54
327130	56
327130	57
327130	58
327130	60
327130	63
327130	66
327130	67
327130	69
327130	73
327130	78
327130	79
327130	80
327130	83
327130	84
327130	85
327130	87
327130	89
327130	92
327130	94
327130	98
327130	99
327130	100
327130	102
327130	103
327130	106
327130	108
327130	109
327130	111
327130	116
327130	118
327130	119
327130	122
327130	123
327130	126
327130	130
327130	131
327130	132
327130	133
327130	134
327130	135
327130	136
327130	140
327130	141
327130	142
327130	144
327130	145
327130	146
327130	149
327130	151
327130	153
327130	154
327130	157
327130	160
327130	165
327130	173
327130	174
327130	180
327130	186
327130	193
327130	209
327130	210
327130	267
327999	139
329126	92
330387	39
330387	59
330387	120
330387	123
330387	133
330407	66
330407	77
330407	83
330407	93
330407	94
330407	103
330407	106
330407	114
330407	119
330407	124
330407	126
330407	130
330407	132
330407	174
330407	177
330407	194
330407	223
332101	45
332101	61
332101	130
332101	169
332101	174
332101	199
332204	66
332204	153
332204	167
332204	169
332204	172
332204	216
332346	31
332346	32
332346	33
332346	38
332346	39
332346	40
332346	41
332346	42
332346	47
332346	48
332346	55
332346	57
332346	59
332346	63
332346	64
332346	66
332346	67
332346	71
332346	72
332346	80
332346	86
332346	93
332346	110
332346	114
332346	278
334571	106
334571	117
334571	120
334571	128
334571	133
334571	139
334571	142
334571	158
334571	172
334705	73
334705	142
334998	50
334998	56
334998	69
334998	120
334998	133
334998	142
334998	152
334998	191
334998	199
334998	278
334998	279
