1750	623
1750	625
1750	632
1750	636
1750	643
1750	644
1750	647
1750	649
1750	653
1750	659
1750	664
1750	666
1750	667
1750	671
1750	682
1750	695
1750	696
1750	709
1750	712
1750	720
1750	723
1750	739
1750	612
1791	635
1791	689
2068	628
2068	629
2068	639
2068	643
2068	664
2068	666
2068	688
2068	710
2068	718
2068	751
2068	591
2068	614
3306	622
3306	623
3306	625
3306	632
3306	635
3306	643
3306	647
3306	653
3306	654
3306	656
3306	664
3306	666
3306	695
3306	700
3306	709
3306	712
3306	751
3306	770
3306	609
3306	612
3306	616
3651	649
3651	654
3651	789
3651	603
3651	606
3892	626
3892	629
3892	646
3892	647
3892	651
3892	659
3892	661
3892	695
3892	709
3892	723
3892	736
3892	619
4805	647
4805	650
4805	654
4805	663
4805	674
4805	580
4805	603
4805	609
4966	625
4966	670
4966	698
4966	739
6237	695
6237	698
6237	704
6648	625
6648	629
6648	634
6648	635
6648	642
6648	664
6648	672
6648	683
6648	719
6648	742
6648	603
6648	606
6648	609
6648	620
6690	636
6690	639
6690	640
6690	670
6690	673
6690	674
6690	687
6690	695
6690	751
6690	606
6690	609
6690	619
6935	659
6935	696
6935	609
7146	666
7146	696
7146	698
7146	712
7146	739
7146	741
7146	768
7146	770
7490	638
7490	669
7490	670
7490	671
7490	685
7490	705
7490	614
7784	1016
7808	622
7808	623
7808	625
7808	627
7808	632
7808	636
7808	639
7808	640
7808	642
7808	644
7808	646
7808	647
7808	649
7808	653
7808	655
7808	659
7808	661
7808	663
7808	666
7808	667
7808	681
7808	683
7808	685
7808	689
7808	693
7808	706
7808	708
7808	709
7808	710
7808	723
7808	726
7808	729
7808	609
7808	616
7808	617
7808	619
7886	657
7886	670
7886	673
7886	684
7886	690
7886	696
7886	708
7886	712
7886	723
7886	736
7886	741
7886	774
7886	783
9386	624
9386	625
9386	626
9386	628
9386	633
9386	635
9386	636
9386	638
9386	639
9386	641
9386	642
9386	643
9386	645
9386	646
9386	649
9386	650
9386	651
9386	654
9386	656
9386	658
9386	659
9386	694
9386	572
9386	576
9386	578
9386	580
9386	581
9386	582
9386	583
9386	589
9386	592
9386	593
9386	594
9386	595
9386	598
9386	599
9386	600
9386	602
9386	604
9386	605
9386	606
9386	609
9386	610
9386	613
9386	614
9386	616
9386	618
9386	620
9919	623
9919	626
9919	664
9919	681
9919	742
10031	625
10031	654
10031	669
10031	690
10031	695
10031	696
10223	628
10223	629
10223	630
10223	634
10223	636
10223	639
10223	640
10223	646
10223	648
10223	649
10223	572
10223	575
10223	576
10223	579
10223	581
10223	585
10223	587
10223	590
10223	591
10223	594
10223	595
10223	596
10223	598
10223	599
10223	600
10223	601
10223	602
10223	604
10223	605
10223	606
10223	607
10223	608
10223	609
10223	610
10223	613
10223	614
10252	643
10252	656
10252	664
10252	666
10252	667
10252	674
10252	682
10252	689
10252	697
10252	698
10252	700
10252	704
10252	708
10252	720
10252	738
10252	745
10252	779
10252	783
10252	789
11945	632
11945	643
11945	667
11945	674
11945	684
11945	699
11945	700
12604	658
12604	683
12604	696
12604	718
12604	741
12604	751
12604	770
12604	795
12604	799
13361	653
13361	659
13361	683
13361	713
13361	752
13361	755
15947	643
15947	659
15947	661
15947	669
15947	712
15947	718
15947	719
15947	609
16033	636
16033	643
16033	712
16339	622
16339	625
16339	626
16339	627
16339	629
16339	639
16339	641
16339	642
16339	643
16339	644
16339	645
16339	657
16339	658
16339	659
16339	667
16339	674
16339	676
16339	679
16339	683
16339	689
16339	692
16339	698
16339	703
16339	704
16339	708
16339	709
16339	718
16339	731
16339	741
16339	766
16339	770
16339	593
16339	608
16339	610
16339	614
16339	615
16339	616
16339	618
16385	659
16385	666
16385	673
16385	681
16385	683
16385	695
16385	700
16385	709
16385	710
16385	732
17064	650
17064	670
17064	689
17064	709
17064	718
17064	612
17064	617
18825	619
19141	643
19141	741
20447	632
20447	636
20447	643
20447	647
20447	661
20447	671
20447	679
20447	692
20447	695
20447	696
20447	712
20447	732
20447	742
20447	612
20447	614
20447	616
20447	617
20447	619
23192	695
23192	700
23192	709
23192	712
24134	622
24134	637
24134	638
24134	642
24134	650
24134	653
24134	666
24134	669
24134	679
24134	719
24134	723
24134	589
24134	619
24217	700
24217	751
24217	766
24217	1148
24371	625
24371	628
24371	629
24371	634
24371	636
24371	638
24371	639
24371	640
24371	642
24371	643
24371	644
24371	645
24371	649
24371	650
24371	654
24371	655
24371	658
24371	659
24371	664
24371	665
24371	666
24371	667
24371	668
24371	671
24371	672
24371	674
24371	677
24371	679
24371	682
24371	695
24371	700
24371	708
24371	709
24371	718
24371	719
24371	723
24371	729
24371	751
24371	752
24371	789
24371	600
24371	602
24371	603
24371	606
24371	608
24371	614
24371	616
26712	623
26712	649
26712	653
26712	659
26712	660
26712	662
26712	666
26712	669
27321	650
27321	616
27321	620
27501	625
27501	712
29255	625
29255	626
29255	627
29255	628
29255	630
29255	633
29255	634
29255	636
29255	638
29255	639
29255	642
29255	643
29255	644
29255	647
29255	649
29255	650
29255	651
29255	652
29255	654
29255	655
29255	589
29255	590
29255	591
29255	594
29255	595
29255	596
29255	597
29255	598
29255	601
29255	606
29255	608
29255	609
29255	610
29255	613
29255	617
29255	618
29255	620
29778	643
29778	659
29778	664
29778	666
29778	667
29778	682
29778	696
29778	698
29778	712
29778	739
29778	741
29778	753
29778	755
29778	770
30733	766
33540	640
33540	643
33540	667
33540	689
33540	704
33540	1233
33540	2035
33540	2685
33540	585
34154	625
34154	643
34154	647
34154	649
34154	653
34154	658
34154	667
34154	695
34154	696
34154	700
34154	719
34154	723
34154	751
34154	1392
34611	625
34611	639
34611	652
34611	685
34611	709
34611	718
34611	609
35478	622
35478	625
35478	626
35478	634
35478	640
35478	641
35478	644
35478	645
35478	646
35478	648
35478	651
35478	654
35478	583
35478	585
35478	586
35478	588
35478	589
35478	590
35478	591
35478	594
35478	598
35478	599
35478	600
35478	601
35478	602
35478	603
35478	604
35478	605
35478	606
35478	608
35478	612
35478	613
35478	614
35478	616
35478	618
35478	620
35713	648
35713	659
35713	681
35713	726
35966	625
35966	643
35966	647
35966	648
35966	664
35966	666
35966	667
35966	683
35966	695
35966	698
35966	712
36790	625
36790	643
36790	666
36790	674
36790	682
36790	696
36790	698
36790	770
36790	601
36790	619
37043	621
37043	639
37043	642
37043	650
37043	666
37043	676
37043	680
37043	683
37043	698
37043	719
37043	766
37043	831
37043	2489
37043	593
37043	611
38013	626
38013	629
38013	630
38013	632
38013	633
38013	636
38013	640
38013	642
38013	645
38013	646
38013	649
38013	650
38013	651
38013	654
38013	655
38013	661
38013	665
38013	668
38013	671
38013	677
38013	678
38013	680
38013	606
38013	617
38013	618
38013	620
38479	622
38479	623
38479	625
38479	627
38479	628
38479	634
38479	635
38479	636
38479	638
38479	639
38479	641
38479	642
38479	643
38479	644
38479	646
38479	648
38479	650
38479	654
38479	655
38479	658
38479	659
38479	660
38479	661
38479	664
38479	665
38479	666
38479	667
38479	669
38479	670
38479	673
38479	674
38479	679
38479	680
38479	682
38479	683
38479	686
38479	687
38479	691
38479	692
38479	695
38479	700
38479	706
38479	710
38479	712
38479	719
38479	736
38479	752
38479	789
38479	797
38479	608
38479	614
38479	616
38479	617
38479	620
39142	622
39142	623
39142	632
39142	643
39142	649
39142	664
39142	682
39142	692
39142	723
39142	726
39275	643
39275	659
39275	666
39275	674
39275	708
40242	652
40242	567
40242	575
40242	601
40242	602
40242	606
40242	611
40242	614
40556	643
40556	655
40556	667
40556	671
40556	696
40556	741
40963	625
40963	640
40963	643
40963	645
40963	646
40963	647
40963	648
40963	651
40963	653
40963	654
40963	663
40963	665
40963	668
40963	672
40963	683
40963	686
40963	700
40963	719
40963	589
40963	602
40963	609
43096	666
43362	622
43362	624
43362	627
43362	628
43362	629
43362	631
43362	632
43362	633
43362	634
43362	635
43362	638
43362	639
43362	641
43362	642
43362	643
43362	644
43362	645
43362	647
43362	648
43362	649
43362	651
43362	652
43362	654
43362	655
43362	656
43362	657
43362	658
43362	659
43362	660
43362	661
43362	662
43362	664
43362	665
43362	666
43362	667
43362	668
43362	669
43362	670
43362	673
43362	677
43362	678
43362	679
43362	680
43362	681
43362	682
43362	683
43362	686
43362	688
43362	692
43362	694
43362	708
43362	732
43362	594
43362	595
43362	596
43362	598
43362	599
43362	600
43362	601
43362	602
43362	603
43362	604
43362	605
43362	606
43362	607
43362	609
43362	612
43362	614
43362	616
43362	617
43362	618
43362	620
48570	629
48570	682
48570	695
48570	696
48570	759
48570	766
48570	795
48570	613
49279	632
49279	639
49279	643
49279	652
49279	654
49279	666
49279	669
49279	680
49279	687
49279	699
49279	700
49279	752
49279	766
49279	589
49279	602
49279	606
49279	612
49508	636
49508	665
49508	667
49508	674
49508	700
49508	704
49508	707
49508	709
49508	712
49508	718
49508	723
49508	751
49508	766
49508	775
49508	905
49763	666
49939	622
49939	626
49939	628
49939	635
49939	639
49939	642
49939	648
49939	654
49939	655
49939	656
49939	574
49939	576
49939	582
49939	583
49939	584
49939	589
49939	590
49939	592
49939	594
49939	601
49939	603
49939	604
49939	605
49939	608
49939	613
49939	614
49939	617
49939	618
49939	620
50354	625
50354	626
50354	628
50354	633
50354	637
50354	640
50354	644
50354	645
50354	649
50354	650
50354	651
50354	655
50354	659
50354	661
50354	662
50354	664
50354	665
50354	666
50354	672
50354	673
50354	674
50354	675
50354	678
50354	679
50354	680
50354	589
50354	590
50354	591
50354	593
50354	594
50354	595
50354	596
50354	598
50354	599
50354	600
50354	601
50354	602
50354	604
50354	606
50354	607
50354	608
50354	609
50354	610
50354	613
50354	614
50354	617
50354	618
50354	620
50714	642
50714	691
50714	708
51394	625
51394	643
51394	659
51394	666
51394	682
51394	683
51394	695
51394	696
51394	697
51394	698
51394	713
51394	719
51394	722
51394	739
51394	741
51394	744
51394	753
51394	768
51394	779
51394	783
51408	712
51566	622
51566	626
51566	627
51566	629
51566	632
51566	639
51566	643
51566	644
51566	647
51566	659
51566	664
51566	666
51566	667
51566	675
51566	679
51566	681
51566	682
51566	685
51566	695
51566	698
51566	700
51566	701
51566	704
51566	707
51566	709
51566	712
51566	713
51566	714
51566	717
51566	719
51566	722
51566	723
51566	727
51566	728
51566	729
51566	732
51566	741
51566	749
51566	752
51566	755
51566	761
51566	766
51566	770
51566	773
51566	777
51566	779
51566	781
51566	783
51566	795
51566	799
51566	815
51566	840
51566	856
51566	859
51566	867
51566	882
51566	619
51581	625
51581	635
51581	638
51581	640
51581	645
51581	653
51581	654
51581	660
51581	666
51581	670
51581	673
51581	675
51581	685
51581	694
51581	696
51581	698
51581	700
51581	713
51581	722
51581	739
51581	766
51581	770
51581	783
51581	601
51581	609
54970	639
54970	643
54970	650
54970	658
54970	659
54970	660
54970	664
54970	668
54970	670
54970	680
54970	708
54970	608
54970	612
54970	619
55063	622
55063	623
55063	626
55063	627
55063	628
55063	629
55063	632
55063	634
55063	637
55063	638
55063	639
55063	640
55063	641
55063	643
55063	644
55063	645
55063	646
55063	650
55063	651
55063	652
55063	654
55063	655
55063	657
55063	658
55063	660
55063	663
55063	664
55063	668
55063	671
55063	672
55063	677
55063	679
55063	680
55063	683
55063	685
55063	688
55063	692
55063	707
55063	708
55063	718
55063	727
55063	742
55063	745
55063	762
55063	766
55063	806
55063	897
55063	581
55063	585
55063	589
55063	600
55063	602
55063	603
55063	608
55063	614
55063	615
55063	616
55063	617
55063	620
55401	636
55401	659
55401	681
55401	695
55401	707
55401	712
55401	718
55401	740
55401	779
55401	867
55401	609
55634	625
55634	636
55634	666
55634	682
55634	712
55828	622
55828	643
55828	658
55828	661
55828	666
55828	698
56783	712
57311	626
57311	627
57311	628
57311	629
57311	630
57311	634
57311	635
57311	640
57311	641
57311	642
57311	643
57311	644
57311	645
57311	647
57311	648
57311	713
57311	567
57311	569
57311	570
57311	571
57311	573
57311	574
57311	578
57311	579
57311	591
57311	594
57311	605
57311	606
57311	608
57311	609
57311	610
57311	611
57311	612
57311	613
57311	615
57311	616
57311	617
57311	620
58236	626
58236	647
58236	704
58236	712
58236	609
58236	614
59154	643
59154	658
59154	659
59154	661
59154	666
59154	667
59154	681
59154	682
59154	695
59154	698
59154	700
59154	712
59154	719
59154	722
59154	739
59154	741
59154	759
59154	766
59154	768
59154	774
59154	812
59154	1171
59154	1306
59266	666
59266	682
59266	704
59266	612
59323	666
59323	672
59733	625
59733	636
59733	643
59733	644
59733	666
59733	667
59733	677
59733	710
60244	696
60244	698
60244	712
60244	739
60244	759
60244	768
60597	643
60597	666
60597	682
60597	744
60597	612
60986	643
60986	664
60986	666
60986	667
60986	714
60986	725
60986	737
60986	746
60986	749
60986	775
60986	777
60986	781
60986	782
60986	794
60986	795
60986	799
60986	804
60986	808
60986	868
61760	636
61760	667
61892	622
61892	625
61892	653
61892	671
61892	672
61892	692
61892	589
61892	617
62161	633
62161	638
62161	639
62161	643
62161	680
62161	700
62161	718
62161	789
62161	1093
62161	608
62341	627
62341	632
62341	643
62341	656
62341	670
62341	673
62341	684
62341	685
62341	686
62341	688
62341	689
62341	692
62341	699
62341	707
62341	708
62341	718
62341	723
62341	729
62341	616
62341	619
63772	695
63772	700
63772	752
63772	619
64080	625
64080	643
64080	658
64080	663
64080	670
64080	680
64080	695
64080	696
64080	708
64080	709
64080	712
64080	718
64080	729
64080	741
64829	629
64829	650
64829	590
65398	622
65398	623
65398	626
65398	627
65398	632
65398	633
65398	635
65398	638
65398	639
65398	640
65398	641
65398	643
65398	644
65398	646
65398	647
65398	648
65398	650
65398	651
65398	652
65398	653
65398	655
65398	656
65398	687
65398	575
65398	576
65398	578
65398	584
65398	588
65398	589
65398	591
65398	617
66068	629
66068	652
66068	669
66068	672
66068	940
66068	589
67353	619
67461	622
67461	625
67461	628
67461	632
67461	635
67461	636
67461	638
67461	643
67461	647
67461	649
67461	650
67461	651
67461	652
67461	653
67461	654
67461	655
67461	657
67461	658
67461	659
67461	661
67461	664
67461	665
67461	666
67461	667
67461	669
67461	671
67461	672
67461	673
67461	674
67461	677
67461	680
67461	681
67461	682
67461	683
67461	685
67461	689
67461	690
67461	694
67461	695
67461	698
67461	700
67461	703
67461	708
67461	709
67461	712
67461	718
67461	719
67461	723
67461	729
67461	742
67461	744
67461	751
67461	779
67461	789
67461	603
67461	606
67461	608
67461	612
67461	616
67461	619
67461	620
67976	625
67976	638
67976	683
67976	688
69326	712
69367	641
69367	708
70527	658
70527	659
70527	666
70527	667
70527	685
70527	689
70527	695
70527	698
70527	712
70527	726
70527	732
70527	616
70725	622
70725	632
70725	636
70725	648
70725	657
70725	659
70725	669
70725	675
70725	683
70725	685
70725	689
70725	744
70725	601
70725	612
74146	603
74146	616
74489	651
74489	677
74489	699
74489	600
74489	612
74489	618
75277	622
75277	625
75277	627
75277	642
75277	643
75277	650
75277	653
75277	659
75277	660
75277	664
75277	665
75277	666
75277	667
75277	671
75277	672
75277	675
75277	677
75277	679
75277	708
75277	719
75277	742
75277	616
75277	617
75729	624
75729	634
76710	623
76710	634
76710	635
76710	645
76710	647
76710	655
76710	660
76710	587
76710	590
76770	623
76770	627
76770	632
76770	634
76770	642
76770	649
76770	653
76770	666
76770	667
76770	672
76770	681
76770	682
76770	683
76770	688
76770	696
76770	698
76770	706
76770	719
76770	720
76770	723
76770	727
76770	729
76770	731
76770	732
76770	735
76770	741
76770	742
76770	745
76770	795
76770	600
76770	612
76770	617
76903	625
76903	630
76903	632
76903	640
76903	648
76903	651
76903	653
76903	700
76903	706
76903	709
76903	751
77722	622
77722	627
77722	628
77722	632
77722	635
77722	638
77722	639
77722	644
77722	648
77722	649
77722	651
77722	653
77722	655
77722	656
77722	658
77722	659
77722	662
77722	663
77722	665
77722	567
77722	569
77722	576
77722	584
77722	590
77722	594
77722	601
77722	602
77722	606
77722	611
77722	614
77722	617
77735	622
77735	672
77735	674
77735	713
77735	825
77735	856
79123	625
79123	677
79123	698
79123	704
79123	720
79123	609
79123	612
80640	625
80640	639
80640	646
80640	655
80640	658
80640	660
80640	661
80640	662
80640	675
80640	679
80640	681
80640	685
80640	688
80640	695
80640	697
80640	700
80640	709
80640	710
80640	736
80640	740
80640	751
80640	752
80640	601
80640	603
80640	608
80640	616
80640	619
80640	620
83962	625
83962	647
83962	671
84151	622
84151	696
84151	712
85202	629
85202	630
85202	636
85202	644
86243	642
86809	643
86809	650
86809	654
86809	658
86809	664
86809	669
86809	680
86809	693
86809	700
86809	709
86809	751
87923	625
87923	632
87923	639
87923	641
87923	643
87923	644
87923	649
87923	653
87923	654
87923	658
87923	659
87923	664
87923	666
87923	667
87923	671
87923	672
87923	674
87923	679
87923	682
87923	683
87923	685
87923	688
87923	695
87923	698
87923	699
87923	700
87923	704
87923	708
87923	709
87923	718
87923	751
87923	766
87923	789
87923	797
87923	2570
87923	603
87923	609
87923	612
87923	614
87923	619
89465	689
89465	589
90015	622
90015	626
90015	627
90015	629
90015	630
90015	632
90015	638
90015	644
90015	647
90015	649
90015	651
90015	655
90015	656
90015	659
90015	661
90015	670
90015	673
90015	674
90015	677
90015	683
90015	685
90015	686
90015	688
90015	706
90015	709
90015	601
90015	603
90015	607
90015	616
90015	620
92675	629
92675	636
92675	639
92675	652
92675	654
92675	658
92675	689
92675	700
92675	712
92675	719
92675	732
92675	740
92675	752
92675	770
94173	661
94173	670
94173	706
94173	732
94528	622
94528	627
94528	632
94528	638
94528	642
94528	643
94528	647
94528	649
94528	653
94528	654
94528	658
94528	661
94528	666
94528	667
94528	671
94528	672
94528	675
94528	682
94528	690
94528	700
94528	718
94528	731
94528	732
94528	740
94528	762
94528	766
94528	788
94528	789
94528	795
94528	812
94528	867
94528	585
94528	589
94528	600
94528	609
94528	616
95924	674
95924	696
95924	581
95924	609
95947	643
95947	659
95947	664
95947	666
95947	667
95947	682
95947	695
95947	704
95947	712
95947	741
95947	1708
95947	612
95947	619
96523	638
96523	644
96523	647
96523	648
96523	652
96523	658
96523	659
96523	677
96523	681
96523	682
96523	692
96523	703
96523	704
96523	706
96523	709
96523	712
96523	719
96523	724
96523	728
96523	733
96523	734
96523	741
96523	747
96523	824
96523	845
96523	860
96523	2735
97254	627
97254	632
97254	649
97254	681
97254	589
97254	612
98300	622
98300	625
98300	643
98300	647
98300	656
98300	659
98300	682
98300	705
98300	719
98300	766
99994	630
99994	633
99994	634
99994	635
99994	636
99994	640
99994	650
99994	651
99994	654
99994	655
99994	657
99994	671
99994	686
99994	690
99994	723
99994	754
99994	591
99994	615
101035	633
101035	634
101035	636
101035	637
101035	644
101035	646
101035	654
101035	660
101035	661
101035	665
101035	679
101035	681
101035	695
101035	699
101035	706
101035	740
101035	766
101035	589
101035	590
101035	592
101035	593
101035	594
101035	596
101035	598
101035	600
101035	602
101035	603
101035	604
101035	606
101035	610
101035	611
102218	638
102218	795
102218	804
102218	859
102218	867
102431	622
102431	636
102431	645
102431	652
102431	654
102431	658
102431	666
102431	683
102431	687
102431	694
102431	700
102431	709
102431	717
102431	751
102431	774
102431	814
102431	815
102431	572
102431	585
102431	587
102431	590
102431	594
102431	598
102431	601
102431	609
102431	611
102431	614
103576	643
103576	698
103576	704
103576	712
103576	744
106844	632
106844	641
106844	650
106844	653
106844	671
106844	695
106844	700
106844	706
106844	719
106844	732
106844	766
106844	612
107086	640
107086	684
107086	700
107086	751
107086	752
107086	867
107086	1095
107086	1133
107086	581
107155	664
107155	672
107155	723
107155	729
107155	589
110238	766
110510	621
110510	623
110510	625
110510	626
110510	634
110510	635
110510	636
110510	638
110510	641
110510	642
110510	648
110510	649
110510	651
110510	660
110510	661
110510	665
110510	668
110510	1109
110510	592
110510	608
110510	610
110510	616
110510	617
110510	618
110545	625
110545	629
110545	630
110545	642
110545	650
110545	751
110545	619
111058	666
111058	696
111290	622
111290	623
111290	626
111290	627
111290	633
111290	634
111290	638
111290	640
111290	642
111290	643
111290	644
111290	646
111290	648
111290	650
111290	651
111290	652
111290	653
111290	655
111290	661
111290	676
111290	687
111290	690
111290	696
111290	571
111290	575
111290	579
111290	582
111290	583
111290	584
111290	587
111290	589
111290	590
111290	591
111290	592
111290	594
111290	596
111290	597
111290	598
111290	599
111290	600
111290	601
111290	602
111290	604
111290	606
111290	608
111290	610
111290	612
111290	613
112430	636
112430	643
112430	666
112430	682
112430	741
112430	606
113007	643
113007	649
113007	704
113173	625
113173	632
113173	666
113173	667
113173	696
113173	719
113173	612
113217	622
113217	625
113217	626
113217	632
113217	636
113217	639
113217	641
113217	642
113217	643
113217	644
113217	647
113217	652
113217	654
113217	657
113217	658
113217	661
113217	664
113217	681
113217	682
113217	685
113217	688
113217	692
113217	706
113217	708
113217	709
113217	718
113217	742
113217	797
113217	580
113217	584
113217	585
113217	586
113217	588
113217	589
113217	606
113217	608
113217	612
113217	614
113217	616
113217	617
114161	644
114161	666
114161	710
114908	623
114908	625
114908	600
114908	618
114908	619
116322	625
116322	656
116322	666
116322	667
116322	670
116322	720
118125	674
118125	681
118320	640
118320	654
118320	658
118320	671
118320	672
118320	675
118320	602
118476	632
118476	654
118476	666
118476	695
118476	751
118476	766
118476	2148
118476	2171
118476	2490
118476	581
118476	589
118476	616
118522	643
118522	657
118522	664
118522	666
118522	669
118522	674
118522	682
118522	683
118522	693
118522	695
118522	698
118522	704
118522	708
118522	712
118522	718
118522	726
118522	740
118522	751
118522	752
118522	770
118522	789
118522	797
118522	812
118522	1123
118522	1268
118522	1348
118522	619
121103	643
121103	655
121103	664
121103	666
121103	667
121103	671
121103	674
121103	682
121103	700
121103	712
121103	719
121103	720
121103	732
121103	795
121103	608
124345	695
124345	700
124345	707
124345	712
124345	741
124345	751
124345	766
126485	622
126485	625
126485	627
126485	632
126485	643
126485	647
126485	655
126485	664
126485	666
126485	667
126485	683
126485	692
126606	643
126606	666
126606	667
126606	732
126606	738
126606	779
126606	1011
126606	1044
126623	671
126623	700
127739	642
127739	643
127739	659
127739	683
127739	590
127739	614
127771	629
127771	630
127771	637
127771	643
127771	644
127771	656
127771	658
127771	692
127771	706
127771	742
129511	642
130091	623
130091	625
130091	642
130091	643
130091	739
130099	629
130099	741
130316	626
130316	629
130316	634
130316	635
130316	636
130316	637
130316	642
130316	647
130316	648
130316	650
130316	651
130316	655
130316	657
130316	659
130316	662
130316	665
130316	669
130316	673
130316	675
130316	679
130316	680
130316	681
130316	688
130316	689
130316	693
130316	706
130316	710
130316	726
130316	729
130316	620
130838	572
130838	573
131285	622
131285	643
131285	660
131285	665
131285	708
131532	632
131532	666
131532	741
131594	640
131594	643
131594	646
131594	653
131594	658
131594	663
131594	666
131594	699
131594	709
131594	741
131594	616
131594	617
131594	619
132423	569
132423	571
132423	572
132423	575
132423	576
132423	578
132423	580
132423	581
132423	582
132423	583
132423	585
132423	589
132423	590
132740	622
132740	627
132740	629
132740	632
132740	644
132740	646
132740	650
132740	655
132740	666
132740	674
132740	685
132740	585
132740	612
133195	623
133195	626
133195	634
133195	635
133195	646
133195	647
133195	651
133195	653
133195	671
133195	680
133195	683
133195	617
133195	620
133378	621
133378	622
133378	623
133378	624
133378	627
133378	628
133378	634
133378	635
133378	637
133378	639
133378	640
133378	641
133378	645
133378	647
133378	648
133378	649
133378	651
133378	652
133378	663
133378	672
133378	1013
133378	1398
133378	1489
133378	1510
133378	567
133378	569
133378	574
133378	575
133378	576
133378	578
133378	580
133378	581
133378	582
133378	583
133378	585
133378	586
133378	589
133378	590
133378	591
133378	592
133378	593
133378	594
133378	595
133378	596
133378	599
133378	600
133378	601
133378	602
133378	603
133378	604
133378	605
133378	606
133378	607
133378	610
133378	611
133378	614
133378	615
133378	617
133512	639
133512	667
133512	682
133512	698
133512	700
133512	712
133512	718
133512	751
133512	789
133746	636
133746	638
133746	639
133746	645
133746	683
133746	706
133746	709
133746	573
133746	589
133746	608
133746	615
133788	625
133788	632
133788	643
133788	664
133788	666
133788	683
133788	700
133788	741
133788	751
133788	795
136252	643
136252	682
136252	713
136252	1668
136252	2570
136953	621
136953	622
136953	635
136953	638
136953	640
136953	648
136953	651
136953	652
136953	653
136953	658
136953	672
136953	674
136953	675
136953	677
136953	678
136953	679
136953	680
136953	683
136953	685
136953	591
136953	593
136953	595
136953	597
136953	601
136953	602
136953	607
136953	608
136953	609
136953	610
136953	611
136953	612
136953	613
137467	665
137467	685
137467	689
137504	695
137504	748
137504	752
138950	643
138950	666
138950	674
138950	682
138950	695
138950	698
138950	700
138950	718
138950	751
139033	643
139033	661
139033	667
139033	712
139033	735
139650	654
139650	658
139650	619
141168	636
141168	643
141168	647
141168	648
141168	649
141168	659
141168	666
141168	667
141168	672
141168	674
141168	682
141168	683
141168	695
141168	696
141168	712
141168	726
141168	729
141168	731
141168	744
141168	781
141168	902
141168	911
144296	622
144296	623
144296	635
144296	638
144296	571
144296	574
144296	575
144296	576
144296	586
144296	587
144296	588
144296	591
144296	598
144296	599
144296	601
144296	602
144296	604
144296	606
144296	607
144296	613
144459	629
144459	653
144459	693
144913	683
144913	736
145460	625
145460	654
145460	666
145460	682
147848	636
147848	650
147848	655
147848	656
147848	670
147848	672
147848	676
147848	682
147848	683
147848	684
147848	688
147848	690
147848	692
147848	697
147848	703
147848	712
147848	723
147848	744
147848	770
147848	787
147848	788
147848	789
147848	838
147848	1103
147848	3015
147848	595
147848	597
147848	605
147848	606
147848	615
147848	616
147848	620
147939	622
147939	643
147939	649
147939	674
147939	720
147939	612
148237	636
148237	696
148237	619
148293	640
148293	666
148293	667
148293	751
148293	589
149516	625
151016	666
151016	769
151685	623
151685	629
151685	630
151685	636
151685	638
151685	639
151685	645
151685	648
151685	670
151685	686
151685	700
151685	710
151685	751
151685	768
151685	579
151685	580
151685	581
151685	592
151685	594
151685	595
151685	596
151685	597
151685	598
151685	601
151685	602
151685	604
151685	605
151685	606
151685	608
151685	610
151685	613
151685	617
151685	618
151685	620
152331	636
152331	638
152331	643
152331	644
152331	645
152331	646
152331	647
152331	648
152331	578
152331	586
152331	588
152331	591
152331	592
152331	595
152331	596
154558	622
154558	624
154558	627
154558	629
154558	631
154558	635
154558	645
154558	648
154558	649
154558	652
154558	596
154558	597
154558	598
154558	602
154558	603
154558	604
154558	605
154558	606
154558	608
154558	612
154558	614
154558	616
154558	617
154558	618
155063	626
155063	674
155063	695
155063	700
155063	712
155063	789
155063	846
158890	659
158890	666
158890	696
158890	739
158890	741
158890	755
158890	795
159912	643
159912	653
159912	655
159912	671
159912	695
159912	608
159912	620
160024	629
160024	642
160024	645
160024	647
160024	648
160024	658
160024	660
160024	661
160024	662
160024	666
160024	668
160024	695
160024	702
160024	705
160024	714
160024	715
160024	618
161106	622
161106	629
161106	630
161106	634
161106	635
161106	636
161106	642
161106	643
161106	644
161106	645
161106	648
161106	649
161106	651
161106	655
161106	656
161106	659
161106	677
161106	681
161106	569
161106	570
161106	571
161106	572
161106	579
161106	590
161106	594
161106	595
161106	598
161106	599
161106	600
161106	601
161106	602
161106	603
161106	604
161106	606
161106	616
161106	617
161106	618
161106	620
161333	622
161333	625
161333	626
161333	629
161333	630
161333	632
161333	633
161333	634
161333	635
161333	636
161333	638
161333	640
161333	643
161333	644
161333	646
161333	648
161333	650
161333	816
161333	571
161333	572
161333	578
161333	581
161333	587
161333	589
161333	591
161333	592
161333	594
161333	595
161333	596
161333	598
161333	599
161333	600
161333	601
161333	603
161333	604
161333	605
161333	608
161333	613
161333	616
161333	617
161333	618
161333	620
161541	634
161541	640
161541	645
161541	648
161541	653
161541	659
161541	665
161541	668
161541	673
161541	681
161541	696
161541	710
161541	723
161541	741
161541	606
161541	617
161541	619
163175	622
163175	625
163175	626
163175	628
163175	629
163175	635
163175	636
163175	643
163175	646
163175	648
163175	650
163175	651
163175	654
163175	655
163175	666
163175	667
163175	672
163175	674
163175	677
163175	680
163175	682
163175	683
163175	685
163175	700
163175	708
163175	710
163175	719
163175	759
163175	1044
163175	1457
163175	606
163175	608
163175	612
163175	614
163175	617
163175	619
163175	620
163727	640
163727	643
163727	666
163727	682
163727	696
163727	698
163727	713
163727	739
163727	741
163727	751
163727	770
163727	773
163727	612
164644	622
164644	640
164644	649
164644	672
164644	680
164644	581
164644	597
164644	617
165054	628
165054	638
165054	643
165054	650
165054	651
165054	653
165054	664
165054	666
165054	667
165054	675
165054	696
165054	698
165054	704
165054	712
165054	719
165054	770
165054	783
165054	603
165054	619
167435	654
167435	713
167435	814
167435	606
167649	621
167649	623
167649	626
167649	634
167649	639
167649	643
167649	644
167649	647
167649	648
167649	649
167649	651
167649	652
167649	653
167649	654
167649	576
167649	581
167649	586
167649	587
167649	588
167649	589
167649	596
167649	598
167649	601
167649	602
167649	603
167649	604
167649	605
167649	606
167649	608
167649	609
167649	612
167649	613
169665	629
169665	634
169665	635
169665	637
169665	638
169665	639
169665	640
169665	641
169665	643
169665	645
169665	646
169665	647
169665	648
169665	649
169665	652
169665	654
169665	655
169665	656
169665	659
169665	660
169665	569
169665	573
169665	574
169665	575
169665	576
169665	589
169665	590
169665	591
169665	594
169665	596
169665	598
169665	605
169665	607
169665	609
169665	610
169665	611
169665	614
172863	636
172863	586
172863	588
172863	597
172863	598
172863	601
172863	602
172863	604
172863	606
172863	609
172863	611
172863	612
172863	619
175937	647
175937	654
175937	657
175937	667
175937	683
175937	684
175937	690
175937	691
175937	697
175937	709
175937	720
175937	797
175937	867
175937	580
175937	596
175937	608
175937	618
176333	625
176333	640
176333	643
176333	646
176333	651
176333	655
176333	657
176333	659
176333	664
176333	665
176333	666
176333	685
176333	694
176333	742
176333	751
176333	589
176333	602
176333	606
176333	612
176333	617
178196	654
182008	626
182008	644
182008	658
182008	718
182883	622
182883	627
182883	633
182883	635
182883	640
182883	647
182883	649
182883	650
182883	652
182883	653
182883	655
182883	656
182883	658
182883	659
182883	660
182883	666
182883	574
182883	575
182883	578
182883	582
182883	583
182883	585
182883	587
182883	590
182883	591
182883	593
182883	594
182883	595
182883	601
182883	602
182883	606
182883	610
182883	613
184695	629
184695	632
184695	636
184695	643
184695	659
184695	682
184695	589
184695	612
185072	666
185072	698
185072	704
185072	720
185072	739
185072	745
185072	795
185072	855
187049	623
187049	625
187049	626
187049	629
187049	632
187049	634
187049	636
187049	637
187049	639
187049	640
187049	642
187049	643
187049	647
187049	648
187049	649
187049	650
187049	651
187049	655
187049	656
187049	658
187049	659
187049	661
187049	664
187049	666
187049	668
187049	671
187049	672
187049	674
187049	680
187049	682
187049	683
187049	685
187049	687
187049	689
187049	691
187049	694
187049	697
187049	703
187049	708
187049	719
187049	726
187049	729
187049	732
187049	742
187049	603
187049	606
187049	609
187049	612
187049	614
187049	616
187049	620
188222	629
188222	654
188222	659
188222	666
188222	681
188222	693
188222	695
188222	706
188222	710
188222	712
188222	719
188718	639
188718	645
188718	672
188718	609
188724	625
188724	632
188724	640
188724	647
188724	653
188724	659
188724	666
188724	695
188724	698
188724	812
188724	612
188724	619
188948	623
188948	667
188948	683
189288	648
189288	696
189288	697
189288	710
189288	712
189288	741
189288	744
189288	779
189288	795
189978	622
189978	623
189978	626
189978	629
189978	630
189978	632
189978	634
189978	636
189978	638
189978	651
189978	652
189978	653
189978	655
189978	658
189978	665
189978	590
189978	602
189978	610
189978	616
189978	617
189978	618
189978	620
191503	643
191503	650
191503	654
191503	681
191503	682
191503	688
191503	695
191503	700
191503	706
191503	742
191503	581
191503	590
191503	615
191503	616
191902	634
191902	667
191902	698
191902	751
191902	609
191902	614
192992	623
192992	624
192992	626
192992	627
192992	629
192992	630
192992	632
192992	634
192992	636
192992	642
192992	648
192992	650
192992	651
192992	654
192992	657
192992	661
192992	664
192992	676
192992	692
192992	603
192992	606
192992	608
192992	611
192992	612
192992	613
192992	616
192992	617
194952	639
194952	654
194952	658
194952	667
194952	700
194952	719
194952	729
194952	589
194952	596
194952	603
194952	609
194952	614
198256	640
198256	650
198256	658
198256	661
198256	674
198256	710
198256	589
199007	626
199007	627
199007	629
199007	630
199007	632
199007	633
199007	636
199007	639
199007	640
199007	642
199007	643
199007	648
199007	653
199007	661
199007	665
199007	666
199007	670
199007	671
199007	676
199007	683
199007	686
199007	775
199069	620
199069	626
199069	627
199069	646
199069	652
199069	665
199069	673
199069	677
199069	683
199069	710
199339	669
199339	696
199339	770
199339	774
199339	905
200126	643
200126	646
200126	649
200126	653
200126	666
200126	667
200126	680
200126	682
200126	683
200126	693
200126	695
200126	700
200126	704
200126	706
200126	712
200126	719
200126	723
200126	745
200126	794
200665	643
200665	654
200665	667
200665	606
201865	622
201865	629
201865	636
201865	642
201865	644
201865	653
201865	659
201865	664
201865	667
201865	693
201865	695
201865	590
201865	603
201865	619
203295	620
203295	643
203295	667
203295	681
203295	682
203295	698
203295	741
203295	619
203506	627
203506	696
203506	712
203506	741
204895	629
204895	654
204895	665
204895	683
204895	719
204895	747
204895	619
206404	620
206404	622
206404	623
206404	625
206404	627
206404	632
206404	634
206404	643
206404	647
206404	648
206404	653
206404	655
206404	656
206404	659
206404	662
206404	666
206404	667
206404	672
206404	677
206404	682
206404	683
206404	692
206404	696
206404	703
206404	710
206404	712
206404	720
206404	724
206404	732
206404	739
206404	741
206404	744
206404	745
206404	753
206404	774
206404	788
206404	882
206404	609
206404	612
206557	642
206557	643
206557	654
206557	696
206557	770
208070	629
208070	664
208070	683
208070	695
208070	700
208070	706
208070	709
208070	614
208598	671
209308	625
209308	632
209308	642
209308	643
209308	647
209308	653
209308	654
209308	658
209308	659
209308	664
209308	666
209308	667
209308	682
209308	683
209308	690
209308	695
209308	697
209308	698
209308	700
209308	703
209308	704
209308	719
209308	720
209308	744
209308	745
209308	751
209308	774
209308	789
209308	795
209308	612
209308	619
209375	643
211747	751
211747	779
211747	603
211747	619
211825	628
211825	643
211825	658
211825	659
211825	670
211825	719
211825	574
211825	584
211825	598
211825	614
211825	617
213035	648
213035	656
213035	667
213035	710
213035	1635
213035	619
214461	629
214461	643
214461	658
214461	695
214461	609
214461	612
215493	623
215493	624
215493	625
215493	626
215493	627
215493	629
215493	630
215493	632
215493	634
215493	636
215493	637
215493	639
215493	643
215493	644
215493	649
215493	653
215493	664
215493	665
215493	675
215493	692
215493	709
215493	573
215493	594
215493	597
215493	598
215493	608
215493	618
216738	692
216738	752
216738	867
216738	905
216738	619
217248	629
217248	639
217248	643
217248	654
217248	659
217248	685
217248	742
217248	612
217248	614
217814	627
217814	643
217814	648
217814	650
217814	695
217814	712
217814	731
217814	619
219202	645
219202	650
219202	652
219202	654
219202	700
219202	751
219202	855
219202	874
219369	667
219369	712
219516	621
219516	622
219516	623
219516	625
219516	629
219516	630
219516	632
219516	633
219516	634
219516	635
219516	636
219516	638
219516	640
219516	643
219516	644
219516	645
219516	646
219516	653
219516	671
219516	672
219516	675
219516	688
219516	711
219516	724
219516	733
219516	1023
219516	1025
219516	567
219516	569
219516	570
219516	571
219516	572
219516	574
219516	575
219516	576
219516	578
219516	580
219516	581
219516	582
219516	583
219516	584
219516	586
219516	587
219516	588
219516	589
219516	591
219516	592
219516	594
219516	595
219516	596
219516	598
219516	599
219516	600
219516	601
219516	602
219516	603
219516	604
219516	605
219516	606
219516	607
219516	608
219516	609
219516	611
219516	613
219516	614
219516	617
219516	618
219719	636
219719	643
219719	707
219719	710
219719	712
219719	770
221564	622
221564	632
221564	642
221564	643
221564	654
221564	663
221564	667
221564	670
221564	676
221564	683
221564	699
221564	1559
221564	1687
221564	616
221564	618
221746	627
221746	632
221746	643
221746	649
221746	666
221746	682
221746	698
221746	704
221746	619
222886	620
222886	625
222886	628
222886	636
222886	642
222886	648
222886	652
222886	654
222886	660
222886	668
222886	670
222886	673
222886	680
222886	686
222886	687
222886	700
222886	710
222886	719
222886	723
222886	726
222886	729
222886	742
222886	751
222886	612
222886	614
222886	617
224073	632
224073	654
224073	659
224073	667
224073	674
224073	682
224073	612
224661	620
224661	627
224661	637
224661	643
224661	654
224661	656
224661	659
224661	665
224661	667
224661	668
224661	677
224661	681
224661	685
224661	690
224661	699
224661	700
224661	723
224661	818
224661	1103
224661	584
224661	585
224661	589
224661	619
225204	830
226264	622
226264	624
226264	629
226264	630
226264	632
226264	634
226264	643
226264	644
226264	657
226264	659
226264	666
226264	667
226264	672
226264	675
226264	682
226264	695
226264	700
226264	703
226264	732
226264	751
226264	881
226264	586
226264	588
226264	589
226264	590
226264	591
226264	592
226264	596
226264	598
226264	599
226264	600
226264	602
226264	603
226264	604
226264	605
226264	607
226264	609
226264	610
226264	612
226264	618
226264	619
227249	625
227249	635
227249	637
227249	638
227249	650
227249	651
227249	655
227249	680
227249	685
228053	649
228053	659
228053	700
228053	712
228053	751
228053	869
230291	625
230291	629
230291	636
230291	643
230291	646
230291	657
230291	662
230291	683
230291	687
230291	690
230291	695
230291	709
230291	712
230291	740
231583	625
231583	666
231583	667
231583	604
231583	613
232511	622
232511	625
232511	629
232511	632
232511	643
232511	647
232511	659
232511	664
232511	666
232511	667
232511	700
232511	751
232511	612
232511	616
233252	646
233252	647
233252	659
233252	661
233252	671
233252	685
233252	703
233252	713
233252	720
233252	779
233739	643
233739	698
233739	700
236270	627
236270	629
236270	632
236270	661
236270	665
236270	667
236270	669
236270	589
236493	622
236493	625
236493	630
236493	639
236493	649
236493	659
236493	661
236493	666
236493	667
236493	674
236493	676
236493	682
236493	685
236493	688
236493	695
236493	712
236493	741
236493	616
237810	622
237810	627
237810	632
237810	634
237810	635
237810	636
237810	643
237810	645
237810	649
237810	651
237810	655
237810	659
237810	661
237810	664
237810	665
237810	667
237810	671
237810	672
237810	674
237810	677
237810	679
237810	685
237810	688
237810	692
237810	697
237810	703
237810	779
237810	846
237810	867
237810	1392
237810	1439
237810	617
240042	661
240042	675
240042	685
240042	689
240042	710
240229	625
240229	627
240229	632
240229	637
240229	646
240229	648
240229	649
240229	651
240229	659
240229	664
240229	680
240229	681
240229	685
240229	686
240229	689
240229	695
240229	696
240229	708
240229	709
240229	710
240229	718
240229	723
240229	729
240229	742
240229	779
240229	812
240229	603
240229	608
241441	622
241441	625
241441	627
241441	631
241441	632
241441	634
241441	635
241441	639
241441	641
241441	642
241441	643
241441	646
241441	654
241441	659
241441	660
241441	661
241441	666
241441	667
241441	668
241441	672
241441	679
241441	680
241441	682
241441	683
241441	694
241441	698
241441	704
241441	719
241441	720
241441	726
241441	739
241441	741
241441	787
241441	789
241441	795
241441	797
241441	617
242159	621
242159	622
242159	628
242159	638
242159	646
242159	647
242159	649
242159	652
242159	654
242159	658
242159	661
242159	679
242159	688
242159	689
242159	575
242159	601
242159	602
242159	604
242159	605
242159	606
242159	607
242159	608
242159	609
242159	610
242159	611
242159	614
243236	640
243236	700
246132	622
246132	623
246132	625
246132	628
246132	635
246132	639
246132	644
246132	649
246132	656
246132	658
246132	660
246132	570
246132	573
246132	574
246132	576
246132	578
246132	593
246132	595
246132	596
246132	601
246132	602
246132	603
246132	606
246132	608
246132	614
246632	627
246632	632
246632	647
246632	650
246632	655
246632	671
246632	674
246632	694
246632	612
248665	643
248665	673
248665	683
248665	601
248665	606
248665	614
248755	712
251084	627
251084	643
251084	644
251084	648
251084	657
251084	658
251084	659
251084	662
251084	664
251084	666
251084	667
251084	669
251084	673
251084	674
251084	679
251084	681
251084	682
251084	683
251084	689
251084	691
251084	693
251084	694
251084	695
251084	697
251084	699
251084	703
251084	706
251084	708
251084	710
251084	719
251084	723
251084	729
251084	732
251084	740
251407	622
251407	640
251407	643
251407	647
251407	649
251407	661
251407	666
251407	682
251407	751
251407	589
251407	591
251407	619
251940	626
251940	635
251940	639
251940	648
251940	650
251940	658
251940	659
251940	661
251940	670
251940	687
251940	700
251940	751
251940	603
251940	616
252984	625
252984	636
252984	638
252984	646
252984	650
252984	689
252984	690
252984	692
252984	700
252984	709
254673	629
254673	634
254673	635
254673	636
254673	643
254673	645
254673	646
254673	647
254673	653
254673	654
254673	663
254673	666
254673	668
254673	688
254673	695
254673	1105
254673	1133
254673	585
254673	589
254673	600
254673	608
255195	622
255195	632
255195	642
255195	643
255195	649
255195	653
255195	665
255195	666
255195	667
255195	671
255195	682
255195	690
255195	692
255195	708
255195	723
255195	729
255195	608
255195	612
255195	617
255377	648
255377	659
255377	667
255693	624
255693	644
255693	649
255693	653
255693	659
255693	669
255693	670
255693	676
255693	681
255693	692
255693	704
255693	719
255693	722
255693	736
255693	746
255693	966
255961	620
255961	625
255961	643
255961	666
255961	695
255961	698
255961	602
255961	603
256126	629
256126	636
256126	667
256126	672
256126	770
258734	666
258734	704
259847	635
259847	664
259847	666
259847	682
259847	698
259847	718
259952	620
259952	626
259952	639
259952	654
259952	665
259952	666
259952	669
259952	670
259952	671
259952	674
259952	679
259952	685
259952	687
259952	689
259952	695
259952	718
259952	723
259952	609
259952	612
261982	695
261982	700
262445	629
262445	666
262445	689
262445	698
262445	700
262445	779
262445	609
262445	616
262726	625
262726	643
262726	648
262726	695
262726	723
262726	619
263454	629
263454	695
263454	700
263856	620
263856	622
263856	626
263856	628
263856	629
263856	630
263856	638
263856	639
263856	640
263856	645
263856	649
263856	652
263856	655
263856	656
263856	659
263856	661
263856	665
263856	668
263856	672
263856	569
263856	571
263856	572
263856	573
263856	574
263856	575
263856	576
263856	578
263856	579
263856	580
263856	581
263856	582
263856	583
263856	584
263856	585
263856	586
263856	587
263856	588
263856	589
263856	590
263856	591
263856	594
263856	595
263856	597
263856	598
263856	601
263856	602
263856	603
263856	604
263856	605
263856	606
263856	607
263856	609
263856	610
263856	611
263856	613
263856	614
263856	618
264025	629
264025	643
264025	665
264025	666
264025	673
264025	681
264025	682
264025	695
264025	719
264090	636
264090	669
264090	693
264090	710
264090	751
264090	615
264135	622
264135	623
264135	626
264135	627
264135	632
264135	639
264135	641
264135	643
264135	644
264135	647
264135	648
264135	649
264135	656
264135	658
264135	659
264135	661
264135	670
264135	673
264135	674
264135	675
264135	679
264135	681
264135	683
264135	685
264135	686
264135	687
264135	688
264135	689
264135	692
264135	694
264135	699
264135	700
264135	706
264135	708
264135	709
264135	718
264135	719
264135	723
264135	726
264135	729
264135	797
264135	616
264135	619
264490	659
264490	661
264490	665
264490	668
264490	674
264490	685
266031	632
266031	643
266031	655
266031	674
266031	683
266031	719
266031	741
266031	766
266031	2682
266031	3153
266031	3251
266031	606
266356	685
266837	629
266837	636
266837	653
266837	659
266837	663
266837	664
266837	666
266837	667
266837	672
266837	681
266837	695
266837	696
266837	719
266837	589
266837	616
267590	653
267590	666
267590	667
267590	673
267590	682
267590	690
267590	695
267590	704
267590	712
267590	741
267590	603
267783	683
267783	699
267783	700
267783	709
267783	718
267783	751
267783	614
268762	667
268891	625
268891	643
268891	652
268891	658
268891	664
268891	666
268891	667
268891	695
268891	696
268891	698
268891	700
268891	706
268891	741
268891	766
268891	768
268891	770
268991	650
268991	667
268991	683
268991	695
268991	696
269720	623
269720	632
269720	643
269720	644
269720	664
269720	666
269720	679
269720	682
269720	684
269720	695
269720	698
269720	704
269720	741
269720	744
269720	752
269720	779
269720	789
271089	625
271089	638
271089	639
271089	675
271089	685
271089	718
271089	751
271966	651
271966	686
271966	602
271966	616
271976	643
271976	683
271976	695
271976	696
271976	704
271976	712
271976	720
271976	788
272179	659
272179	665
272179	719
272805	663
273258	629
273258	630
273258	650
273258	654
273258	751
273691	622
273691	639
273691	643
273691	661
273691	698
273691	699
273691	741
273691	751
273691	603
273691	616
274161	623
274161	629
274161	630
274161	633
274161	636
274161	640
274161	671
274161	683
274161	572
274161	604
275246	620
275246	643
275246	647
275246	651
275246	659
275246	667
275246	677
275246	689
275246	779
276034	625
276034	643
276034	653
276034	656
276034	666
276034	682
276034	683
276034	697
276034	703
276034	719
276034	723
276034	751
276034	601
276034	603
277439	623
277439	643
277439	647
277439	666
277439	667
277439	685
278559	641
278559	643
278559	646
278559	688
281734	624
281734	626
281734	627
281734	629
281734	630
281734	632
281734	633
281734	634
281734	636
281734	637
281734	642
281734	643
281734	644
281734	649
281734	656
281734	658
281734	661
281734	662
281734	666
281734	669
281734	672
281734	691
281734	726
281734	751
281734	589
281734	590
281734	617
282486	704
284565	629
284565	632
284565	647
284565	649
284565	659
284565	667
284565	672
284565	675
284565	679
284565	685
284565	704
284565	2195
290703	622
290703	625
290703	629
290703	634
290703	647
290703	653
290703	659
290703	667
290703	709
290703	741
290703	589
290977	625
290977	629
290977	640
290977	646
290977	650
290977	653
290977	654
290977	667
290977	700
290977	614
292663	629
292663	645
292663	663
292663	665
292663	666
292663	671
292663	680
292663	683
292663	685
292663	700
292663	706
292663	709
292663	718
292663	585
292663	590
292663	609
294461	682
294461	690
294461	696
294461	719
294461	731
294461	741
296242	635
296242	636
296242	712
296242	851
296244	653
296244	659
296244	695
297061	622
297061	625
297061	632
297061	651
297061	663
297061	664
297061	672
297061	708
297061	585
297061	589
297061	602
297061	606
297061	611
297061	612
297061	619
297623	634
297623	650
297623	655
297623	657
297623	666
297623	671
297623	674
297623	686
297623	700
297623	706
297623	718
297623	2688
297623	606
297623	619
298825	643
298825	664
298825	675
299210	625
299210	630
299210	643
299210	644
299210	652
299210	654
299210	704
299210	727
299210	603
299884	640
299884	646
299884	650
299884	655
299884	667
299884	671
299884	680
299884	690
299884	612
300562	622
300562	626
300562	627
300562	628
300562	629
300562	630
300562	635
300562	636
300562	640
300562	644
300562	645
300562	648
300562	649
300562	651
300562	655
300562	569
300562	572
300562	574
300562	575
300562	578
300562	581
300562	589
300562	590
300562	591
300562	592
300562	594
300562	595
300562	596
300562	597
300562	599
300562	600
300562	601
300562	602
300562	604
300562	607
300562	608
300562	609
300562	611
300562	612
300562	616
300562	618
301487	653
301487	659
301487	666
301487	706
301487	741
302110	622
302110	623
302110	624
302110	625
302110	626
302110	627
302110	629
302110	634
302110	636
302110	641
302110	644
302110	647
302110	661
302110	662
302110	663
302110	666
302110	669
302110	673
302110	583
302110	584
302110	586
302110	587
302110	588
302110	589
302110	590
302110	591
302110	594
302110	595
302110	596
302110	598
302110	599
302110	601
302110	602
302110	604
302110	605
302110	606
302110	608
302110	612
302110	616
302110	617
302110	618
302488	621
302488	626
302488	637
302488	649
302488	708
302488	780
302488	610
302488	611
302645	622
302645	623
302645	627
302645	629
302645	632
302645	643
302645	666
302645	675
302645	681
302645	741
302645	1182
302645	614
303269	622
303269	632
303269	640
303269	642
303269	643
303269	644
303269	645
303269	646
303269	647
303269	661
303269	662
303269	667
303269	683
303269	700
303269	723
303269	585
303269	612
305182	627
305182	637
305182	648
305182	658
305182	572
305182	575
305182	578
305182	582
305182	583
305182	584
305182	586
305182	588
305182	589
305182	590
305182	592
305182	593
305182	598
305182	604
305182	616
306282	623
306282	626
306282	627
306282	644
306282	647
306282	654
306282	658
306282	659
306282	661
306282	666
306282	673
306282	674
306282	675
306282	679
306282	681
306282	682
306282	683
306282	684
306282	686
306282	690
306282	693
306282	695
306282	697
306282	698
306282	700
306282	707
306282	708
306282	709
306282	710
306282	712
306282	719
306282	727
306282	732
306282	744
306282	751
306282	752
306282	779
306282	788
306282	867
306282	905
306688	622
306688	623
306688	625
306688	632
306688	642
306688	643
306688	647
306688	653
306688	659
306688	661
306688	664
306688	666
306688	667
306688	671
306688	672
306688	677
306688	682
306688	683
306688	695
306688	697
306688	700
306688	723
306688	742
306688	751
306688	867
306688	616
306688	617
307201	620
307201	622
307201	626
307201	627
307201	629
307201	630
307201	634
307201	635
307201	636
307201	641
307201	644
307201	645
307201	646
307201	648
307201	649
307201	651
307201	652
307201	654
307201	655
307201	658
307201	571
307201	574
307201	575
307201	579
307201	585
307201	586
307201	588
307201	589
307201	590
307201	592
307201	594
307201	595
307201	596
307201	599
307201	600
307201	601
307201	602
307201	605
307201	606
307201	607
307201	608
307201	609
307201	611
307201	613
307201	617
307706	627
307706	629
307706	654
307706	663
307706	666
307706	680
307706	682
307706	683
307706	696
307706	718
307706	723
307706	726
307706	729
307706	732
307706	752
307706	606
307706	609
307706	612
308453	626
308453	627
308453	629
308453	630
308453	634
308453	635
308453	636
308453	641
308453	646
308453	651
308453	654
308453	655
308453	658
308453	662
308453	668
308453	669
308453	677
308453	585
308453	587
308453	589
308453	590
308453	591
308453	594
308453	595
308453	599
308453	603
308453	605
308453	606
308453	607
308453	608
308453	612
308453	617
308834	620
308834	622
308834	623
308834	625
308834	626
308834	627
308834	629
308834	632
308834	633
308834	634
308834	636
308834	637
308834	640
308834	642
308834	644
308834	645
308834	646
308834	647
308834	650
308834	651
308834	652
308834	653
308834	654
308834	655
308834	656
308834	661
308834	666
308834	677
308834	742
308834	752
308834	572
308834	573
308834	574
308834	575
308834	576
308834	579
308834	582
308834	583
308834	586
308834	589
308834	594
308834	596
308834	600
308834	601
308834	603
308834	605
308834	606
308834	608
308834	609
308834	614
308834	616
308834	617
309162	643
309162	664
309162	666
309162	671
309162	682
309162	690
309162	693
309162	698
309162	700
309162	720
309162	723
309162	729
309162	751
309162	752
309162	753
309162	867
309926	625
309926	643
309926	667
309926	672
309926	683
309926	696
309926	698
309926	712
310354	620
310354	622
310354	623
310354	625
310354	626
310354	627
310354	628
310354	629
310354	630
310354	632
310354	634
310354	635
310354	636
310354	637
310354	638
310354	639
310354	640
310354	642
310354	643
310354	644
310354	645
310354	646
310354	647
310354	648
310354	649
310354	650
310354	652
310354	653
310354	655
310354	656
310354	657
310354	658
310354	659
310354	660
310354	662
310354	665
310354	667
310354	668
310354	669
310354	671
310354	672
310354	675
310354	676
310354	677
310354	679
310354	680
310354	681
310354	683
310354	685
310354	686
310354	687
310354	688
310354	689
310354	691
310354	694
310354	699
310354	708
310354	718
310354	723
310354	729
310354	574
310354	575
310354	585
310354	590
310354	591
310354	595
310354	601
310354	603
310354	604
310354	606
310354	608
310354	609
310354	612
310354	614
310354	616
310354	617
310461	636
310461	601
310499	664
310499	682
310499	741
310499	766
310499	770
312108	632
312108	637
312108	643
312108	646
312108	651
312108	653
312108	659
312108	666
312108	667
312108	669
312108	682
312108	696
312108	699
312108	709
312108	710
312108	712
312108	612
312497	620
312497	622
312497	624
312497	625
312497	626
312497	627
312497	628
312497	629
312497	630
312497	636
312497	638
312497	639
312497	640
312497	641
312497	643
312497	644
312497	645
312497	646
312497	647
312497	648
312497	651
312497	652
312497	653
312497	655
312497	656
312497	658
312497	659
312497	660
312497	671
312497	675
312497	567
312497	569
312497	570
312497	571
312497	572
312497	573
312497	574
312497	575
312497	576
312497	578
312497	579
312497	581
312497	584
312497	585
312497	586
312497	587
312497	588
312497	589
312497	590
312497	591
312497	592
312497	593
312497	594
312497	595
312497	597
312497	598
312497	601
312497	602
312497	604
312497	606
312497	607
312497	609
312497	610
312497	611
312497	612
312497	613
312497	614
312497	616
312497	617
312497	618
313893	585
313893	617
314302	642
314302	698
314302	789
314302	609
315749	659
315749	695
316528	644
316528	701
318503	620
318503	622
318503	623
318503	625
318503	626
318503	627
318503	632
318503	637
318503	641
318503	642
318503	643
318503	644
318503	646
318503	647
318503	648
318503	649
318503	650
318503	651
318503	658
318503	660
318503	664
318503	666
318503	667
318503	670
318503	673
318503	674
318503	679
318503	683
318503	684
318503	685
318503	688
318503	693
318503	694
318503	718
318503	719
318503	723
318503	732
318503	740
318503	742
318503	744
318503	775
318503	812
318503	601
318503	603
318503	608
318503	612
318503	617
318503	619
318518	625
318518	643
318518	666
318518	690
318518	695
318518	700
318518	704
318518	712
318518	713
318518	717
318518	722
318518	723
318518	741
318518	744
318518	759
318518	768
318518	773
318518	815
318518	612
318993	620
318993	622
318993	623
318993	635
318993	636
318993	638
318993	643
318993	646
318993	647
318993	649
318993	651
318993	655
318993	656
318993	659
318993	661
318993	664
318993	666
318993	667
318993	671
318993	674
318993	679
318993	681
318993	682
318993	685
318993	689
318993	697
318993	703
318993	704
318993	706
318993	707
318993	732
318993	744
318993	745
318993	763
318993	779
318993	788
318993	867
318993	608
318993	612
319194	659
319194	666
319194	719
319194	1769
319194	2922
319194	609
320537	622
320537	623
320537	626
320537	630
320537	633
320537	634
320537	635
320537	636
320537	638
320537	639
320537	642
320537	643
320537	644
320537	645
320537	648
320537	651
320537	652
320537	659
320537	661
320537	591
320537	594
320537	595
320537	596
320537	598
320537	599
320537	600
320537	602
320537	603
320537	604
320537	606
320537	608
320537	609
320537	610
320537	613
320537	615
320537	617
321036	623
321036	630
321036	632
321036	667
321036	700
321036	720
321235	634
321235	648
321235	664
321235	681
321235	698
321235	712
321235	741
321235	603
321346	627
321346	656
321346	672
321346	677
321346	697
321346	720
321346	742
321346	600
321348	625
321348	630
321348	642
321348	645
321348	653
321348	658
321348	671
321348	672
321348	676
321348	677
321348	680
321348	603
321348	604
321348	608
321348	610
321348	612
321348	614
321348	617
321491	625
321491	654
321491	718
321491	751
321491	752
322216	624
322216	628
322216	629
322216	630
322216	634
322216	636
322216	638
322216	645
322216	651
322216	652
322216	653
322216	654
322216	655
322216	660
322216	665
322216	668
322216	684
322216	572
322216	604
322465	625
322465	651
322465	597
322465	602
322465	604
322465	605
322465	608
322531	636
322531	638
322531	640
322531	645
322531	646
322531	650
322531	652
322531	655
322531	659
322531	671
322531	685
322531	688
322531	601
322531	603
322531	608
322531	610
322531	619
324280	625
324280	643
324280	667
324280	674
324280	683
324280	694
324280	698
325823	625
325823	643
325823	659
325823	774
325823	779
326002	625
326002	643
326002	647
326002	682
326002	683
326002	695
326002	698
326002	712
326002	616
326768	658
326768	704
326768	751
326768	766
326768	770
326768	789
326915	671
326915	696
326915	741
326915	770
326915	772
327130	623
327130	625
327130	626
327130	627
327130	632
327130	641
327130	643
327130	647
327130	649
327130	658
327130	659
327130	660
327130	664
327130	666
327130	667
327130	673
327130	674
327130	675
327130	679
327130	681
327130	683
327130	685
327130	686
327130	688
327130	706
327130	708
327130	709
327130	710
327130	719
327130	723
327130	729
327130	797
327130	608
327999	700
329126	644
329126	692
329126	695
330387	642
330387	732
330387	779
330387	608
330387	616
330407	622
330407	625
330407	627
330407	629
330407	632
330407	634
330407	636
330407	637
330407	639
330407	642
330407	643
330407	646
330407	653
330407	655
330407	657
330407	664
330407	666
330407	667
330407	668
330407	671
330407	672
330407	677
330407	680
330407	683
330407	685
330407	695
330407	709
330407	732
330407	612
330407	617
330407	619
332101	643
332101	664
332101	666
332101	667
332101	696
332101	698
332101	712
332101	619
332204	646
332346	626
332346	644
332346	654
332346	703
332346	567
332346	569
332346	570
332346	571
332346	585
332346	586
332346	588
332346	589
332346	590
332346	591
332346	593
332346	594
332346	596
332346	597
332346	598
332346	603
332346	605
332346	606
332346	607
332346	616
332346	618
334571	643
334571	650
334571	654
334571	700
334571	766
334705	628
334705	643
334705	775
334998	625
334998	636
334998	654
334998	659
334998	664
334998	743
