1750	3338
1750	3343
1750	3353
1750	3354
1750	3360
1750	3367
1750	3368
1750	3383
1750	3389
1750	3391
1750	3396
1750	3401
1750	3408
1750	3413
1750	3416
1750	3420
1750	3428
1750	3434
1750	3435
1750	3437
1750	3439
1750	3442
1750	3443
1750	3455
1750	3462
1750	3463
1750	3465
1750	3469
1750	3508
1750	3553
1791	3346
1791	3352
1791	3355
1791	3366
1791	3379
1791	3387
1791	3433
2068	3339
2068	3358
2068	3381
2068	3401
2068	3411
2068	3440
2068	3455
2068	3473
2068	3492
2068	3500
3306	3347
3306	3354
3306	3357
3306	3367
3306	3381
3306	3391
3306	3395
3306	3398
3306	3411
3306	3412
3306	3423
3306	3442
3306	3455
3306	3463
3306	3484
3306	3500
3306	3514
3651	3311
3651	3322
3651	3338
3651	3366
3651	3369
3651	3372
3651	3393
3651	3406
3651	3413
3651	3424
3651	3439
3651	3443
3651	3451
3651	3465
3651	3469
3651	3514
3892	3347
3892	3357
3892	3381
3892	3394
3892	3449
3892	3454
3892	3460
3892	3473
3892	3479
4805	3357
4805	3358
4805	3365
4805	3367
4805	3376
4805	3380
4805	3382
4805	3398
4805	3420
4805	3462
4805	3465
4805	3500
4966	3322
4966	3347
4966	3455
4966	3463
6237	3357
6237	3390
6237	3443
6237	3487
6237	3530
6648	3318
6648	3320
6648	3335
6648	3338
6648	3346
6648	3354
6648	3369
6648	3373
6648	3381
6648	3387
6648	3391
6648	3394
6648	3401
6648	3411
6648	3413
6648	3416
6648	3434
6648	3455
6648	3463
6648	3465
6690	3320
6690	3347
6690	3405
6690	3417
6690	3439
6690	3455
6690	3470
6690	3473
6690	3500
6935	3357
6935	3376
6935	3390
6935	3443
6935	3455
6935	3463
6935	3473
6935	3505
6935	3541
7146	3455
7146	3487
7146	3533
7490	3420
7490	3445
7784	3302
7784	3305
7784	3309
7784	3310
7784	3312
7784	3314
7784	3318
7784	3322
7784	3323
7784	3327
7784	3331
7784	3333
7784	3335
7784	3338
7784	3342
7784	3348
7784	3352
7784	3375
7784	3383
7784	3460
7808	3322
7808	3335
7808	3338
7808	3343
7808	3347
7808	3349
7808	3353
7808	3356
7808	3357
7808	3361
7808	3367
7808	3369
7808	3373
7808	3374
7808	3375
7808	3376
7808	3381
7808	3385
7808	3387
7808	3391
7808	3394
7808	3396
7808	3398
7808	3401
7808	3406
7808	3407
7808	3413
7808	3414
7808	3418
7808	3422
7808	3423
7808	3424
7808	3427
7808	3433
7808	3438
7808	3442
7808	3448
7808	3453
7808	3455
7808	3458
7808	3460
7808	3463
7808	3467
7808	3469
7808	3470
7808	3473
7808	3478
7808	3479
7808	3485
7808	3501
7808	3508
7808	3512
7808	3514
7886	3358
7886	3360
7886	3365
7886	3366
7886	3376
7886	3381
7886	3407
7886	3408
7886	3411
7886	3416
7886	3417
7886	3422
7886	3424
7886	3433
7886	3434
7886	3455
7886	3462
7886	3489
7886	3501
7886	3505
7886	3528
7886	3529
9386	3264
9386	3265
9386	3268
9386	3270
9386	3271
9386	3272
9386	3275
9386	3277
9386	3278
9386	3280
9386	3281
9386	3287
9386	3289
9386	3290
9386	3292
9386	3296
9386	3297
9386	3301
9386	3304
9386	3305
9386	3306
9386	3308
9386	3309
9386	3311
9386	3312
9386	3315
9386	3316
9386	3321
9386	3322
9386	3323
9386	3327
9386	3328
9386	3331
9386	3334
9386	3335
9386	3336
9386	3337
9386	3338
9386	3341
9386	3342
9386	3345
9386	3348
9386	3349
9386	3359
9386	3360
9386	3361
9386	3364
9386	3365
9386	3369
9386	3372
9386	3373
9386	3374
9386	3377
9386	3382
9386	3384
9386	3386
9386	3388
9386	3392
9386	3393
9386	3395
9386	3396
9386	3397
9386	3400
9386	3402
9386	3403
9386	3404
9386	3482
9919	3357
9919	3360
9919	3367
9919	3381
9919	3424
9919	3428
9919	3460
10031	3298
10031	3347
10031	3416
10031	3428
10031	3439
10031	3500
10031	3533
10223	3311
10223	3333
10223	3337
10223	3338
10223	3341
10223	3342
10223	3343
10223	3357
10223	3363
10223	3365
10223	3368
10223	3374
10223	3375
10223	3382
10223	3383
10223	3403
10223	3404
10223	3406
10223	3408
10223	3410
10223	3413
10223	3417
10223	3419
10223	3422
10223	3423
10223	3425
10223	3426
10223	3427
10223	3429
10223	3430
10223	3433
10223	3435
10252	3381
10252	3418
10252	3427
10252	3432
10252	3443
10252	3444
10252	3455
10252	3460
10252	3463
10252	3470
10252	3478
10252	3479
10252	3487
10252	3505
10252	3520
10252	3529
10252	3532
11945	3347
11945	3411
11945	3428
11945	3482
12604	3443
12604	3448
13361	3302
13361	3356
13361	3514
15947	3354
15947	3366
15947	3381
15947	3408
15947	3416
15947	3424
15947	3440
15947	3456
15947	3460
15947	3463
15947	3492
16033	3318
16033	3347
16033	3375
16033	3381
16033	3391
16339	3293
16339	3297
16339	3298
16339	3299
16339	3302
16339	3307
16339	3316
16339	3321
16339	3334
16339	3335
16339	3348
16339	3356
16339	3360
16339	3361
16339	3363
16339	3369
16339	3372
16339	3373
16339	3374
16339	3377
16339	3384
16339	3385
16339	3388
16339	3396
16339	3400
16339	3401
16339	3405
16339	3408
16339	3409
16339	3416
16339	3417
16339	3418
16339	3419
16339	3420
16339	3421
16339	3424
16339	3427
16339	3429
16339	3434
16339	3436
16339	3440
16339	3441
16339	3442
16339	3451
16339	3453
16339	3460
16339	3462
16339	3464
16339	3469
16339	3470
16339	3472
16339	3477
16339	3481
16339	3492
16339	3494
16339	3513
16385	3338
16385	3353
16385	3354
16385	3360
16385	3366
16385	3378
16385	3394
16385	3396
16385	3413
16385	3434
16385	3435
16385	3438
16385	3442
16385	3454
16385	3462
16385	3465
16385	3514
16385	3535
17064	3331
17064	3346
17064	3347
17064	3375
17064	3380
17064	3383
17064	3417
17064	3422
17064	3428
17064	3430
17064	3443
17064	3446
17064	3449
17064	3463
17064	3483
17064	3500
17064	3533
18825	3357
18825	3367
18825	3371
18825	3375
18825	3376
18825	3382
18825	3390
18825	3408
18825	3427
18825	3459
18825	3473
18825	3489
18825	3501
18825	3530
19141	3391
20447	3338
20447	3354
20447	3357
20447	3378
20447	3383
20447	3391
20447	3394
20447	3396
20447	3401
20447	3413
20447	3434
20447	3435
20447	3442
20447	3461
20447	3462
20447	3463
20447	3465
20447	3467
20447	3469
20447	3505
20447	3522
23192	3357
23192	3381
23192	3455
24134	3345
24134	3347
24134	3357
24134	3376
24134	3388
24134	3389
24134	3390
24134	3391
24134	3396
24134	3417
24134	3434
24134	3442
24134	3462
24134	3465
24217	3358
24371	3276
24371	3298
24371	3320
24371	3326
24371	3331
24371	3334
24371	3335
24371	3338
24371	3339
24371	3344
24371	3345
24371	3346
24371	3347
24371	3348
24371	3352
24371	3354
24371	3358
24371	3359
24371	3360
24371	3361
24371	3362
24371	3365
24371	3366
24371	3369
24371	3373
24371	3374
24371	3378
24371	3380
24371	3381
24371	3384
24371	3387
24371	3388
24371	3389
24371	3393
24371	3395
24371	3396
24371	3397
24371	3405
24371	3407
24371	3408
24371	3416
24371	3417
24371	3420
24371	3421
24371	3424
24371	3426
24371	3427
24371	3428
24371	3429
24371	3430
24371	3434
24371	3436
24371	3438
24371	3439
24371	3446
24371	3447
24371	3449
24371	3450
24371	3451
24371	3453
24371	3454
24371	3456
24371	3460
24371	3462
24371	3463
24371	3465
24371	3470
24371	3472
24371	3474
24371	3481
24371	3483
24371	3492
24371	3535
26712	3298
26712	3299
26712	3304
26712	3312
26712	3316
26712	3323
26712	3326
26712	3334
26712	3337
26712	3340
26712	3343
26712	3351
26712	3361
26712	3365
26712	3369
26712	3373
26712	3374
26712	3378
26712	3380
26712	3387
26712	3388
26712	3396
26712	3405
26712	3415
26712	3417
26712	3418
26712	3427
26712	3429
26712	3430
26712	3432
26712	3436
26712	3442
26712	3471
26712	3481
26712	3508
26712	3520
27321	3345
27321	3405
27321	3416
27321	3444
27321	3467
27501	3347
27501	3354
27501	3394
27501	3401
29255	3289
29255	3290
29255	3292
29255	3296
29255	3298
29255	3299
29255	3301
29255	3305
29255	3306
29255	3308
29255	3309
29255	3310
29255	3311
29255	3312
29255	3314
29255	3315
29255	3316
29255	3317
29255	3319
29255	3321
29255	3325
29255	3326
29255	3331
29255	3335
29255	3336
29255	3341
29255	3342
29255	3348
29255	3349
29255	3359
29255	3363
29255	3364
29255	3369
29255	3375
29255	3382
29255	3386
29255	3389
29255	3393
29255	3402
29255	3403
29255	3404
29255	3425
29778	3389
29778	3391
29778	3411
29778	3416
29778	3443
29778	3455
29778	3463
29778	3487
29778	3500
29778	3514
29778	3529
30733	3318
30733	3366
30733	3400
30733	3434
30733	3436
33540	3335
33540	3344
33540	3359
33540	3391
33540	3393
33540	3396
33540	3421
33540	3428
33540	3433
33540	3434
33540	3462
34154	3326
34154	3347
34154	3354
34154	3361
34154	3369
34154	3389
34154	3428
34154	3533
34611	3350
34611	3357
34611	3381
34611	3416
34611	3449
35478	3276
35478	3283
35478	3284
35478	3288
35478	3289
35478	3290
35478	3298
35478	3302
35478	3304
35478	3305
35478	3306
35478	3310
35478	3311
35478	3312
35478	3314
35478	3315
35478	3318
35478	3320
35478	3322
35478	3324
35478	3326
35478	3331
35478	3336
35478	3337
35478	3338
35478	3340
35478	3341
35478	3343
35478	3344
35478	3348
35478	3350
35478	3351
35478	3352
35478	3353
35478	3356
35478	3357
35478	3359
35478	3363
35478	3364
35478	3365
35478	3369
35478	3371
35478	3373
35478	3374
35478	3375
35478	3376
35478	3377
35478	3380
35478	3382
35478	3383
35478	3384
35478	3389
35478	3391
35478	3392
35478	3393
35478	3397
35478	3399
35478	3401
35478	3402
35478	3404
35478	3406
35478	3409
35478	3410
35478	3413
35478	3415
35478	3416
35478	3417
35478	3418
35478	3419
35478	3420
35478	3424
35478	3428
35478	3430
35478	3431
35478	3448
35478	3449
35478	3463
35478	3464
35478	3465
35713	3318
35713	3347
35713	3354
35713	3366
35713	3375
35713	3381
35713	3391
35713	3413
35713	3428
35713	3438
35713	3441
35713	3442
35713	3450
35713	3454
35713	3463
35713	3465
35713	3529
35966	3345
35966	3416
35966	3439
35966	3455
35966	3463
36790	3350
36790	3416
36790	3455
36790	3463
36790	3465
36790	3514
36790	3529
37043	3441
37043	3442
37043	3455
37043	3492
38013	3318
38013	3321
38013	3322
38013	3323
38013	3327
38013	3331
38013	3335
38013	3338
38013	3340
38013	3341
38013	3343
38013	3353
38013	3356
38013	3361
38013	3364
38013	3375
38013	3379
38013	3383
38013	3384
38013	3387
38013	3392
38013	3406
38013	3407
38013	3409
38013	3414
38013	3418
38013	3433
38013	3438
38013	3454
38479	3338
38479	3350
38479	3353
38479	3354
38479	3358
38479	3365
38479	3366
38479	3378
38479	3383
38479	3387
38479	3391
38479	3395
38479	3396
38479	3397
38479	3400
38479	3401
38479	3408
38479	3411
38479	3416
38479	3417
38479	3418
38479	3422
38479	3424
38479	3427
38479	3428
38479	3429
38479	3430
38479	3434
38479	3438
38479	3441
38479	3442
38479	3446
38479	3449
38479	3453
38479	3454
38479	3455
38479	3456
38479	3462
38479	3463
38479	3465
38479	3467
38479	3471
38479	3483
38479	3492
38479	3520
38479	3535
39142	3338
39142	3350
39142	3368
39142	3394
39142	3396
39142	3426
39142	3428
39142	3439
39142	3443
39142	3448
39142	3455
39142	3468
39142	3469
39142	3479
39142	3490
39142	3520
39275	3354
39275	3366
39275	3382
39275	3397
39275	3401
39275	3413
40242	3289
40242	3356
40242	3395
40242	3421
40242	3427
40242	3429
40556	3338
40556	3354
40556	3357
40556	3390
40556	3401
40556	3413
40556	3416
40556	3439
40556	3443
40556	3450
40556	3465
40556	3467
40556	3483
40556	3500
40556	3520
40963	3357
43096	3394
43096	3404
43096	3414
43096	3463
43096	3479
43362	3280
43362	3309
43362	3310
43362	3311
43362	3312
43362	3313
43362	3314
43362	3317
43362	3318
43362	3319
43362	3325
43362	3326
43362	3327
43362	3328
43362	3330
43362	3331
43362	3334
43362	3335
43362	3336
43362	3337
43362	3338
43362	3340
43362	3341
43362	3342
43362	3343
43362	3347
43362	3348
43362	3349
43362	3352
43362	3353
43362	3357
43362	3358
43362	3360
43362	3361
43362	3362
43362	3365
43362	3369
43362	3372
43362	3375
43362	3380
43362	3382
43362	3385
43362	3387
43362	3388
43362	3391
43362	3395
43362	3396
43362	3397
43362	3399
43362	3403
43362	3404
43362	3405
43362	3407
43362	3408
43362	3409
43362	3413
43362	3414
43362	3415
43362	3419
43362	3422
43362	3423
43362	3427
43362	3428
43362	3429
43362	3430
43362	3438
43362	3443
43362	3444
43362	3445
43362	3446
43362	3447
43362	3449
43362	3452
43362	3454
43362	3458
43362	3459
43362	3462
43362	3463
43362	3464
48570	3322
48570	3343
48570	3381
48570	3382
48570	3390
48570	3394
48570	3413
48570	3414
48570	3440
48570	3441
48570	3463
48570	3479
48570	3500
49279	3302
49279	3323
49279	3347
49279	3366
49279	3387
49279	3413
49279	3424
49279	3455
49279	3467
49279	3477
49279	3535
49508	3352
49508	3355
49508	3360
49508	3384
49508	3405
49508	3409
49508	3419
49508	3424
49508	3452
49508	3456
49508	3481
49508	3491
49508	3492
49508	3524
49508	3538
49763	3347
49763	3354
49763	3383
49763	3396
49763	3428
49763	3447
49763	3455
49763	3465
49939	3278
49939	3290
49939	3292
49939	3293
49939	3298
49939	3308
49939	3309
49939	3348
49939	3369
49939	3377
49939	3380
49939	3386
49939	3387
49939	3388
49939	3393
49939	3395
49939	3397
49939	3400
49939	3403
49939	3406
49939	3407
49939	3410
49939	3413
49939	3416
49939	3419
49939	3426
50354	3310
50354	3311
50354	3312
50354	3313
50354	3318
50354	3321
50354	3325
50354	3326
50354	3327
50354	3328
50354	3331
50354	3332
50354	3335
50354	3336
50354	3337
50354	3338
50354	3341
50354	3343
50354	3348
50354	3349
50354	3352
50354	3354
50354	3357
50354	3359
50354	3362
50354	3364
50354	3365
50354	3368
50354	3369
50354	3372
50354	3374
50354	3377
50354	3385
50354	3389
50354	3392
50354	3393
50354	3397
50354	3402
50354	3403
50354	3404
50354	3405
50354	3406
50354	3408
50354	3413
50354	3416
50354	3417
50354	3419
50354	3422
50354	3425
50354	3427
50354	3429
50354	3430
50354	3431
50354	3435
50354	3437
50354	3513
50714	3415
50714	3420
50714	3436
50714	3443
50714	3449
50714	3483
51394	3367
51394	3376
51394	3381
51394	3396
51394	3416
51394	3443
51394	3448
51394	3455
51394	3461
51394	3463
51394	3468
51394	3477
51394	3484
51394	3487
51394	3500
51394	3505
51394	3513
51394	3527
51394	3529
51394	3530
51394	3533
51394	3539
51408	3500
51566	3338
51566	3357
51566	3358
51566	3381
51566	3384
51566	3385
51566	3387
51566	3388
51566	3390
51566	3391
51566	3394
51566	3396
51566	3401
51566	3404
51566	3405
51566	3408
51566	3410
51566	3417
51566	3424
51566	3442
51566	3443
51566	3453
51566	3461
51566	3465
51566	3470
51566	3473
51566	3483
51566	3487
51566	3489
51566	3492
51566	3500
51566	3505
51566	3514
51566	3516
51566	3524
51566	3530
51566	3532
51566	3533
51566	3535
51566	3538
51566	3541
51566	3547
51566	3548
51581	3416
51581	3455
51581	3487
51581	3500
51581	3505
51581	3509
51581	3513
51581	3533
51581	3539
54970	3343
54970	3357
54970	3358
54970	3360
54970	3365
54970	3381
54970	3384
54970	3391
54970	3394
54970	3416
54970	3424
54970	3430
54970	3440
54970	3443
54970	3453
54970	3460
54970	3462
54970	3483
54970	3520
55063	3338
55063	3340
55063	3350
55063	3353
55063	3354
55063	3357
55063	3365
55063	3366
55063	3397
55063	3416
55063	3422
55063	3428
55063	3437
55063	3444
55063	3448
55063	3449
55063	3450
55063	3452
55063	3458
55063	3465
55063	3467
55063	3468
55063	3473
55063	3477
55063	3478
55063	3482
55063	3486
55063	3502
55063	3508
55063	3512
55063	3517
55063	3535
55401	3367
55401	3376
55401	3381
55401	3390
55401	3416
55401	3459
55401	3475
55401	3476
55401	3493
55401	3516
55401	3527
55401	3529
55401	3536
55401	3539
55634	3347
55634	3375
55634	3391
55634	3394
55634	3428
55634	3463
55634	3465
55634	3514
55828	3318
55828	3361
55828	3369
55828	3389
55828	3391
55828	3396
55828	3462
55828	3500
55828	3506
56783	3347
56783	3354
56783	3387
56783	3467
56783	3484
57311	3271
57311	3273
57311	3277
57311	3278
57311	3279
57311	3282
57311	3283
57311	3286
57311	3287
57311	3299
57311	3305
57311	3331
57311	3332
57311	3334
57311	3335
57311	3336
57311	3337
57311	3339
57311	3346
57311	3349
57311	3350
57311	3351
57311	3352
57311	3353
57311	3354
57311	3357
57311	3358
57311	3359
57311	3360
57311	3361
57311	3362
57311	3363
57311	3364
57311	3368
57311	3369
57311	3375
57311	3382
57311	3384
57311	3386
57311	3387
57311	3388
57311	3389
57311	3391
57311	3395
57311	3397
57311	3400
57311	3402
57311	3403
57311	3405
57311	3406
57311	3407
57311	3408
57311	3422
57311	3457
58236	3357
58236	3367
58236	3381
58236	3386
58236	3401
58236	3417
58236	3463
58236	3473
58236	3539
59154	3455
59154	3463
59266	3366
59266	3439
59266	3443
59266	3463
59323	3347
59323	3362
59323	3394
59323	3444
59733	3320
59733	3347
59733	3369
59733	3383
59733	3394
59733	3397
59733	3414
59733	3416
59733	3418
59733	3422
59733	3428
59733	3437
59733	3438
59733	3446
59733	3447
59733	3452
59733	3453
59733	3455
59733	3465
59733	3486
59733	3527
60244	3408
60244	3455
60244	3509
60597	3390
60597	3416
60597	3435
60597	3439
60597	3463
60597	3477
60986	3416
60986	3440
60986	3447
60986	3459
60986	3471
60986	3524
61760	3441
61760	3487
61892	3294
61892	3297
61892	3327
61892	3351
62161	3320
62161	3331
62161	3334
62161	3340
62161	3354
62161	3366
62161	3389
62161	3434
62161	3455
62161	3492
62341	3340
62341	3353
62341	3365
62341	3366
62341	3378
62341	3381
62341	3387
62341	3388
62341	3394
62341	3395
62341	3401
62341	3406
62341	3407
62341	3408
62341	3413
62341	3416
62341	3418
62341	3419
62341	3420
62341	3422
62341	3424
62341	3427
62341	3428
62341	3429
62341	3432
62341	3435
62341	3440
62341	3443
62341	3444
62341	3446
62341	3447
62341	3449
62341	3454
62341	3455
62341	3456
62341	3467
62341	3471
62341	3474
62341	3479
62341	3481
62341	3483
62341	3502
62341	3514
62341	3517
63772	3358
63772	3366
63772	3416
63772	3500
64080	3416
64080	3420
64080	3432
64080	3461
64080	3477
64080	3487
64080	3500
64829	3358
64829	3365
64829	3382
64829	3487
65398	3266
65398	3271
65398	3272
65398	3277
65398	3280
65398	3281
65398	3285
65398	3286
65398	3287
65398	3289
65398	3290
65398	3292
65398	3293
65398	3299
65398	3302
65398	3303
65398	3304
65398	3312
65398	3314
65398	3316
65398	3317
65398	3327
65398	3333
65398	3334
65398	3337
65398	3338
65398	3339
65398	3343
65398	3348
65398	3349
65398	3352
65398	3353
65398	3356
65398	3357
65398	3361
65398	3362
65398	3364
65398	3365
65398	3368
65398	3369
65398	3374
65398	3378
65398	3379
65398	3384
65398	3387
65398	3388
65398	3389
65398	3391
65398	3395
65398	3396
65398	3397
65398	3399
65398	3400
65398	3402
65398	3409
65398	3420
65398	3424
65398	3435
65398	3474
65398	3475
65398	3520
66068	3302
66068	3396
66068	3411
66068	3427
66068	3439
66068	3455
66068	3474
66068	3492
66068	3508
67353	3326
67461	3338
67461	3340
67461	3343
67461	3346
67461	3352
67461	3354
67461	3356
67461	3357
67461	3360
67461	3365
67461	3366
67461	3368
67461	3376
67461	3381
67461	3383
67461	3384
67461	3387
67461	3389
67461	3390
67461	3391
67461	3394
67461	3397
67461	3400
67461	3401
67461	3405
67461	3406
67461	3407
67461	3408
67461	3411
67461	3413
67461	3416
67461	3417
67461	3422
67461	3427
67461	3428
67461	3433
67461	3434
67461	3435
67461	3437
67461	3439
67461	3440
67461	3441
67461	3443
67461	3446
67461	3447
67461	3454
67461	3455
67461	3461
67461	3462
67461	3463
67461	3465
67461	3468
67461	3473
67461	3474
67461	3477
67461	3479
67461	3482
67461	3483
67461	3484
67461	3486
67461	3489
67461	3492
67461	3500
67461	3501
67461	3505
67461	3508
67461	3511
67461	3514
67461	3522
67461	3524
67461	3529
67461	3530
67461	3533
67461	3535
67461	3541
67461	3551
67976	3321
67976	3345
67976	3346
67976	3463
69326	3401
69326	3427
69326	3443
69326	3470
69326	3479
69367	3366
69367	3385
69367	3443
70527	3318
70527	3338
70527	3345
70527	3347
70527	3354
70527	3356
70527	3363
70527	3375
70527	3381
70527	3382
70527	3390
70527	3391
70527	3394
70527	3401
70527	3413
70527	3416
70527	3440
70527	3442
70527	3455
70527	3460
70527	3463
70527	3465
70725	3357
70725	3367
70725	3376
70725	3381
70725	3382
70725	3387
70725	3390
70725	3391
70725	3408
70725	3413
70725	3414
70725	3442
70725	3460
70725	3462
70725	3463
70725	3467
70725	3473
70725	3489
70725	3500
70725	3501
70725	3505
70725	3529
74146	3356
74146	3506
74146	3513
74489	3346
74489	3358
74489	3369
74489	3454
74489	3463
75277	3357
75277	3358
75277	3360
75277	3366
75277	3387
75277	3389
75277	3390
75277	3406
75277	3408
75277	3413
75277	3419
75277	3434
75277	3442
75277	3454
75277	3465
75277	3467
75277	3483
75277	3487
75729	3298
75729	3307
75729	3321
75729	3322
75729	3334
75729	3335
75729	3345
75729	3363
75729	3368
75729	3369
75729	3385
75729	3388
75729	3393
75729	3400
75729	3403
75729	3409
75729	3421
76710	3314
76710	3315
76710	3330
76710	3331
76710	3337
76710	3357
76710	3363
76710	3364
76710	3375
76710	3378
76710	3383
76710	3402
76710	3407
76710	3410
76710	3419
76710	3420
76710	3423
76710	3429
76710	3432
76770	3338
76770	3344
76770	3347
76770	3361
76770	3369
76770	3375
76770	3378
76770	3385
76770	3391
76770	3396
76770	3401
76770	3406
76770	3411
76770	3413
76770	3422
76770	3438
76770	3439
76770	3442
76770	3443
76770	3447
76770	3454
76770	3455
76770	3459
76770	3463
76770	3465
76770	3471
76770	3477
76770	3514
76903	3276
76903	3278
76903	3287
76903	3289
76903	3307
76903	3318
76903	3322
76903	3323
76903	3326
76903	3334
76903	3335
76903	3344
76903	3345
76903	3347
76903	3348
76903	3349
76903	3357
76903	3359
76903	3367
76903	3369
76903	3370
76903	3371
76903	3373
76903	3374
76903	3375
76903	3376
76903	3382
76903	3386
76903	3387
76903	3388
76903	3389
76903	3391
76903	3392
76903	3394
76903	3396
76903	3398
76903	3399
76903	3400
76903	3401
76903	3403
76903	3405
76903	3406
76903	3409
76903	3410
76903	3413
76903	3417
76903	3427
76903	3433
76903	3439
76903	3441
76903	3442
76903	3450
76903	3451
76903	3453
76903	3514
77722	3278
77722	3279
77722	3281
77722	3286
77722	3287
77722	3289
77722	3293
77722	3302
77722	3318
77722	3323
77722	3331
77722	3332
77722	3334
77722	3340
77722	3343
77722	3348
77722	3349
77722	3350
77722	3352
77722	3353
77722	3356
77722	3357
77722	3360
77722	3362
77722	3364
77722	3365
77722	3374
77722	3377
77722	3384
77722	3392
77722	3395
77722	3396
77722	3397
77722	3399
77722	3401
77722	3402
77722	3404
77722	3407
77722	3410
77722	3414
77722	3416
77722	3419
77722	3420
77722	3427
77722	3428
77722	3430
77722	3431
77722	3432
77722	3448
77722	3450
77735	3412
77735	3466
79123	3354
79123	3413
79123	3416
79123	3442
79123	3443
79123	3463
79123	3533
79123	3539
79123	3553
80640	3356
80640	3358
80640	3360
80640	3368
80640	3374
80640	3380
80640	3384
80640	3409
80640	3410
80640	3419
80640	3420
80640	3426
80640	3441
80640	3457
80640	3462
80640	3470
80640	3479
80640	3486
80640	3487
80640	3492
80640	3496
80640	3500
80640	3502
80640	3513
80640	3515
80640	3521
80640	3533
80640	3536
80640	3537
80640	3549
83962	3344
83962	3345
83962	3381
83962	3395
83962	3396
83962	3439
83962	3455
83962	3463
84151	3437
84151	3461
84151	3463
85202	3380
86243	3307
86243	3369
86809	3340
86809	3358
86809	3381
86809	3401
86809	3409
86809	3411
86809	3416
86809	3419
86809	3420
86809	3434
86809	3500
86809	3529
87923	3302
87923	3347
87923	3354
87923	3360
87923	3365
87923	3366
87923	3381
87923	3391
87923	3401
87923	3416
87923	3428
87923	3439
87923	3463
87923	3492
89465	3375
89465	3391
89465	3463
90015	3298
90015	3302
90015	3321
90015	3332
90015	3333
90015	3334
90015	3338
90015	3344
90015	3350
90015	3352
90015	3353
90015	3356
90015	3357
90015	3358
90015	3363
90015	3365
90015	3369
90015	3371
90015	3373
90015	3375
90015	3383
90015	3388
90015	3391
90015	3392
90015	3393
90015	3395
90015	3400
90015	3404
90015	3405
90015	3406
90015	3407
90015	3409
90015	3417
90015	3421
90015	3435
90015	3438
90015	3441
90015	3443
90015	3454
90015	3456
90015	3464
90015	3470
90015	3472
90015	3520
92675	3383
92675	3388
92675	3406
92675	3440
92675	3479
94173	3346
94173	3358
94173	3365
94173	3366
94173	3381
94173	3385
94173	3389
94173	3394
94173	3398
94173	3405
94173	3470
94173	3479
94173	3505
94173	3514
94528	3344
94528	3345
94528	3347
94528	3369
94528	3385
94528	3391
94528	3394
94528	3396
94528	3406
94528	3408
94528	3422
94528	3430
94528	3432
94528	3442
94528	3448
94528	3455
94528	3458
94528	3469
94528	3471
94528	3473
94528	3477
94528	3500
94528	3501
94528	3505
95924	3354
95924	3356
95924	3390
95947	3354
95947	3357
95947	3367
95947	3390
95947	3391
95947	3394
95947	3411
95947	3434
95947	3443
95947	3455
95947	3463
96523	3301
96523	3302
96523	3394
96523	3408
97254	3322
97254	3354
97254	3368
97254	3390
97254	3391
97254	3396
97254	3410
97254	3413
97254	3467
97254	3514
98300	3322
98300	3347
98300	3390
98300	3391
98300	3401
98300	3443
98300	3529
99994	3305
99994	3318
99994	3334
99994	3335
99994	3337
99994	3342
99994	3350
99994	3361
99994	3363
99994	3365
99994	3369
99994	3375
99994	3380
99994	3383
99994	3404
99994	3406
99994	3407
99994	3409
99994	3410
99994	3421
99994	3423
99994	3427
99994	3435
99994	3437
99994	3438
99994	3458
99994	3462
99994	3468
99994	3472
99994	3488
99994	3490
101035	3272
101035	3275
101035	3290
101035	3292
101035	3302
101035	3303
101035	3306
101035	3309
101035	3310
101035	3311
101035	3312
101035	3313
101035	3314
101035	3315
101035	3318
101035	3319
101035	3320
101035	3321
101035	3322
101035	3323
101035	3327
101035	3331
101035	3332
101035	3333
101035	3335
101035	3337
101035	3338
101035	3340
101035	3341
101035	3342
101035	3343
101035	3344
101035	3345
101035	3348
101035	3349
101035	3352
101035	3357
101035	3360
101035	3364
101035	3369
101035	3372
101035	3375
101035	3378
101035	3379
101035	3382
101035	3383
101035	3385
101035	3386
101035	3387
101035	3388
101035	3389
101035	3393
101035	3394
101035	3395
101035	3397
101035	3400
101035	3401
101035	3402
101035	3403
101035	3406
101035	3409
101035	3413
101035	3415
101035	3416
101035	3417
101035	3421
101035	3422
101035	3423
101035	3429
101035	3430
101035	3431
101035	3432
101035	3438
101035	3439
101035	3443
101035	3445
101035	3446
101035	3450
101035	3469
102218	3411
102218	3434
102218	3455
102218	3529
102431	3271
102431	3273
102431	3274
102431	3275
102431	3297
102431	3313
102431	3314
102431	3315
102431	3320
102431	3323
102431	3331
102431	3338
102431	3342
102431	3343
102431	3350
102431	3352
102431	3361
102431	3368
102431	3373
102431	3379
102431	3380
102431	3387
102431	3391
102431	3402
102431	3405
102431	3406
102431	3407
102431	3416
102431	3417
102431	3424
102431	3441
102431	3442
102431	3465
102431	3535
103576	3388
103576	3411
103576	3416
103576	3424
103576	3427
103576	3443
106844	3500
107086	3417
107086	3421
107155	3378
107155	3463
110238	3372
110238	3391
110238	3486
110238	3506
110510	3268
110510	3359
110510	3361
110510	3363
110510	3365
110510	3369
110510	3372
110510	3374
110510	3375
110510	3377
110510	3378
110510	3380
110510	3383
110510	3385
110510	3386
110510	3387
110510	3389
110510	3392
110510	3407
110510	3427
110510	3438
110545	3381
110545	3393
110545	3394
110545	3417
110545	3533
111058	3321
111058	3347
111058	3375
111058	3383
111058	3391
111058	3394
111058	3442
111058	3463
111290	3272
111290	3277
111290	3278
111290	3279
111290	3283
111290	3285
111290	3286
111290	3290
111290	3302
111290	3309
111290	3310
111290	3311
111290	3312
111290	3314
111290	3315
111290	3322
111290	3323
111290	3327
111290	3333
111290	3335
111290	3338
111290	3340
111290	3343
111290	3351
111290	3356
111290	3357
111290	3358
111290	3361
111290	3362
111290	3363
111290	3364
111290	3365
111290	3368
111290	3374
111290	3375
111290	3378
111290	3383
111290	3386
111290	3387
111290	3388
111290	3389
111290	3391
111290	3392
111290	3393
111290	3394
111290	3400
111290	3401
111290	3402
111290	3403
111290	3404
111290	3408
112430	3357
112430	3366
112430	3381
112430	3391
112430	3401
112430	3411
112430	3416
112430	3443
112430	3448
112430	3462
112430	3463
112430	3500
113007	3354
113007	3411
113007	3416
113007	3428
113007	3460
113007	3463
113173	3345
113173	3347
113173	3375
113173	3391
113173	3394
113173	3442
113173	3529
113217	3317
113217	3318
113217	3319
113217	3320
113217	3321
113217	3323
113217	3326
113217	3327
113217	3328
113217	3330
113217	3332
113217	3334
113217	3335
113217	3336
113217	3337
113217	3338
113217	3340
113217	3341
113217	3343
113217	3344
113217	3345
113217	3346
113217	3349
113217	3350
113217	3353
113217	3354
113217	3357
113217	3361
113217	3364
113217	3365
113217	3369
113217	3375
113217	3378
113217	3382
113217	3383
113217	3389
113217	3394
113217	3397
113217	3406
113217	3408
113217	3413
113217	3419
113217	3422
113217	3428
113217	3435
113217	3437
113217	3438
113217	3459
113217	3460
113217	3464
113217	3483
113217	3508
113217	3535
114161	3357
114161	3394
114161	3401
114161	3442
114161	3443
114161	3449
114161	3453
114161	3463
114161	3465
114161	3468
114161	3473
114161	3477
114161	3501
114161	3505
114908	3338
114908	3340
114908	3354
114908	3366
114908	3416
114908	3428
114908	3443
114908	3444
114908	3447
114908	3454
114908	3455
114908	3463
114908	3465
114908	3469
114908	3479
114908	3505
116322	3338
116322	3455
118125	3358
118125	3390
118125	3408
118125	3430
118320	3276
118320	3338
118320	3347
118320	3416
118476	3333
118476	3347
118476	3391
118476	3396
118476	3405
118476	3455
118476	3500
118476	3514
118522	3338
118522	3343
118522	3352
118522	3354
118522	3356
118522	3360
118522	3365
118522	3368
118522	3374
118522	3383
118522	3387
118522	3389
118522	3391
118522	3401
118522	3410
118522	3413
118522	3416
118522	3428
118522	3434
118522	3442
118522	3443
118522	3449
118522	3455
118522	3462
118522	3463
118522	3467
118522	3492
118522	3500
118522	3509
121103	3352
121103	3383
121103	3413
124345	3496
124345	3500
124345	3517
126485	3380
126485	3385
126485	3388
126485	3391
126485	3395
126485	3396
126485	3411
126485	3439
126485	3442
126485	3443
126485	3447
126485	3455
126485	3459
126485	3463
126485	3468
126485	3469
126485	3473
126485	3489
126485	3505
126485	3508
126485	3513
126485	3529
126485	3541
126606	3322
126606	3335
126606	3428
126606	3451
126623	3368
126623	3380
126623	3408
126623	3413
126623	3435
126623	3436
126623	3447
126623	3455
126623	3474
126623	3500
126623	3533
126623	3535
127739	3347
127739	3369
127739	3375
127739	3383
127739	3394
127739	3416
127739	3463
127739	3467
127771	3272
127771	3321
127771	3326
127771	3338
127771	3351
127771	3353
127771	3359
127771	3360
127771	3361
127771	3363
127771	3364
127771	3369
127771	3375
127771	3376
127771	3378
127771	3382
127771	3383
127771	3386
127771	3387
127771	3388
127771	3393
127771	3394
127771	3400
127771	3401
127771	3402
127771	3406
127771	3413
127771	3427
127771	3435
127771	3438
127771	3441
127771	3445
127771	3447
127771	3451
127771	3454
127771	3455
127771	3463
127771	3464
127771	3465
127771	3467
127771	3483
127771	3494
129511	3309
129511	3351
129511	3386
129511	3387
129511	3400
129511	3437
130091	3361
130091	3362
130091	3373
130091	3401
130091	3442
130091	3448
130091	3471
130091	3473
130091	3477
130091	3479
130091	3519
130099	3345
130099	3347
130099	3357
130099	3384
130099	3391
130099	3401
130316	3346
130316	3347
130316	3358
130316	3366
130316	3390
130316	3391
130316	3394
130316	3398
130316	3412
130316	3418
130316	3428
130316	3430
130316	3433
130316	3440
130316	3442
130316	3456
130316	3467
130316	3478
130316	3494
130316	3514
130838	3460
131285	3346
131285	3347
131285	3358
131285	3381
131285	3434
131285	3439
131285	3443
131285	3453
131285	3463
131285	3469
131285	3483
131285	3505
131532	3293
131532	3354
131532	3357
131532	3373
131532	3391
131532	3416
131532	3465
131594	3357
131594	3358
131594	3384
131594	3416
131594	3440
131594	3456
131594	3462
131594	3465
131594	3479
131594	3500
131594	3509
131594	3553
132423	3304
132423	3306
132423	3308
132423	3311
132423	3313
132423	3314
132423	3315
132423	3316
132423	3318
132423	3319
132423	3322
132423	3324
132423	3325
132423	3326
132423	3327
132423	3330
132423	3331
132423	3333
132423	3337
132423	3338
132423	3339
132423	3340
132423	3342
132423	3343
132423	3348
132423	3349
132423	3362
132423	3364
132423	3365
132423	3368
132423	3369
132423	3372
132423	3374
132423	3375
132423	3382
132423	3384
132423	3387
132423	3388
132423	3393
132423	3395
132423	3397
132423	3401
132423	3402
132423	3403
132423	3405
132423	3443
132423	3444
132423	3446
132740	3338
132740	3340
132740	3343
132740	3347
132740	3349
132740	3354
132740	3371
132740	3375
132740	3383
132740	3413
132740	3428
132740	3435
132740	3467
133195	3307
133195	3321
133195	3345
133195	3347
133195	3361
133195	3369
133195	3401
133195	3442
133195	3482
133195	3517
133378	3279
133378	3280
133378	3281
133378	3283
133378	3285
133378	3287
133378	3289
133378	3292
133378	3293
133378	3298
133378	3299
133378	3301
133378	3306
133378	3310
133378	3313
133378	3315
133378	3318
133378	3326
133378	3327
133378	3330
133378	3332
133378	3336
133378	3338
133378	3339
133378	3340
133378	3342
133378	3343
133378	3345
133378	3348
133378	3349
133378	3350
133378	3351
133378	3352
133378	3353
133378	3358
133378	3360
133378	3362
133378	3363
133378	3365
133378	3368
133378	3369
133378	3371
133378	3372
133378	3374
133378	3375
133378	3377
133378	3378
133378	3379
133378	3382
133378	3383
133378	3384
133378	3385
133378	3387
133378	3388
133378	3389
133378	3392
133378	3394
133378	3395
133378	3396
133378	3397
133378	3401
133378	3404
133378	3405
133378	3407
133378	3408
133378	3409
133378	3415
133378	3421
133378	3481
133512	3441
133512	3533
133746	3294
133746	3295
133746	3300
133746	3302
133746	3306
133746	3308
133746	3309
133746	3311
133746	3312
133746	3319
133746	3322
133746	3332
133746	3380
133746	3382
133746	3386
133746	3474
133788	3352
133788	3389
133788	3455
133788	3465
136252	3358
136252	3396
136252	3416
136252	3429
136252	3439
136252	3446
136252	3505
136953	3339
136953	3368
137467	3291
137467	3302
137467	3355
137467	3358
137467	3366
137467	3393
137467	3412
137467	3414
137467	3517
137504	3463
138950	3347
138950	3357
138950	3358
138950	3360
138950	3366
138950	3378
138950	3381
138950	3391
138950	3394
138950	3400
138950	3401
138950	3406
138950	3413
138950	3434
138950	3443
138950	3455
138950	3463
138950	3465
138950	3500
139033	3391
139033	3396
139033	3401
139033	3416
139033	3442
139033	3454
139033	3455
139033	3465
139033	3479
139033	3487
139650	3434
139650	3443
141168	3312
141168	3394
141168	3411
144296	3302
144296	3305
144296	3310
144296	3311
144296	3313
144296	3314
144296	3315
144296	3318
144296	3321
144296	3322
144296	3326
144296	3327
144296	3330
144296	3331
144296	3332
144296	3333
144296	3348
144296	3350
144296	3356
144296	3362
144296	3364
144296	3365
144296	3368
144296	3369
144296	3371
144296	3373
144296	3378
144296	3384
144296	3385
144296	3389
144296	3393
144296	3397
144296	3402
144296	3403
144296	3405
144296	3407
144296	3408
144296	3414
144296	3416
144296	3417
144296	3419
144296	3420
144296	3422
144459	3409
144459	3416
144459	3434
144459	3492
144459	3494
144913	3366
144913	3430
144913	3433
144913	3452
144913	3483
144913	3529
145460	3354
145460	3394
145460	3428
145460	3448
145460	3454
145460	3462
145460	3467
145460	3500
147848	3331
147848	3332
147848	3334
147848	3346
147848	3356
147848	3361
147848	3372
147848	3379
147848	3380
147848	3387
147848	3388
147848	3402
147848	3414
147848	3422
147848	3434
147848	3437
147848	3467
147939	3503
147939	3505
147939	3534
148237	3439
148237	3538
148293	3455
149516	3358
149516	3455
149516	3529
151016	3514
151685	3275
151685	3276
151685	3280
151685	3282
151685	3292
151685	3298
151685	3302
151685	3304
151685	3305
151685	3306
151685	3307
151685	3314
151685	3321
151685	3322
151685	3323
151685	3326
151685	3332
151685	3334
151685	3337
151685	3338
151685	3340
151685	3341
151685	3344
151685	3345
151685	3346
151685	3347
151685	3348
151685	3349
151685	3350
151685	3351
151685	3353
151685	3354
151685	3356
151685	3357
151685	3358
151685	3359
151685	3360
151685	3361
151685	3363
151685	3364
151685	3366
151685	3368
151685	3369
151685	3372
151685	3373
151685	3375
151685	3376
151685	3377
151685	3378
151685	3380
151685	3382
151685	3384
151685	3387
151685	3388
151685	3389
151685	3390
151685	3393
151685	3394
151685	3395
151685	3398
151685	3399
151685	3400
151685	3401
151685	3405
151685	3406
151685	3409
151685	3411
151685	3412
151685	3413
151685	3414
151685	3415
151685	3417
151685	3421
151685	3426
151685	3427
151685	3428
151685	3434
151685	3435
151685	3441
151685	3442
151685	3449
151685	3450
151685	3451
151685	3454
151685	3463
151685	3465
151685	3467
151685	3479
151685	3492
151685	3514
152331	3304
152331	3310
152331	3312
152331	3314
152331	3315
152331	3316
152331	3318
152331	3322
152331	3323
152331	3325
152331	3333
152331	3334
152331	3335
152331	3336
152331	3337
152331	3342
152331	3344
152331	3345
152331	3359
152331	3369
152331	3371
152331	3373
152331	3375
152331	3376
152331	3377
152331	3378
152331	3380
152331	3382
152331	3383
152331	3384
152331	3385
152331	3387
152331	3391
152331	3392
152331	3393
152331	3403
152331	3407
152331	3423
154558	3272
154558	3273
154558	3275
154558	3276
154558	3277
154558	3278
154558	3279
154558	3280
154558	3281
154558	3282
154558	3284
154558	3285
154558	3287
154558	3289
154558	3290
154558	3291
154558	3293
154558	3294
154558	3304
154558	3312
154558	3313
154558	3314
154558	3320
154558	3322
154558	3337
154558	3365
154558	3368
154558	3369
154558	3373
154558	3374
154558	3375
154558	3377
154558	3380
154558	3391
154558	3393
154558	3396
154558	3399
154558	3402
154558	3403
154558	3405
154558	3406
154558	3407
154558	3410
155063	3340
155063	3358
155063	3381
155063	3390
155063	3410
155063	3443
155063	3453
155063	3455
155063	3462
155063	3463
155063	3539
158890	3416
158890	3455
158890	3461
158890	3463
158890	3484
158890	3487
158890	3513
158890	3522
158890	3533
159912	3396
159912	3440
159912	3454
159912	3455
159912	3475
159912	3514
160024	3319
160024	3333
160024	3349
160024	3350
160024	3386
160024	3389
160024	3392
160024	3395
160024	3399
160024	3400
160024	3402
160024	3415
160024	3426
160024	3439
160024	3454
160024	3469
160024	3473
160024	3481
160024	3483
160024	3486
160024	3490
160024	3495
160024	3497
161106	3271
161106	3272
161106	3278
161106	3279
161106	3280
161106	3281
161106	3282
161106	3283
161106	3287
161106	3289
161106	3290
161106	3301
161106	3305
161106	3306
161106	3320
161106	3322
161106	3324
161106	3327
161106	3331
161106	3332
161106	3335
161106	3337
161106	3338
161106	3340
161106	3343
161106	3349
161106	3352
161106	3353
161106	3357
161106	3358
161106	3362
161106	3363
161106	3365
161106	3369
161106	3374
161106	3375
161106	3376
161106	3382
161106	3383
161106	3386
161106	3387
161106	3388
161106	3393
161106	3396
161106	3400
161106	3401
161106	3403
161106	3424
161106	3426
161106	3427
161106	3428
161106	3430
161106	3432
161106	3435
161106	3438
161106	3444
161106	3447
161106	3448
161106	3451
161106	3453
161106	3454
161106	3456
161106	3457
161106	3460
161106	3463
161106	3464
161106	3465
161333	3271
161333	3272
161333	3273
161333	3275
161333	3276
161333	3277
161333	3278
161333	3279
161333	3280
161333	3281
161333	3283
161333	3286
161333	3287
161333	3290
161333	3293
161333	3301
161333	3304
161333	3305
161333	3306
161333	3308
161333	3310
161333	3311
161333	3312
161333	3313
161333	3316
161333	3318
161333	3323
161333	3327
161333	3332
161333	3334
161333	3335
161333	3337
161333	3338
161333	3341
161333	3343
161333	3347
161333	3349
161333	3350
161333	3351
161333	3352
161333	3353
161333	3358
161333	3361
161333	3362
161333	3363
161333	3364
161333	3369
161333	3374
161333	3375
161333	3380
161333	3382
161333	3383
161333	3387
161333	3388
161333	3389
161333	3393
161333	3395
161333	3402
161333	3403
161333	3405
161333	3406
161333	3407
161333	3409
161541	3320
161541	3323
161541	3345
161541	3347
161541	3352
161541	3356
161541	3360
161541	3381
161541	3382
161541	3390
161541	3391
161541	3405
161541	3414
161541	3416
161541	3426
161541	3434
161541	3439
161541	3455
161541	3463
161541	3479
163175	3321
163175	3335
163175	3338
163175	3343
163175	3347
163175	3357
163175	3358
163175	3360
163175	3367
163175	3369
163175	3373
163175	3376
163175	3381
163175	3384
163175	3385
163175	3388
163175	3391
163175	3393
163175	3396
163175	3408
163175	3416
163175	3421
163175	3422
163175	3423
163175	3426
163175	3429
163175	3430
163175	3434
163175	3435
163175	3440
163175	3441
163175	3442
163175	3446
163175	3449
163175	3454
163175	3455
163175	3462
163175	3474
163175	3483
163175	3492
163175	3500
163727	3416
163727	3455
163727	3463
163727	3487
163727	3513
164644	3325
164644	3347
164644	3351
164644	3369
164644	3391
164644	3396
164644	3442
165054	3354
165054	3366
165054	3381
165054	3401
165054	3408
165054	3411
165054	3413
165054	3416
165054	3439
165054	3443
165054	3448
165054	3463
165054	3465
165054	3469
165054	3483
165054	3509
165054	3553
167435	3444
167435	3486
167649	3273
167649	3275
167649	3277
167649	3278
167649	3279
167649	3280
167649	3281
167649	3283
167649	3286
167649	3291
167649	3296
167649	3299
167649	3301
167649	3302
167649	3312
167649	3318
167649	3327
167649	3328
167649	3330
167649	3331
167649	3332
167649	3338
167649	3341
167649	3343
167649	3345
167649	3350
167649	3352
167649	3356
167649	3358
167649	3362
167649	3363
167649	3369
167649	3373
167649	3374
167649	3375
167649	3379
167649	3383
167649	3393
167649	3395
167649	3396
167649	3403
167649	3405
167649	3406
167649	3409
167649	3410
167649	3464
169665	3266
169665	3267
169665	3272
169665	3275
169665	3277
169665	3280
169665	3283
169665	3284
169665	3287
169665	3289
169665	3290
169665	3298
169665	3301
169665	3305
169665	3306
169665	3310
169665	3312
169665	3315
169665	3318
169665	3320
169665	3322
169665	3324
169665	3327
169665	3331
169665	3341
169665	3342
169665	3343
169665	3357
169665	3358
169665	3359
169665	3363
169665	3365
169665	3368
169665	3369
169665	3371
169665	3372
169665	3375
169665	3382
169665	3383
169665	3387
169665	3388
169665	3389
169665	3392
169665	3393
169665	3403
169665	3404
172863	3323
172863	3335
172863	3336
172863	3338
172863	3339
172863	3340
172863	3341
172863	3342
172863	3343
172863	3344
172863	3346
172863	3348
172863	3350
172863	3353
172863	3354
172863	3357
172863	3365
172863	3366
172863	3367
172863	3371
172863	3376
172863	3381
172863	3382
172863	3386
172863	3387
172863	3390
172863	3400
172863	3401
172863	3406
172863	3407
172863	3409
172863	3411
172863	3413
172863	3434
172863	3462
172863	3463
172863	3465
172863	3467
172863	3479
172863	3520
172863	3533
172863	3535
175937	3347
175937	3366
175937	3391
175937	3396
175937	3404
175937	3414
175937	3428
175937	3445
175937	3458
175937	3463
175937	3477
175937	3482
175937	3514
176333	3307
176333	3344
176333	3345
176333	3347
176333	3354
176333	3356
176333	3367
176333	3374
176333	3376
176333	3380
176333	3381
176333	3384
176333	3385
176333	3388
176333	3390
176333	3391
176333	3393
176333	3395
176333	3396
176333	3400
176333	3401
176333	3405
176333	3407
176333	3408
176333	3409
176333	3410
176333	3411
176333	3413
176333	3416
176333	3417
176333	3418
176333	3419
176333	3420
176333	3422
176333	3424
176333	3426
176333	3427
176333	3429
176333	3430
176333	3432
176333	3433
176333	3436
176333	3437
176333	3439
176333	3440
176333	3443
176333	3444
176333	3446
176333	3447
176333	3453
176333	3455
176333	3456
176333	3457
176333	3458
176333	3459
176333	3460
176333	3461
176333	3463
176333	3464
176333	3468
176333	3469
176333	3470
176333	3471
176333	3472
176333	3474
176333	3475
176333	3477
176333	3478
176333	3481
176333	3482
176333	3483
176333	3484
176333	3486
176333	3487
176333	3489
176333	3492
176333	3493
176333	3494
176333	3495
176333	3496
176333	3497
176333	3498
176333	3499
176333	3500
176333	3501
176333	3502
176333	3503
176333	3504
176333	3505
176333	3507
176333	3508
176333	3511
176333	3513
176333	3514
176333	3515
176333	3517
176333	3519
176333	3520
176333	3521
176333	3523
176333	3525
176333	3526
176333	3528
176333	3529
176333	3530
176333	3531
176333	3533
176333	3534
176333	3536
176333	3537
176333	3538
176333	3539
176333	3542
176333	3543
176333	3545
176333	3547
176333	3548
176333	3549
178196	3366
178196	3381
178196	3391
178196	3463
182008	3393
182008	3396
182883	3362
182883	3369
182883	3371
182883	3384
182883	3389
182883	3393
182883	3396
182883	3397
182883	3401
182883	3402
182883	3403
182883	3405
182883	3407
182883	3410
182883	3419
182883	3420
182883	3426
182883	3427
182883	3429
182883	3430
182883	3431
182883	3435
182883	3436
182883	3437
182883	3438
182883	3441
182883	3443
182883	3444
182883	3446
182883	3452
182883	3453
182883	3457
182883	3459
182883	3463
182883	3465
182883	3473
182883	3488
182883	3489
182883	3495
182883	3497
182883	3499
182883	3501
182883	3504
184695	3340
184695	3344
184695	3357
184695	3369
184695	3371
184695	3391
184695	3413
184695	3439
184695	3463
185072	3391
185072	3416
185072	3448
185072	3455
185072	3463
185072	3507
185072	3509
185072	3529
185072	3533
185072	3536
185072	3539
185072	3549
185072	3553
187049	3320
187049	3331
187049	3338
187049	3346
187049	3349
187049	3361
187049	3376
187049	3381
187049	3383
187049	3384
187049	3388
187049	3389
187049	3390
187049	3391
187049	3396
187049	3398
187049	3400
187049	3401
187049	3405
187049	3407
187049	3408
187049	3411
187049	3412
187049	3413
187049	3416
187049	3418
187049	3422
187049	3424
187049	3427
187049	3428
187049	3434
187049	3435
187049	3439
187049	3440
187049	3442
187049	3443
187049	3444
187049	3447
187049	3449
187049	3454
187049	3455
187049	3456
187049	3458
187049	3459
187049	3460
187049	3462
187049	3463
187049	3464
187049	3465
187049	3467
187049	3468
187049	3470
187049	3471
187049	3473
187049	3474
187049	3477
187049	3478
187049	3481
187049	3483
187049	3484
187049	3485
187049	3486
187049	3489
187049	3491
187049	3492
187049	3500
187049	3501
187049	3502
187049	3505
187049	3511
187049	3514
187049	3524
187049	3532
188222	3322
188222	3323
188222	3345
188222	3360
188222	3369
188222	3381
188222	3389
188222	3390
188222	3393
188222	3400
188222	3401
188222	3405
188222	3419
188222	3424
188222	3434
188222	3443
188222	3451
188222	3462
188222	3465
188222	3467
188222	3492
188718	3474
188724	3487
188948	3354
188948	3385
188948	3391
188948	3439
188948	3442
189288	3353
189288	3366
189288	3376
189288	3395
189288	3411
189288	3416
189288	3417
189288	3470
189288	3487
189288	3489
189978	3305
189978	3306
189978	3315
189978	3318
189978	3322
189978	3323
189978	3327
189978	3332
189978	3333
189978	3334
189978	3342
189978	3345
189978	3348
189978	3349
189978	3350
189978	3352
189978	3353
189978	3357
189978	3360
189978	3363
189978	3365
189978	3371
189978	3373
189978	3375
189978	3378
189978	3382
189978	3383
189978	3385
189978	3392
189978	3394
189978	3397
189978	3404
191503	3354
191503	3375
191503	3381
191503	3383
191503	3401
191503	3406
191503	3435
191503	3443
191503	3463
191503	3465
191902	3416
191902	3500
192992	3273
192992	3289
192992	3317
192992	3320
192992	3321
192992	3323
192992	3324
192992	3326
192992	3327
192992	3328
192992	3331
192992	3332
192992	3334
192992	3335
192992	3336
192992	3337
192992	3338
192992	3340
192992	3341
192992	3343
192992	3344
192992	3348
192992	3349
192992	3352
192992	3356
192992	3358
192992	3359
192992	3361
192992	3363
192992	3364
192992	3365
192992	3369
192992	3374
192992	3375
192992	3376
192992	3377
192992	3382
192992	3383
192992	3384
192992	3385
192992	3386
192992	3387
192992	3388
192992	3392
192992	3393
192992	3395
192992	3397
192992	3399
192992	3400
192992	3401
192992	3402
192992	3403
192992	3404
192992	3405
192992	3407
192992	3410
192992	3418
192992	3432
192992	3433
192992	3451
192992	3458
192992	3470
192992	3474
194952	3369
194952	3440
198256	3302
198256	3347
198256	3366
198256	3381
198256	3394
198256	3406
198256	3427
198256	3455
198256	3479
198256	3496
198256	3498
198256	3507
198256	3549
199007	3280
199007	3290
199007	3293
199007	3294
199007	3295
199007	3300
199007	3301
199007	3302
199007	3304
199007	3305
199007	3306
199007	3308
199007	3310
199007	3312
199007	3316
199007	3318
199007	3319
199007	3322
199007	3325
199007	3326
199007	3327
199007	3331
199007	3334
199007	3348
199007	3353
199007	3358
199007	3366
199007	3368
199007	3371
199007	3384
199007	3386
199007	3387
199007	3388
199007	3389
199007	3400
199007	3408
199007	3413
199007	3416
199007	3419
199007	3432
199007	3435
199007	3445
199007	3454
199007	3456
199007	3458
199007	3498
199069	3340
199069	3343
199069	3346
199069	3350
199069	3352
199069	3353
199069	3354
199069	3356
199069	3357
199069	3358
199069	3360
199069	3365
199069	3366
199069	3367
199069	3368
199069	3374
199069	3376
199069	3378
199069	3380
199069	3381
199069	3383
199069	3384
199069	3385
199069	3387
199069	3388
199069	3389
199069	3390
199069	3391
199069	3394
199069	3395
199069	3396
199069	3397
199069	3400
199069	3401
199069	3405
199069	3406
199069	3407
199069	3408
199069	3409
199069	3410
199069	3411
199069	3413
199069	3416
199069	3418
199069	3419
199069	3420
199069	3422
199069	3423
199069	3424
199069	3426
199069	3427
199069	3428
199069	3429
199069	3430
199069	3432
199069	3433
199069	3434
199069	3435
199069	3436
199069	3437
199069	3438
199069	3439
199069	3442
199069	3443
199069	3446
199069	3447
199069	3448
199069	3449
199069	3450
199069	3453
199069	3454
199069	3455
199069	3456
199069	3457
199069	3458
199069	3459
199069	3460
199069	3462
199069	3463
199069	3464
199069	3465
199069	3466
199069	3467
199069	3468
199069	3469
199069	3470
199069	3471
199069	3472
199069	3473
199069	3474
199069	3477
199069	3478
199069	3479
199069	3481
199069	3482
199069	3483
199069	3484
199069	3485
199069	3486
199069	3489
199069	3491
199069	3494
199069	3495
199069	3501
199069	3502
199069	3505
199069	3508
199069	3511
199069	3512
199069	3514
199069	3517
199069	3520
199069	3522
199069	3526
199069	3529
199069	3532
199069	3538
199069	3547
199069	3551
199339	3391
199339	3416
199339	3424
199339	3506
200126	3276
200126	3345
200126	3347
200126	3351
200126	3361
200126	3369
200126	3373
200126	3394
200126	3400
200126	3416
200126	3422
200126	3424
200126	3430
200126	3439
200126	3453
200126	3463
200126	3468
200126	3469
200126	3494
200126	3514
200665	3323
200665	3347
200665	3391
200665	3401
200665	3411
200665	3416
201865	3357
201865	3376
201865	3383
201865	3401
201865	3411
201865	3443
201865	3448
201865	3455
201865	3471
201865	3474
201865	3483
201865	3487
203295	3357
203295	3381
203295	3390
203295	3401
203295	3463
203506	3401
203506	3408
203506	3416
203506	3443
203506	3448
203506	3469
203506	3506
204895	3533
206404	3320
206404	3343
206404	3344
206404	3346
206404	3352
206404	3363
206404	3365
206404	3369
206404	3374
206404	3376
206404	3385
206404	3387
206404	3388
206404	3391
206404	3394
206404	3395
206404	3407
206404	3408
206404	3413
206404	3434
206404	3435
206404	3442
206404	3444
206404	3447
206404	3452
206404	3454
206404	3455
206404	3463
206404	3467
206404	3469
206404	3470
206404	3471
206404	3508
206404	3514
206404	3520
206557	3354
206557	3401
206557	3416
206557	3455
208070	3331
208070	3347
208070	3375
208070	3381
208070	3400
208070	3408
208070	3411
208070	3413
208070	3443
208070	3463
208070	3500
208598	3352
208598	3366
208598	3411
208598	3416
208598	3435
209308	3354
209308	3381
209308	3391
209308	3394
209308	3408
209308	3411
209308	3413
209308	3416
209308	3428
209308	3434
209308	3439
209308	3442
209308	3443
209308	3448
209308	3455
209308	3463
209308	3473
209308	3487
209308	3500
209308	3501
209308	3504
209308	3505
209308	3506
209308	3513
209308	3514
209308	3529
209308	3533
209308	3553
209375	3338
209375	3374
209375	3376
209375	3391
209375	3401
209375	3413
209375	3434
209375	3435
209375	3442
209375	3443
209375	3450
209375	3454
209375	3463
209375	3500
211747	3354
211747	3394
211825	3312
211825	3314
211825	3360
211825	3361
211825	3365
211825	3366
211825	3417
211825	3418
211825	3424
211825	3467
211825	3481
213035	3352
213035	3381
213035	3383
213035	3401
213035	3406
213035	3443
213035	3468
213035	3500
214461	3391
214461	3455
214461	3500
215493	3318
215493	3320
215493	3321
215493	3322
215493	3323
215493	3324
215493	3326
215493	3330
215493	3338
215493	3340
215493	3341
215493	3343
215493	3344
215493	3348
215493	3350
215493	3353
215493	3354
215493	3356
215493	3364
215493	3374
215493	3375
215493	3382
215493	3383
215493	3388
215493	3391
215493	3392
215493	3393
215493	3400
215493	3401
215493	3402
215493	3403
215493	3404
215493	3408
215493	3413
215493	3416
215493	3418
215493	3419
215493	3420
215493	3424
215493	3428
215493	3430
215493	3435
215493	3438
215493	3439
215493	3440
215493	3441
215493	3442
215493	3445
215493	3447
215493	3453
215493	3455
215493	3463
215493	3464
215493	3468
215493	3483
215493	3486
215493	3500
215493	3533
216738	3401
216738	3463
216738	3465
216738	3491
216738	3500
217248	3302
217248	3323
217248	3338
217248	3354
217248	3356
217248	3393
217248	3397
217248	3398
217248	3411
217248	3416
217248	3435
217248	3443
217248	3450
217248	3454
217248	3463
217248	3467
217814	3338
217814	3350
217814	3354
217814	3389
217814	3391
217814	3435
217814	3447
217814	3455
217814	3458
217814	3468
217814	3483
217814	3505
219202	3327
219202	3331
219202	3389
219202	3440
219202	3513
219202	3546
219202	3548
219369	3318
219369	3381
219516	3268
219516	3269
219516	3270
219516	3271
219516	3272
219516	3273
219516	3275
219516	3277
219516	3278
219516	3279
219516	3280
219516	3281
219516	3282
219516	3283
219516	3284
219516	3286
219516	3287
219516	3289
219516	3290
219516	3292
219516	3298
219516	3301
219516	3302
219516	3304
219516	3305
219516	3306
219516	3310
219516	3311
219516	3312
219516	3313
219516	3314
219516	3315
219516	3318
219516	3321
219516	3323
219516	3324
219516	3325
219516	3326
219516	3327
219516	3331
219516	3332
219516	3334
219516	3335
219516	3337
219516	3338
219516	3340
219516	3341
219516	3343
219516	3348
219516	3349
219516	3350
219516	3352
219516	3353
219516	3354
219516	3356
219516	3358
219516	3361
219516	3363
219516	3364
219516	3365
219516	3369
219516	3374
219516	3375
219516	3377
219516	3378
219516	3382
219516	3383
219516	3384
219516	3387
219516	3388
219516	3389
219516	3391
219516	3393
219516	3397
219516	3399
219516	3401
219516	3402
219516	3403
219516	3405
219516	3407
219516	3410
219516	3413
219516	3414
219516	3416
219516	3417
219516	3420
219516	3424
219516	3431
219516	3504
219719	3381
219719	3384
219719	3396
219719	3401
219719	3411
219719	3420
219719	3439
219719	3463
219719	3500
219719	3501
221564	3311
221564	3336
221564	3347
221564	3373
221564	3403
221564	3405
221564	3416
221564	3439
221564	3460
221564	3464
221564	3477
221564	3502
221746	3361
221746	3434
221746	3515
221746	3525
221746	3553
222886	3376
222886	3390
222886	3396
222886	3400
222886	3405
222886	3407
222886	3408
222886	3411
222886	3416
222886	3417
222886	3420
222886	3422
222886	3429
222886	3436
222886	3440
222886	3447
222886	3458
222886	3459
222886	3464
222886	3470
222886	3474
222886	3482
222886	3483
222886	3486
222886	3500
222886	3508
222886	3520
224073	3381
224073	3391
224073	3411
224073	3434
224073	3500
224661	3275
224661	3288
224661	3302
224661	3326
224661	3331
224661	3346
224661	3356
224661	3363
224661	3366
224661	3381
224661	3389
224661	3405
224661	3412
224661	3416
224661	3423
224661	3424
224661	3430
224661	3441
224661	3442
225204	3356
225204	3358
225204	3381
225204	3405
225204	3434
225204	3460
225204	3463
225204	3467
225204	3514
226264	3357
226264	3371
226264	3375
226264	3382
226264	3435
226264	3443
226264	3473
227249	3321
227249	3360
227249	3450
227249	3454
227249	3492
227249	3514
227249	3535
228053	3320
228053	3338
228053	3346
228053	3360
228053	3363
228053	3367
228053	3383
228053	3388
228053	3391
228053	3396
228053	3434
228053	3435
228053	3442
228053	3462
228053	3463
228053	3465
228053	3500
228053	3514
230291	3298
230291	3384
230291	3387
230291	3390
230291	3391
230291	3401
231583	3381
231583	3394
231583	3413
231583	3417
231583	3463
231583	3465
231583	3479
231583	3491
231583	3538
232511	3354
232511	3357
232511	3428
232511	3463
233252	3302
233252	3321
233252	3356
233252	3358
233252	3381
233252	3401
233252	3455
233252	3470
233252	3514
233739	3434
233739	3443
236270	3323
236270	3345
236270	3358
236270	3366
236270	3369
236270	3381
236270	3411
236270	3412
236270	3424
236270	3435
236270	3439
236270	3487
236270	3489
236493	3340
236493	3361
236493	3366
236493	3369
236493	3386
236493	3391
236493	3394
236493	3403
236493	3413
236493	3416
236493	3434
236493	3442
236493	3448
236493	3455
236493	3462
236493	3463
237810	3323
237810	3346
237810	3348
237810	3352
237810	3354
237810	3357
237810	3358
237810	3359
237810	3365
237810	3366
237810	3367
237810	3375
237810	3376
237810	3378
237810	3381
237810	3389
237810	3391
237810	3392
237810	3393
237810	3394
237810	3398
237810	3404
237810	3407
237810	3408
237810	3409
237810	3413
237810	3414
237810	3419
237810	3424
237810	3427
237810	3435
237810	3450
237810	3453
237810	3454
237810	3455
237810	3460
237810	3463
237810	3469
237810	3470
237810	3472
237810	3473
237810	3478
237810	3479
237810	3481
237810	3485
237810	3501
237810	3517
237810	3520
237810	3532
240042	3416
240042	3455
240042	3460
240042	3468
240042	3473
240042	3484
240042	3487
240042	3493
240042	3525
240042	3529
240042	3531
240042	3532
240042	3551
240229	3360
240229	3365
240229	3380
240229	3381
240229	3387
240229	3400
240229	3409
240229	3416
240229	3418
240229	3424
240229	3434
240229	3437
240229	3439
240229	3440
240229	3442
240229	3452
240229	3453
240229	3455
240229	3456
240229	3457
240229	3458
240229	3460
240229	3462
240229	3470
240229	3472
240229	3475
240229	3478
240229	3479
240229	3481
240229	3485
240229	3487
240229	3491
240229	3492
240229	3497
240229	3500
240229	3508
240229	3516
240229	3520
240229	3524
240229	3526
240229	3547
240229	3548
240229	3551
241441	3343
241441	3385
241441	3388
241441	3391
241441	3394
241441	3395
241441	3396
241441	3411
241441	3413
241441	3417
241441	3418
241441	3428
241441	3434
241441	3439
241441	3442
241441	3450
241441	3462
241441	3465
241441	3467
241441	3469
241441	3477
241441	3484
241441	3494
241441	3514
242159	3276
242159	3280
242159	3284
242159	3285
242159	3287
242159	3289
242159	3290
242159	3292
242159	3298
242159	3299
242159	3301
242159	3302
242159	3310
242159	3311
242159	3312
242159	3313
242159	3315
242159	3318
242159	3321
242159	3322
242159	3323
242159	3326
242159	3327
242159	3330
242159	3332
242159	3334
242159	3335
242159	3336
242159	3338
242159	3339
242159	3340
242159	3341
242159	3342
242159	3343
242159	3348
242159	3349
242159	3350
242159	3351
242159	3353
242159	3354
242159	3356
242159	3358
242159	3359
242159	3360
242159	3361
242159	3362
242159	3363
242159	3365
242159	3368
242159	3369
242159	3372
242159	3374
242159	3375
242159	3380
242159	3382
242159	3383
242159	3384
242159	3391
242159	3393
242159	3394
242159	3395
242159	3396
242159	3397
242159	3399
242159	3401
242159	3403
242159	3405
242159	3407
242159	3408
242159	3410
242159	3413
242159	3415
242159	3417
242159	3419
242159	3420
242159	3422
242159	3423
242159	3428
242159	3429
242159	3431
242159	3435
242159	3438
242159	3444
242159	3445
242159	3453
242159	3458
242159	3462
242159	3470
242159	3481
242159	3486
243236	3338
243236	3347
243236	3361
243236	3408
243236	3465
246132	3273
246132	3277
246132	3280
246132	3284
246132	3285
246132	3287
246132	3290
246132	3293
246132	3297
246132	3301
246132	3312
246132	3320
246132	3327
246132	3331
246132	3350
246132	3352
246132	3358
246132	3360
246132	3362
246132	3369
246132	3374
246132	3384
246132	3395
246632	3350
246632	3357
246632	3367
246632	3376
246632	3384
246632	3394
246632	3395
246632	3396
246632	3405
246632	3427
246632	3436
246632	3465
246632	3527
248665	3383
248665	3401
248665	3447
248665	3471
248665	3514
248755	3401
248755	3443
248755	3454
248755	3463
251084	3350
251084	3356
251084	3357
251084	3358
251084	3360
251084	3365
251084	3366
251084	3368
251084	3378
251084	3380
251084	3381
251084	3384
251084	3385
251084	3387
251084	3388
251084	3390
251084	3391
251084	3394
251084	3395
251084	3396
251084	3400
251084	3401
251084	3405
251084	3406
251084	3409
251084	3410
251084	3413
251084	3416
251084	3417
251084	3418
251084	3422
251084	3423
251084	3424
251084	3426
251084	3427
251084	3433
251084	3434
251084	3436
251084	3437
251084	3439
251084	3442
251084	3443
251084	3444
251084	3446
251084	3448
251084	3450
251084	3452
251084	3453
251084	3454
251084	3455
251084	3457
251084	3458
251084	3459
251084	3460
251084	3462
251084	3463
251084	3464
251084	3466
251084	3469
251084	3470
251084	3472
251084	3473
251084	3474
251084	3477
251084	3478
251084	3479
251084	3480
251084	3482
251084	3483
251084	3484
251084	3485
251084	3486
251084	3487
251084	3488
251084	3489
251084	3493
251084	3495
251084	3496
251084	3497
251084	3499
251084	3500
251084	3501
251084	3502
251084	3503
251084	3505
251084	3506
251084	3508
251084	3509
251084	3511
251084	3512
251084	3513
251084	3514
251084	3515
251084	3516
251084	3517
251084	3520
251084	3521
251084	3522
251084	3524
251084	3525
251084	3526
251084	3527
251084	3528
251084	3530
251084	3531
251084	3532
251084	3533
251084	3537
251084	3539
251084	3541
251084	3542
251084	3544
251084	3548
251084	3549
251084	3553
251407	3338
251407	3343
251407	3345
251407	3347
251407	3354
251407	3357
251407	3381
251407	3391
251407	3416
251407	3439
251407	3446
251407	3463
251407	3465
251407	3483
251407	3500
251940	3323
251940	3352
251940	3394
251940	3401
252984	3313
252984	3320
252984	3335
252984	3351
252984	3355
252984	3366
252984	3373
252984	3384
252984	3393
252984	3408
252984	3424
252984	3433
252984	3445
252984	3472
254673	3325
254673	3335
254673	3344
254673	3347
254673	3348
254673	3350
254673	3353
254673	3354
254673	3365
254673	3366
254673	3369
254673	3373
254673	3378
254673	3387
254673	3399
254673	3401
254673	3411
254673	3416
254673	3428
254673	3434
254673	3435
254673	3439
254673	3455
254673	3462
254673	3463
254673	3467
254673	3500
254673	3514
255195	3320
255195	3321
255195	3322
255195	3335
255195	3347
255195	3349
255195	3369
255195	3380
255195	3406
255195	3413
255195	3435
255195	3438
255195	3442
255195	3471
255195	3514
255377	3387
255377	3428
255377	3514
255693	3352
255693	3377
255693	3401
255693	3416
255693	3417
255693	3422
255693	3428
255693	3429
255693	3431
255693	3432
255693	3436
255693	3442
255693	3449
255693	3450
255693	3452
255693	3453
255693	3463
255693	3465
255693	3471
255961	3338
255961	3381
255961	3391
255961	3401
255961	3416
256126	3463
256126	3533
256126	3553
258734	3354
258734	3416
258734	3492
259847	3374
259847	3442
259847	3494
259952	3298
259952	3320
259952	3323
259952	3331
259952	3338
259952	3346
259952	3353
259952	3354
259952	3356
259952	3358
259952	3360
259952	3361
259952	3365
259952	3366
259952	3373
259952	3383
259952	3384
259952	3391
259952	3393
259952	3398
259952	3409
259952	3412
259952	3413
259952	3414
259952	3416
259952	3417
259952	3420
259952	3424
259952	3430
259952	3433
259952	3434
259952	3440
259952	3451
259952	3454
259952	3455
259952	3463
259952	3465
259952	3470
259952	3483
259952	3486
259952	3492
259952	3535
261982	3366
261982	3381
261982	3383
261982	3401
261982	3416
261982	3448
262445	3320
262445	3338
262445	3354
262445	3357
262445	3397
262445	3406
262445	3407
262445	3411
262445	3435
262445	3463
262445	3500
262726	3387
262726	3391
262726	3406
262726	3416
262726	3455
262726	3461
262726	3463
262726	3489
262726	3501
263454	3434
263454	3443
263856	3311
263856	3313
263856	3314
263856	3315
263856	3316
263856	3317
263856	3321
263856	3322
263856	3323
263856	3326
263856	3327
263856	3328
263856	3330
263856	3345
263856	3355
263856	3358
263856	3359
263856	3362
263856	3363
263856	3368
263856	3369
263856	3373
263856	3374
263856	3375
263856	3376
263856	3377
263856	3378
263856	3379
263856	3386
263856	3387
263856	3389
263856	3391
263856	3392
264025	3391
264025	3401
264025	3416
264025	3422
264025	3434
264025	3442
264025	3443
264025	3455
264025	3463
264025	3500
264025	3530
264025	3533
264090	3313
264090	3322
264090	3333
264090	3389
264090	3435
264135	3350
264135	3353
264135	3356
264135	3358
264135	3360
264135	3365
264135	3366
264135	3367
264135	3368
264135	3374
264135	3376
264135	3378
264135	3380
264135	3381
264135	3384
264135	3385
264135	3387
264135	3388
264135	3390
264135	3391
264135	3394
264135	3395
264135	3396
264135	3397
264135	3400
264135	3401
264135	3405
264135	3407
264135	3409
264135	3410
264135	3411
264135	3417
264135	3420
264135	3424
264135	3426
264135	3427
264135	3433
264135	3434
264135	3436
264135	3439
264135	3441
264135	3442
264135	3462
264135	3463
264135	3469
264135	3470
264135	3472
264135	3479
264135	3492
264135	3494
264135	3514
264135	3520
264135	3535
264490	3340
264490	3357
264490	3358
264490	3406
264490	3413
264490	3450
264490	3460
264490	3470
264490	3520
266031	3347
266031	3366
266031	3391
266031	3393
266031	3411
266031	3455
266031	3463
266031	3500
266356	3289
266356	3291
266356	3398
266356	3412
266356	3460
266837	3338
266837	3347
266837	3352
266837	3369
266837	3371
266837	3390
266837	3391
266837	3411
266837	3413
266837	3428
266837	3434
266837	3435
266837	3443
266837	3455
266837	3461
266837	3462
266837	3463
266837	3465
266837	3469
266837	3477
266837	3509
267590	3345
267590	3391
267590	3396
267590	3401
267590	3411
267590	3442
267590	3448
267590	3463
267783	3338
267783	3346
267783	3381
268762	3338
268762	3345
268762	3347
268762	3354
268762	3366
268891	3435
268891	3443
268891	3463
268891	3484
268891	3500
268991	3428
268991	3439
268991	3455
268991	3463
268991	3513
268991	3529
269720	3354
269720	3387
269720	3391
269720	3396
269720	3400
269720	3401
269720	3411
269720	3413
269720	3417
269720	3424
269720	3428
269720	3439
269720	3442
269720	3455
269720	3463
269720	3468
269720	3469
269720	3471
269720	3500
269720	3511
269720	3513
269720	3522
269720	3529
269720	3539
269720	3541
269720	3551
271089	3424
271089	3440
271966	3335
271966	3363
271966	3384
271966	3387
271966	3397
271966	3400
271966	3426
271966	3430
271966	3433
271966	3455
271966	3456
271966	3474
271976	3358
271976	3365
271976	3366
271976	3384
271976	3391
271976	3395
271976	3408
271976	3424
271976	3446
271976	3447
271976	3455
271976	3463
271976	3471
271976	3490
271976	3509
271976	3519
271976	3521
271976	3527
271976	3528
271976	3539
271976	3542
272179	3302
272179	3307
272179	3320
272179	3321
272179	3357
272179	3358
272179	3359
272179	3365
272179	3366
272179	3373
272179	3381
272179	3382
272179	3401
272179	3417
272179	3427
272179	3430
272179	3440
272179	3445
272179	3478
272179	3483
272805	3463
273258	3366
273258	3393
273258	3424
273258	3492
273691	3302
273691	3322
273691	3347
273691	3357
273691	3361
273691	3366
273691	3394
273691	3398
273691	3414
273691	3434
273691	3474
273691	3486
274161	3337
274161	3354
274161	3411
274161	3428
274161	3465
274161	3467
275246	3307
275246	3321
275246	3363
275246	3390
275246	3412
275246	3414
275246	3418
276034	3388
276034	3391
276034	3400
276034	3442
276034	3448
276034	3455
276034	3463
276034	3466
276034	3471
276034	3477
276034	3479
276034	3486
276034	3506
276034	3547
276034	3551
277439	3347
277439	3381
277439	3390
277439	3391
277439	3394
277439	3401
277439	3411
277439	3442
277439	3463
278559	3289
278559	3348
278559	3365
278559	3373
278559	3387
278559	3397
281734	3296
281734	3302
281734	3305
281734	3306
281734	3308
281734	3309
281734	3311
281734	3312
281734	3314
281734	3315
281734	3326
281734	3327
281734	3328
281734	3332
281734	3334
281734	3335
281734	3337
281734	3338
281734	3340
281734	3341
281734	3349
281734	3356
281734	3359
281734	3363
281734	3364
281734	3369
281734	3374
281734	3375
281734	3386
281734	3387
281734	3388
281734	3389
281734	3393
281734	3399
281734	3400
281734	3401
281734	3402
281734	3403
281734	3406
281734	3413
281734	3417
281734	3423
281734	3445
281734	3454
281734	3460
281734	3514
282486	3381
282486	3416
282486	3439
282486	3448
284565	3321
284565	3322
284565	3366
284565	3381
284565	3390
284565	3411
284565	3416
284565	3417
284565	3427
284565	3443
284565	3450
284565	3463
284565	3484
284565	3514
284565	3529
284565	3535
290703	3343
290703	3394
290703	3439
290703	3440
290703	3447
290703	3455
290703	3463
290703	3514
290977	3276
290977	3345
290977	3347
290977	3369
290977	3388
290977	3390
290977	3391
290977	3394
290977	3401
290977	3407
290977	3417
290977	3422
290977	3439
290977	3442
290977	3455
290977	3461
290977	3463
290977	3467
290977	3469
290977	3484
290977	3492
290977	3500
290977	3514
290977	3522
290977	3533
290977	3539
292663	3284
292663	3287
292663	3288
292663	3289
292663	3290
292663	3298
292663	3304
292663	3309
292663	3313
292663	3315
292663	3320
292663	3321
292663	3323
292663	3325
292663	3327
292663	3331
292663	3335
292663	3340
292663	3341
292663	3343
292663	3347
292663	3350
292663	3354
292663	3357
292663	3360
292663	3363
292663	3365
292663	3366
292663	3369
292663	3373
292663	3382
292663	3386
292663	3387
292663	3389
292663	3391
292663	3394
292663	3408
292663	3416
292663	3431
292663	3434
292663	3440
292663	3450
292663	3451
292663	3453
292663	3467
292663	3492
294461	3381
294461	3416
294461	3455
294461	3468
294461	3474
294461	3496
294461	3498
294461	3509
294461	3511
296242	3351
296242	3358
296242	3416
296242	3428
296242	3434
296242	3435
296242	3470
296242	3471
296242	3473
296244	3381
296244	3406
296244	3465
297061	3302
297061	3323
297061	3347
297061	3348
297061	3371
297061	3396
297061	3397
297061	3401
297061	3417
297061	3430
297061	3431
297061	3442
297061	3443
297623	3331
297623	3408
297623	3431
298825	3394
298825	3411
298825	3443
299210	3338
299210	3344
299210	3352
299210	3357
299210	3365
299210	3369
299210	3382
299210	3413
299210	3418
299884	3335
299884	3396
299884	3417
299884	3434
299884	3450
299884	3465
300562	3268
300562	3270
300562	3273
300562	3276
300562	3279
300562	3280
300562	3284
300562	3285
300562	3287
300562	3289
300562	3291
300562	3292
300562	3298
300562	3299
300562	3301
300562	3302
300562	3303
300562	3304
300562	3305
300562	3306
300562	3310
300562	3311
300562	3313
300562	3315
300562	3316
300562	3317
300562	3318
300562	3320
300562	3322
300562	3326
300562	3327
300562	3330
300562	3331
300562	3336
300562	3337
300562	3343
300562	3345
300562	3348
300562	3349
300562	3359
300562	3360
300562	3361
300562	3362
300562	3365
300562	3369
300562	3374
300562	3378
300562	3382
300562	3384
300562	3389
300562	3392
300562	3396
300562	3397
300562	3401
300562	3404
300562	3405
300562	3407
300562	3409
300562	3421
300562	3469
301487	3357
301487	3367
301487	3381
301487	3382
301487	3390
301487	3401
301487	3408
301487	3411
301487	3443
301487	3470
301487	3487
301487	3500
301487	3501
301487	3509
301487	3527
301487	3529
301487	3533
302110	3277
302110	3278
302110	3281
302110	3283
302110	3285
302110	3289
302110	3290
302110	3310
302110	3311
302110	3312
302110	3313
302110	3314
302110	3316
302110	3323
302110	3325
302110	3327
302110	3328
302110	3330
302110	3331
302110	3335
302110	3336
302110	3340
302110	3341
302110	3343
302110	3345
302110	3349
302110	3350
302110	3354
302110	3356
302110	3357
302110	3362
302110	3365
302110	3369
302110	3374
302110	3375
302110	3376
302110	3378
302110	3380
302110	3382
302110	3383
302110	3389
302110	3391
302110	3392
302110	3395
302110	3396
302110	3399
302110	3401
302110	3402
302110	3404
302110	3405
302110	3406
302110	3410
302110	3413
302110	3425
302110	3427
302110	3428
302110	3442
302110	3443
302110	3445
302110	3472
302488	3270
302488	3282
302488	3283
302488	3285
302488	3360
302488	3361
302488	3383
302488	3384
302488	3397
302645	3307
302645	3321
302645	3322
302645	3367
302645	3370
302645	3376
302645	3381
302645	3382
302645	3390
302645	3419
302645	3427
302645	3433
302645	3439
302645	3459
302645	3460
302645	3463
302645	3514
303269	3384
303269	3389
303269	3392
303269	3396
303269	3406
303269	3408
303269	3417
303269	3418
303269	3427
303269	3434
303269	3462
303269	3467
303269	3494
305182	3290
305182	3303
305182	3337
305182	3424
306282	3346
306282	3352
306282	3354
306282	3357
306282	3358
306282	3367
306282	3376
306282	3381
306282	3384
306282	3388
306282	3390
306282	3396
306282	3405
306282	3406
306282	3408
306282	3411
306282	3416
306282	3419
306282	3427
306282	3430
306282	3440
306282	3442
306282	3443
306282	3446
306282	3447
306282	3453
306282	3455
306282	3457
306282	3458
306282	3460
306282	3465
306282	3470
306282	3473
306282	3477
306282	3478
306282	3479
306282	3484
306282	3485
306282	3489
306282	3500
306282	3501
306282	3502
306282	3505
306282	3511
306282	3517
306688	3320
306688	3338
306688	3347
306688	3353
306688	3361
306688	3387
306688	3391
306688	3400
306688	3413
306688	3416
306688	3435
306688	3439
306688	3442
306688	3455
306688	3463
306688	3514
307201	3318
307201	3325
307201	3326
307201	3333
307201	3339
307201	3340
307201	3343
307201	3349
307201	3350
307201	3352
307201	3353
307201	3354
307201	3356
307201	3357
307201	3358
307201	3359
307201	3360
307201	3361
307201	3362
307201	3365
307201	3368
307201	3369
307201	3374
307201	3380
307201	3382
307201	3383
307201	3384
307201	3385
307201	3387
307201	3388
307201	3391
307201	3395
307201	3399
307201	3400
307201	3401
307201	3404
307201	3405
307201	3406
307201	3407
307201	3408
307201	3410
307706	3357
307706	3358
307706	3366
307706	3401
307706	3411
307706	3428
307706	3443
307706	3450
307706	3463
307706	3467
307706	3484
307706	3514
307706	3529
308453	3313
308453	3315
308453	3316
308453	3318
308453	3321
308453	3322
308453	3323
308453	3324
308453	3325
308453	3326
308453	3327
308453	3331
308453	3336
308453	3338
308453	3339
308453	3340
308453	3341
308453	3343
308453	3348
308453	3350
308453	3355
308453	3356
308453	3375
308453	3401
308453	3413
308453	3417
308453	3420
308453	3423
308453	3425
308453	3428
308453	3429
308453	3430
308453	3432
308453	3435
308453	3437
308453	3438
308453	3441
308453	3443
308453	3444
308453	3445
308453	3446
308453	3448
308453	3449
308834	3266
308834	3276
308834	3278
308834	3279
308834	3296
308834	3297
308834	3298
308834	3301
308834	3302
308834	3305
308834	3306
308834	3308
308834	3309
308834	3310
308834	3311
308834	3315
308834	3316
308834	3318
308834	3321
308834	3322
308834	3323
308834	3326
308834	3327
308834	3330
308834	3332
308834	3333
308834	3334
308834	3335
308834	3337
308834	3338
308834	3339
308834	3341
308834	3342
308834	3347
308834	3348
308834	3351
308834	3357
308834	3364
308834	3366
308834	3369
308834	3373
308834	3375
308834	3382
308834	3386
308834	3393
308834	3399
308834	3413
308834	3471
308834	3490
308834	3493
308834	3494
308834	3508
309162	3388
309162	3391
309162	3395
309162	3396
309162	3408
309162	3413
309162	3442
309162	3443
309162	3455
309162	3463
309162	3471
309162	3477
309162	3492
309162	3500
309162	3522
309926	3357
309926	3367
309926	3374
309926	3381
309926	3391
309926	3400
309926	3401
309926	3407
309926	3411
309926	3434
309926	3437
309926	3463
309926	3465
309926	3487
309926	3500
309926	3539
310354	3276
310354	3286
310354	3298
310354	3301
310354	3302
310354	3305
310354	3311
310354	3321
310354	3322
310354	3326
310354	3327
310354	3330
310354	3331
310354	3334
310354	3335
310354	3339
310354	3340
310354	3341
310354	3345
310354	3348
310354	3350
310354	3351
310354	3354
310354	3357
310354	3358
310354	3359
310354	3360
310354	3363
310354	3364
310354	3366
310354	3368
310354	3369
310354	3371
310354	3373
310354	3374
310354	3375
310354	3380
310354	3382
310354	3383
310354	3384
310354	3385
310354	3386
310354	3388
310354	3391
310354	3392
310354	3393
310354	3395
310354	3398
310354	3399
310354	3400
310354	3402
310354	3403
310354	3404
310354	3405
310354	3407
310354	3410
310354	3411
310354	3413
310354	3416
310354	3417
310354	3419
310354	3421
310354	3426
310354	3427
310354	3428
310354	3429
310354	3433
310354	3434
310354	3435
310354	3439
310354	3443
310354	3445
310354	3446
310354	3449
310354	3450
310354	3451
310354	3453
310354	3454
310354	3455
310354	3456
310354	3462
310354	3467
310354	3469
310461	3354
310461	3366
310461	3416
310461	3477
310461	3500
310461	3533
310499	3354
310499	3391
310499	3413
310499	3416
310499	3430
310499	3443
310499	3500
312108	3367
312108	3376
312108	3390
312108	3416
312108	3427
312108	3428
312108	3443
312108	3463
312108	3529
312497	3323
312497	3325
312497	3326
312497	3327
312497	3328
312497	3330
312497	3331
312497	3338
312497	3354
312497	3357
312497	3360
312497	3364
312497	3365
312497	3369
312497	3383
312497	3391
312497	3392
312497	3393
312497	3396
312497	3401
312497	3402
312497	3403
312497	3404
312497	3422
312497	3427
312497	3431
312497	3435
313893	3381
313893	3417
313893	3438
313893	3448
313893	3458
313893	3491
314302	3302
314302	3323
314302	3354
314302	3381
314302	3388
314302	3396
314302	3455
314302	3463
314302	3467
314302	3472
315749	3381
315749	3388
315749	3401
315749	3408
315749	3411
315749	3463
316528	3430
316528	3443
316528	3448
316528	3500
318503	3320
318503	3322
318503	3323
318503	3326
318503	3335
318503	3338
318503	3340
318503	3343
318503	3347
318503	3350
318503	3352
318503	3354
318503	3356
318503	3357
318503	3358
318503	3362
318503	3365
318503	3367
318503	3368
318503	3369
318503	3373
318503	3374
318503	3381
318503	3382
318503	3384
318503	3387
318503	3388
318503	3389
318503	3390
318503	3391
318503	3393
318503	3394
318503	3398
318503	3400
318503	3401
318503	3407
318503	3408
318503	3409
318503	3413
318503	3416
318503	3417
318503	3418
318503	3419
318503	3420
318503	3422
318503	3423
318503	3427
318503	3428
318503	3429
318503	3430
318503	3432
318503	3434
318503	3435
318503	3436
318503	3437
318503	3438
318503	3441
318503	3442
318503	3446
318503	3449
318503	3450
318503	3453
318503	3454
318503	3455
318503	3456
318503	3458
318503	3462
318503	3463
318503	3464
318503	3467
318503	3469
318503	3470
318503	3471
318503	3472
318503	3478
318503	3479
318503	3481
318503	3482
318503	3483
318503	3486
318503	3492
318503	3500
318503	3514
318518	3463
318518	3505
318518	3522
318518	3529
318518	3553
318993	3322
318993	3338
318993	3340
318993	3343
318993	3354
318993	3356
318993	3357
318993	3358
318993	3360
318993	3365
318993	3366
318993	3368
318993	3374
318993	3378
318993	3381
318993	3383
318993	3385
318993	3390
318993	3394
318993	3396
318993	3398
318993	3400
318993	3401
318993	3405
318993	3406
318993	3407
318993	3408
318993	3413
318993	3416
318993	3418
318993	3424
318993	3427
318993	3428
318993	3432
318993	3433
318993	3434
318993	3435
318993	3436
318993	3443
318993	3444
318993	3454
318993	3455
318993	3459
318993	3460
318993	3462
318993	3463
318993	3465
318993	3466
318993	3467
318993	3470
318993	3472
318993	3477
318993	3478
318993	3479
318993	3481
318993	3484
318993	3485
318993	3486
318993	3491
318993	3494
318993	3505
318993	3511
318993	3514
318993	3517
318993	3520
318993	3522
318993	3532
319194	3344
319194	3345
319194	3347
319194	3359
319194	3369
319194	3398
319194	3405
319194	3407
319194	3437
319194	3440
319194	3451
319194	3459
319194	3470
319194	3471
320537	3290
320537	3293
320537	3298
320537	3305
320537	3306
320537	3309
320537	3310
320537	3311
320537	3312
320537	3314
320537	3315
320537	3317
320537	3321
320537	3322
320537	3323
320537	3325
320537	3327
320537	3331
320537	3332
320537	3429
321036	3320
321036	3338
321036	3347
321036	3357
321036	3369
321036	3383
321036	3389
321036	3391
321036	3434
321036	3439
321036	3450
321036	3455
321036	3463
321036	3500
321235	3354
321235	3357
321235	3373
321235	3395
321235	3416
321235	3434
321235	3436
321235	3487
321346	3356
321346	3363
321346	3385
321346	3454
321346	3486
321346	3514
321348	3343
321348	3394
321348	3416
321348	3435
321348	3443
321348	3455
321348	3468
321491	3338
321491	3391
321491	3416
321491	3449
321491	3463
321491	3500
322216	3290
322216	3303
322216	3337
322216	3348
322216	3349
322216	3352
322216	3355
322216	3361
322216	3363
322216	3364
322216	3369
322216	3375
322216	3377
322216	3382
322216	3383
322216	3392
322216	3393
322216	3399
322216	3435
322465	3434
322531	3298
322531	3305
322531	3306
322531	3313
322531	3314
322531	3322
322531	3323
322531	3331
322531	3348
322531	3350
322531	3352
322531	3357
322531	3361
322531	3364
322531	3368
322531	3369
322531	3373
322531	3377
322531	3379
322531	3389
322531	3390
322531	3405
322531	3409
322531	3423
322531	3443
322531	3467
322531	3470
322531	3505
322531	3508
324280	3365
324280	3366
324280	3391
324280	3394
324280	3401
324280	3442
324280	3448
324280	3455
324280	3463
324280	3500
324280	3514
325823	3465
325823	3468
326002	3391
326002	3416
326002	3443
326002	3463
326768	3358
326768	3381
326768	3390
326768	3412
326915	3354
326915	3439
326915	3443
327130	3298
327130	3302
327130	3307
327130	3320
327130	3321
327130	3323
327130	3335
327130	3338
327130	3339
327130	3340
327130	3343
327130	3344
327130	3345
327130	3347
327130	3348
327130	3352
327130	3353
327130	3357
327130	3358
327130	3360
327130	3361
327130	3365
327130	3367
327130	3369
327130	3371
327130	3373
327130	3376
327130	3381
327130	3383
327130	3384
327130	3385
327130	3387
327130	3388
327130	3389
327130	3391
327130	3394
327130	3396
327130	3400
327130	3404
327130	3405
327130	3407
327130	3408
327130	3410
327130	3412
327130	3414
327130	3416
327130	3417
327130	3418
327130	3419
327130	3420
327130	3421
327130	3422
327130	3424
327130	3427
327130	3432
327130	3433
327130	3434
327130	3438
327130	3439
327130	3440
327130	3442
327130	3450
327130	3453
327130	3454
327130	3460
327130	3462
327130	3463
327130	3467
327130	3469
327130	3470
327130	3471
327130	3479
327130	3481
327130	3483
327130	3494
327130	3520
327130	3535
327999	3382
327999	3397
327999	3446
327999	3500
329126	3353
329126	3447
330387	3381
330387	3416
330387	3418
330387	3422
330387	3430
330387	3435
330387	3458
330387	3459
330387	3483
330387	3511
330387	3536
330407	3318
330407	3335
330407	3347
330407	3352
330407	3354
330407	3358
330407	3367
330407	3378
330407	3380
330407	3385
330407	3388
330407	3389
330407	3391
330407	3395
330407	3400
330407	3417
330407	3434
330407	3435
330407	3439
330407	3445
330407	3447
330407	3454
330407	3462
330407	3463
330407	3465
330407	3469
332101	3354
332101	3406
332101	3468
332101	3529
332204	3381
332204	3390
332204	3394
332204	3401
332204	3458
332204	3483
332204	3499
332204	3550
332346	3326
332346	3338
332346	3344
332346	3359
332346	3361
332346	3363
332346	3364
332346	3365
332346	3369
332346	3374
332346	3375
332346	3387
332346	3388
332346	3391
332346	3409
332346	3435
334571	3338
334571	3344
334571	3413
334571	3514
334705	3347
334705	3391
334705	3428
334705	3438
334705	3442
334705	3446
334705	3533
334998	3384
334998	3413
334998	3434
