1750	2242
1750	2249
1750	2254
1750	2262
1750	2268
1750	2283
1750	2291
1750	2304
1750	2305
1750	2312
1750	2319
1750	2326
1750	2331
1750	2332
1750	2444
1750	2463
1791	2259
1791	2307
1791	2320
1791	2381
1791	2640
2068	2252
2068	2254
2068	2265
2068	2269
2068	2288
2068	2291
2068	2296
2068	2310
2068	2312
2068	2314
2068	2317
2068	2318
2068	2325
2068	2326
2068	2330
2068	2331
2068	2339
2068	2349
2068	2358
2068	2396
3306	2255
3306	2256
3306	2311
3306	2314
3306	2326
3306	2343
3306	2383
3306	2640
3651	2321
3651	2329
3651	2385
3651	2912
3892	2249
3892	2254
3892	2287
3892	2313
3892	2332
3892	2360
3892	2363
3892	2381
3892	2390
3892	2396
4805	2262
4805	2282
4805	2290
4805	2295
4805	2308
4805	2312
4805	2325
4805	2350
4805	2426
4966	2256
4966	2268
4966	2346
6237	2249
6237	2314
6237	2318
6237	2322
6237	2326
6237	2363
6237	2515
6237	2516
6648	2215
6648	2224
6648	2239
6648	2240
6648	2241
6648	2249
6648	2252
6648	2253
6648	2266
6648	2277
6648	2305
6648	2312
6648	2318
6648	2326
6648	2339
6648	2385
6690	2215
6690	2231
6690	2255
6690	2270
6690	2278
6690	2295
6690	2298
6690	2309
6690	2322
6690	2330
6690	2346
6690	2364
6690	2385
6690	2390
6690	2407
6690	2426
6690	2640
6935	2313
7146	2304
7146	2314
7146	2318
7146	2325
7146	2346
7146	2350
7146	2363
7146	2383
7146	2597
7146	2608
7490	2264
7490	2268
7490	2283
7490	2286
7490	2299
7490	2308
7490	2327
7490	2337
7490	2494
7784	2211
7784	2212
7784	2218
7784	2241
7808	2256
7808	2268
7808	2298
7808	2304
7808	2305
7808	2306
7808	2311
7808	2312
7808	2313
7808	2315
7808	2322
7808	2326
7808	2327
7808	2328
7808	2329
7808	2336
7808	2338
7808	2341
7808	2345
7808	2348
7808	2355
7808	2360
7808	2362
7808	2363
7808	2364
7808	2365
7808	2366
7808	2367
7808	2368
7808	2378
7808	2379
7808	2383
7808	2390
7808	2391
7808	2392
7808	2394
7808	2395
7808	2406
7808	2408
7808	2410
7808	2416
7808	2417
7808	2437
7808	2494
7808	2515
7886	2256
7886	2282
7886	2286
7886	2288
7886	2296
7886	2308
7886	2312
7886	2313
7886	2314
7886	2318
7886	2319
7886	2328
7886	2334
7886	2337
7886	2350
7886	2351
7886	2354
7886	2360
7886	2363
7886	2400
7886	2405
7886	2410
9386	2208
9386	2217
9386	2218
9386	2219
9386	2226
9386	2229
9386	2230
9386	2234
9386	2236
9386	2240
9386	2249
9386	2252
9386	2253
9386	2258
9386	2259
9386	2260
9386	2263
9386	2264
9386	2265
9386	2266
9386	2269
9386	2272
9386	2274
9386	2276
9386	2279
9386	2280
9386	2281
9386	2282
9386	2286
9386	2290
9386	2294
9386	2295
9386	2297
9386	2299
9386	2300
9386	2301
9386	2302
9919	2238
9919	2252
9919	2640
10031	2241
10031	2249
10031	2254
10031	2275
10031	2304
10031	2309
10031	2312
10031	2321
10031	2364
10031	2410
10223	2206
10223	2212
10223	2216
10223	2217
10223	2222
10223	2234
10223	2237
10223	2243
10223	2245
10223	2248
10223	2251
10223	2252
10223	2259
10223	2260
10223	2261
10223	2263
10223	2264
10223	2265
10223	2266
10223	2267
10223	2272
10223	2274
10223	2279
10223	2282
10223	2283
10223	2287
10223	2288
10223	2289
10223	2290
10223	2294
10223	2301
10223	2303
10252	2270
10252	2304
10252	2305
10252	2313
10252	2331
10252	2332
10252	2340
10252	2342
10252	2343
10252	2349
10252	2350
10252	2357
10252	2363
10252	2364
10252	2390
10252	2396
10252	2410
11945	2311
12604	2255
12604	2257
12604	2270
12604	2314
12604	2350
12604	2465
13361	2240
13361	2241
13361	2249
13361	2311
13361	2346
13361	2390
15947	2313
15947	2322
16033	2313
16339	2255
16339	2259
16339	2263
16339	2264
16339	2269
16339	2272
16339	2274
16339	2276
16339	2283
16339	2285
16339	2286
16339	2287
16339	2288
16339	2289
16339	2290
16339	2297
16339	2300
16339	2305
16339	2325
16339	2335
16339	2337
16339	2350
16339	2353
16339	2363
16339	2400
16339	2414
16385	2215
16385	2218
16385	2222
16385	2227
16385	2233
16385	2236
16385	2249
16385	2256
16385	2269
16385	2282
16385	2304
16385	2306
16385	2310
16385	2311
16385	2319
16385	2326
16385	2344
16385	2363
16385	2366
16385	2559
16385	2797
17064	2238
17064	2252
17064	2255
17064	2314
17064	2318
17064	2326
17064	2332
17064	2335
17064	2351
17064	2426
18825	2239
18825	2286
18825	2304
18825	2314
19141	2275
19141	2304
19141	2309
19141	2314
19141	2322
19141	2326
19141	2346
19141	2363
19141	2385
20447	2215
20447	2233
20447	2313
20447	2363
20447	2396
20447	2403
20447	2410
23192	2252
23192	2255
23192	2268
23192	2296
23192	2313
23192	2314
23192	2317
23192	2327
23192	2330
23192	2342
23192	2350
24134	2270
24134	2277
24134	2278
24134	2282
24134	2288
24134	2305
24134	2312
24134	2329
24134	2346
24134	2407
24217	2239
24217	2255
24217	2293
24217	2296
24217	2349
24371	2215
24371	2231
24371	2237
24371	2239
24371	2240
24371	2241
24371	2242
24371	2249
24371	2254
24371	2256
24371	2257
24371	2262
24371	2265
24371	2268
24371	2271
24371	2277
24371	2283
24371	2288
24371	2299
24371	2300
24371	2302
24371	2304
24371	2306
24371	2310
24371	2312
24371	2313
24371	2314
24371	2317
24371	2319
24371	2321
24371	2325
24371	2328
24371	2337
24371	2338
24371	2339
24371	2346
24371	2349
24371	2350
24371	2351
24371	2358
24371	2361
24371	2363
24371	2398
24371	2400
24371	2403
24371	2410
24371	2426
24371	2439
24371	2440
24371	2494
26712	2256
26712	2264
26712	2277
26712	2282
26712	2286
26712	2300
26712	2302
26712	2304
26712	2310
27321	2283
27321	2286
27321	2290
27321	2325
27501	2282
27501	2426
29255	2207
29255	2211
29255	2212
29255	2213
29255	2218
29255	2219
29255	2221
29255	2222
29255	2223
29255	2224
29255	2230
29255	2231
29255	2234
29255	2238
29255	2240
29255	2241
29255	2242
29255	2243
29255	2248
29255	2249
29255	2253
29255	2256
29255	2258
29255	2259
29255	2260
29255	2262
29255	2263
29255	2264
29255	2266
29255	2269
29255	2271
29255	2272
29255	2275
29255	2277
29255	2279
29255	2280
29255	2282
29255	2284
29255	2287
29255	2288
29255	2289
29255	2290
29255	2294
29255	2295
29255	2297
29255	2298
29255	2300
29255	2301
29255	2305
29255	2306
29255	2307
29255	2309
29255	2312
29255	2322
29255	2326
29255	2330
29255	2336
29255	2339
29255	2363
29778	2255
29778	2304
29778	2311
29778	2313
29778	2314
29778	2329
29778	2343
29778	2346
29778	2350
29778	2357
29778	2363
29778	2385
30733	2325
30733	2407
30733	2426
33540	2249
33540	2264
33540	2282
34154	2249
34154	2252
34154	2256
34154	2282
34154	2305
34154	2311
34154	2312
34154	2314
34154	2321
34154	2326
34154	2350
34154	2363
34154	2370
34154	2379
34154	2385
34154	2405
34154	2410
34154	2426
34611	2296
34611	2311
34611	2314
34611	2329
35478	2229
35478	2231
35478	2234
35478	2242
35478	2243
35478	2244
35478	2249
35478	2253
35478	2256
35478	2257
35478	2259
35478	2260
35478	2263
35478	2264
35478	2266
35478	2270
35478	2273
35478	2275
35478	2279
35478	2280
35478	2281
35478	2282
35478	2284
35478	2286
35478	2290
35478	2292
35478	2295
35478	2297
35478	2298
35478	2299
35478	2301
35478	2304
35478	2307
35478	2308
35478	2313
35478	2314
35478	2315
35713	2257
35713	2292
35713	2295
35713	2300
35713	2306
35713	2312
35713	2314
35713	2324
35713	2330
35713	2333
35713	2340
35713	2342
35713	2344
35713	2347
35713	2379
35713	2383
35713	2397
35713	2411
35713	2418
35713	2426
35713	2427
35713	2477
35966	2249
35966	2256
35966	2266
35966	2311
35966	2312
35966	2314
35966	2363
36790	2238
36790	2241
36790	2249
36790	2266
36790	2304
36790	2305
36790	2363
37043	2215
37043	2241
37043	2267
37043	2291
37043	2385
37043	2711
38013	2257
38013	2259
38013	2260
38013	2262
38013	2264
38013	2265
38013	2269
38013	2271
38013	2272
38013	2273
38013	2275
38013	2277
38013	2279
38013	2280
38013	2282
38013	2284
38013	2288
38013	2292
38013	2295
38013	2297
38013	2306
38013	2307
38013	2308
38013	2315
38013	2339
38479	2215
38479	2224
38479	2237
38479	2239
38479	2240
38479	2241
38479	2242
38479	2249
38479	2253
38479	2255
38479	2256
38479	2259
38479	2261
38479	2262
38479	2264
38479	2265
38479	2267
38479	2271
38479	2275
38479	2277
38479	2282
38479	2283
38479	2285
38479	2286
38479	2288
38479	2291
38479	2293
38479	2297
38479	2298
38479	2299
38479	2303
38479	2304
38479	2305
38479	2309
38479	2314
38479	2315
38479	2317
38479	2318
38479	2321
38479	2322
38479	2325
38479	2326
38479	2329
38479	2334
38479	2336
38479	2338
38479	2339
38479	2340
38479	2342
38479	2349
38479	2350
38479	2351
38479	2355
38479	2363
38479	2364
38479	2385
38479	2420
38479	2426
38479	2640
39142	2270
39142	2304
39142	2305
39142	2318
39142	2319
39142	2329
39142	2330
39142	2332
39142	2346
39142	2347
39142	2377
39142	2383
39142	2385
39142	2437
39142	2460
39142	2463
39142	2474
39142	2574
39275	2265
39275	2295
39275	2300
39275	2304
39275	2326
39275	2350
40242	2208
40242	2216
40242	2232
40242	2247
40242	2254
40242	2299
40242	2325
40556	2249
40556	2292
40556	2314
40556	2318
40556	2363
40963	2233
40963	2239
40963	2252
40963	2256
40963	2262
40963	2265
40963	2269
40963	2277
40963	2284
40963	2291
40963	2302
40963	2308
40963	2314
40963	2337
40963	2339
40963	2363
40963	2364
43096	2252
43096	2256
43362	2211
43362	2240
43362	2242
43362	2243
43362	2247
43362	2248
43362	2249
43362	2251
43362	2252
43362	2253
43362	2254
43362	2256
43362	2257
43362	2258
43362	2259
43362	2262
43362	2263
43362	2264
43362	2265
43362	2266
43362	2267
43362	2269
43362	2270
43362	2271
43362	2272
43362	2273
43362	2274
43362	2275
43362	2276
43362	2278
43362	2279
43362	2281
43362	2285
43362	2286
43362	2292
43362	2299
43362	2300
48570	2252
48570	2322
48570	2325
48570	2363
49279	2215
49279	2239
49279	2249
49279	2254
49279	2284
49279	2304
49279	2312
49279	2317
49279	2344
49279	2364
49508	2224
49508	2293
49508	2296
49508	2299
49508	2302
49508	2318
49508	2332
49508	2335
49508	2349
49508	2350
49508	2385
49508	2420
49508	2640
49763	2348
49763	2357
49763	2363
49763	2400
49763	2405
49939	2218
49939	2219
49939	2222
49939	2224
49939	2249
49939	2253
49939	2254
49939	2269
49939	2270
49939	2276
49939	2277
49939	2280
49939	2290
49939	2351
50354	2222
50354	2224
50354	2227
50354	2230
50354	2234
50354	2242
50354	2243
50354	2249
50354	2251
50354	2252
50354	2253
50354	2254
50354	2258
50354	2259
50354	2260
50354	2261
50354	2262
50354	2263
50354	2265
50354	2266
50354	2267
50354	2271
50354	2279
50354	2280
50354	2282
50354	2283
50354	2284
50354	2286
50354	2290
50354	2291
50354	2292
50354	2294
50354	2295
50354	2297
50354	2299
50354	2301
50354	2303
50354	2304
50354	2307
50354	2308
50354	2311
50714	2299
50714	2318
51394	2300
51394	2304
51394	2305
51394	2311
51394	2313
51394	2314
51394	2318
51394	2325
51394	2327
51394	2329
51394	2333
51394	2335
51394	2337
51394	2343
51394	2346
51394	2347
51394	2348
51394	2350
51394	2352
51394	2360
51394	2363
51394	2368
51394	2379
51394	2383
51394	2385
51394	2386
51394	2392
51394	2410
51408	2314
51408	2400
51566	2249
51566	2252
51566	2271
51566	2312
51566	2326
51581	2238
51581	2249
51581	2283
51581	2284
51581	2302
51581	2310
51581	2313
51581	2314
51581	2319
51581	2329
51581	2360
51581	2362
54970	2233
54970	2249
54970	2252
54970	2256
54970	2270
54970	2282
54970	2286
54970	2293
54970	2296
54970	2304
54970	2313
54970	2314
54970	2319
54970	2321
54970	2326
54970	2329
54970	2337
54970	2344
54970	2349
54970	2350
54970	2351
54970	2358
54970	2360
54970	2363
55063	2238
55063	2249
55063	2255
55063	2256
55063	2257
55063	2259
55063	2262
55063	2270
55063	2277
55063	2278
55063	2280
55063	2283
55063	2284
55063	2286
55063	2288
55063	2291
55063	2293
55063	2296
55063	2299
55063	2303
55063	2305
55063	2307
55063	2308
55063	2311
55063	2312
55063	2318
55063	2326
55063	2335
55063	2336
55063	2339
55063	2340
55063	2342
55063	2344
55063	2349
55063	2426
55401	2269
55401	2292
55401	2304
55401	2306
55401	2322
55401	2340
55401	2390
55401	2426
55634	2249
55634	2256
55634	2305
55634	2312
55634	2313
55634	2326
55634	2363
55828	2271
55828	2305
55828	2314
55828	2410
56783	2286
56783	2304
56783	2313
56783	2363
57311	2206
57311	2208
57311	2210
57311	2211
57311	2213
57311	2215
57311	2216
57311	2217
57311	2218
57311	2219
57311	2220
57311	2224
57311	2230
57311	2242
57311	2243
57311	2244
57311	2248
57311	2249
57311	2254
57311	2256
57311	2257
57311	2258
57311	2259
57311	2260
57311	2261
57311	2262
57311	2263
57311	2264
57311	2266
57311	2271
57311	2272
57311	2273
57311	2276
57311	2280
57311	2285
57311	2392
58236	2304
58236	2333
58236	2364
59154	2313
59154	2363
59266	2304
59266	2318
59266	2363
59323	2241
59323	2242
59323	2285
59323	2305
59323	2312
59323	2326
59323	2355
59733	2240
59733	2241
59733	2242
59733	2252
59733	2254
59733	2256
59733	2269
59733	2304
59733	2312
59733	2313
59733	2326
59733	2385
60244	2304
60244	2314
60244	2337
60244	2348
60244	2362
60244	2376
60244	2377
60244	2378
60244	2400
60244	2410
60244	2490
60597	2249
60597	2286
60597	2302
60597	2304
60597	2305
60597	2306
60597	2312
60597	2313
60597	2314
60597	2315
60597	2325
60597	2326
60597	2329
60597	2350
60597	2363
60597	2385
60986	2215
60986	2253
60986	2266
60986	2313
60986	2341
60986	2363
60986	2377
60986	2392
60986	2403
60986	2405
60986	2422
60986	2550
60986	2574
61760	2249
61760	2317
61760	2426
61892	2215
61892	2260
61892	2276
61892	2286
61892	2291
61892	2363
62161	2239
62161	2241
62161	2253
62161	2262
62161	2265
62161	2271
62161	2302
62161	2312
62161	2314
62161	2318
62161	2325
62161	2349
62161	2350
62161	2410
62161	2906
62341	2224
62341	2239
62341	2242
62341	2254
62341	2255
62341	2256
62341	2262
62341	2264
62341	2268
62341	2273
62341	2277
62341	2285
62341	2286
62341	2287
62341	2288
62341	2290
62341	2297
62341	2300
62341	2306
62341	2308
62341	2313
62341	2314
62341	2319
62341	2326
62341	2329
62341	2334
62341	2337
62341	2339
62341	2352
62341	2355
62341	2357
62341	2363
63772	2238
63772	2255
63772	2313
63772	2314
63772	2317
63772	2426
64080	2255
64080	2300
64080	2302
64080	2313
64080	2325
64080	2329
64080	2346
64080	2350
64080	2363
64829	2314
65398	2206
65398	2207
65398	2208
65398	2212
65398	2215
65398	2216
65398	2219
65398	2220
65398	2221
65398	2222
65398	2223
65398	2226
65398	2229
65398	2233
65398	2237
65398	2253
65398	2259
65398	2261
65398	2262
65398	2265
65398	2266
65398	2269
65398	2270
65398	2272
65398	2274
65398	2276
65398	2277
65398	2279
65398	2282
65398	2294
65398	2344
66068	2240
66068	2266
66068	2385
66068	2410
66068	2596
67353	2252
67353	2254
67353	2261
67353	2264
67353	2268
67353	2291
67353	2313
67353	2320
67353	2329
67353	2334
67353	2351
67353	2385
67461	2249
67461	2255
67461	2256
67461	2262
67461	2268
67461	2275
67461	2282
67461	2288
67461	2293
67461	2299
67461	2304
67461	2306
67461	2308
67461	2309
67461	2311
67461	2312
67461	2313
67461	2314
67461	2315
67461	2318
67461	2319
67461	2322
67461	2325
67461	2326
67461	2327
67461	2330
67461	2332
67461	2334
67461	2338
67461	2342
67461	2346
67461	2349
67461	2350
67461	2351
67461	2357
67461	2358
67461	2360
67461	2363
67461	2382
67461	2385
67461	2410
67461	2421
67461	2426
67461	2494
67976	2268
67976	2291
67976	2325
67976	2350
67976	2370
69326	2270
69326	2283
69326	2295
69326	2315
69326	2322
69326	2330
69326	2337
69326	2342
69367	2249
69367	2296
69367	2339
70527	2240
70527	2241
70527	2252
70527	2314
70527	2318
70527	2337
70527	2359
70725	2242
70725	2249
70725	2262
70725	2271
70725	2283
70725	2304
70725	2305
70725	2308
70725	2312
70725	2314
70725	2318
70725	2322
70725	2326
70725	2331
70725	2332
70725	2344
70725	2349
74146	2239
74146	2255
74146	2317
74146	2320
74146	2358
74489	2273
74489	2302
74489	2344
74489	2390
75277	2249
75277	2255
75277	2268
75277	2275
75277	2282
75277	2288
75277	2314
75277	2363
75277	2385
75729	2206
75729	2237
75729	2242
75729	2252
75729	2255
75729	2259
75729	2262
75729	2269
75729	2270
75729	2273
75729	2275
75729	2280
75729	2282
75729	2287
75729	2288
75729	2300
75729	2306
75729	2317
75729	2318
75729	2321
75729	2328
75729	2331
75729	2332
75729	2344
75729	2346
75729	2349
75729	2352
75729	2363
75729	2369
75729	2377
75729	2385
75729	2390
75729	2393
75729	2407
75729	2411
75729	2422
75729	2449
75729	2504
75729	2562
75729	2574
75729	2606
75729	2607
75729	2608
75729	2626
75729	2640
75729	2641
75729	2690
75729	2707
75729	2711
75729	2712
75729	2718
75729	2721
75729	2727
75729	2729
75729	2741
75729	2770
75729	2778
75729	2783
75729	2796
75729	2797
75729	2801
75729	2829
75729	2860
75729	2993
75729	2996
75729	3000
75729	3013
75729	3015
75729	3016
75729	3030
75729	3055
75729	3061
75729	3090
75729	3136
75729	3142
75729	3169
75729	3177
75729	3234
75729	3241
75729	3284
75729	3290
75729	3352
75729	3354
75729	3362
75729	3374
75729	3381
75729	3424
75729	3435
75729	3493
76710	2222
76710	2223
76710	2238
76710	2239
76710	2252
76710	2277
76710	2279
76710	2282
76710	2284
76710	2287
76710	2288
76710	2289
76710	2295
76710	2302
76710	2303
76770	2304
76770	2305
76770	2306
76770	2313
76770	2315
76770	2337
76770	2355
76770	2363
76770	2385
76770	2386
76770	2403
76770	2405
76770	2410
76903	2252
76903	2256
76903	2271
77722	2206
77722	2208
77722	2218
77722	2222
77722	2228
77722	2229
77722	2231
77722	2234
77722	2254
77722	2256
77722	2259
77722	2262
77722	2267
77722	2284
77722	2292
77722	2295
77722	2299
77722	2302
77722	2308
77735	2252
77735	2273
77735	2348
77735	2434
77735	2541
79123	2238
79123	2268
79123	2286
79123	2304
79123	2313
79123	2314
79123	2325
79123	2326
79123	2337
79123	2338
79123	2363
79123	2397
79123	2400
80640	2215
80640	2233
80640	2238
80640	2241
80640	2252
80640	2255
80640	2256
80640	2270
80640	2273
80640	2275
80640	2277
80640	2280
80640	2283
80640	2293
80640	2298
80640	2299
80640	2300
80640	2302
80640	2305
80640	2308
80640	2310
80640	2313
80640	2315
80640	2317
80640	2322
80640	2325
80640	2330
80640	2335
80640	2338
80640	2340
80640	2342
80640	2363
80640	2364
80640	2396
80640	2426
83962	2240
83962	2241
83962	2305
83962	2329
83962	2350
83962	2351
83962	2363
83962	2385
84151	2337
84151	2358
84151	2385
85202	2253
85202	2259
85202	2297
86243	2240
86243	2241
86243	2249
86243	2254
86243	2305
86243	2312
86243	2331
86809	2218
86809	2239
86809	2241
86809	2255
86809	2262
86809	2268
86809	2326
86809	2332
86809	2339
86809	2349
86809	2350
86809	2407
87923	2317
87923	2346
87923	2350
87923	2379
87923	2385
87923	2407
89465	2277
90015	2238
90015	2256
90015	2265
90015	2266
90015	2273
90015	2275
90015	2276
90015	2282
90015	2285
90015	2286
90015	2287
90015	2290
90015	2292
90015	2294
90015	2307
90015	2309
90015	2312
90015	2329
90015	2339
90015	2342
90015	2374
90015	2482
90015	2745
90015	2758
90015	2969
92675	2255
92675	2257
92675	2269
92675	2284
92675	2288
92675	2312
92675	2317
92675	2329
92675	2330
92675	2346
92675	2349
92675	2426
94173	2252
94173	2256
94173	2290
94173	2311
94173	2364
94528	2238
94528	2240
94528	2254
94528	2262
94528	2304
94528	2305
94528	2308
94528	2312
94528	2313
94528	2318
94528	2326
94528	2330
94528	2331
94528	2346
94528	2349
94528	2356
94528	2363
94528	2400
94528	2407
94528	2411
94528	2420
95924	2292
95924	2296
95924	2325
95924	2331
95947	2249
95947	2304
95947	2309
95947	2314
95947	2318
95947	2326
95947	2329
95947	2330
95947	2337
95947	2350
95947	2363
95947	2368
95947	2379
95947	2383
95947	2385
95947	2400
96523	2212
96523	2216
96523	2217
96523	2218
96523	2220
96523	2226
96523	2230
96523	2231
96523	2232
96523	2234
96523	2238
96523	2243
96523	2247
96523	2253
96523	2258
96523	2271
96523	2272
96523	2274
96523	2277
96523	2279
96523	2304
96523	2307
96523	2882
97254	2215
97254	2238
97254	2275
97254	2282
97254	2304
97254	2326
97254	2383
98300	2231
98300	2242
98300	2254
98300	2329
98300	2363
98300	2385
99994	2221
99994	2224
99994	2238
99994	2258
99994	2265
99994	2277
99994	2278
99994	2279
99994	2280
99994	2282
99994	2287
99994	2288
99994	2289
99994	2295
99994	2297
99994	2298
99994	2315
99994	2320
99994	2324
99994	2332
99994	2345
99994	2352
99994	2383
101035	2215
101035	2218
101035	2224
101035	2226
101035	2227
101035	2228
101035	2230
101035	2231
101035	2233
101035	2236
101035	2239
101035	2242
101035	2243
101035	2244
101035	2248
101035	2249
101035	2251
101035	2252
101035	2253
101035	2255
101035	2256
101035	2258
101035	2260
101035	2261
101035	2263
101035	2264
101035	2265
101035	2267
101035	2268
101035	2269
101035	2270
101035	2271
101035	2272
101035	2274
101035	2275
101035	2276
101035	2277
101035	2278
101035	2279
101035	2280
101035	2282
101035	2283
101035	2284
101035	2285
101035	2288
101035	2290
101035	2291
101035	2298
101035	2300
101035	2302
101035	2303
101035	2305
101035	2313
101035	2321
101035	2322
101035	2342
101035	2379
101035	2385
101035	2392
102218	2249
102218	2254
102218	2305
102218	2363
102431	2228
102431	2230
102431	2237
102431	2238
102431	2239
102431	2255
102431	2265
102431	2272
102431	2278
102431	2282
102431	2284
102431	2287
102431	2288
102431	2289
102431	2293
102431	2296
102431	2302
102431	2320
102431	2375
102431	2385
102431	2407
102431	2412
102431	2426
102431	2578
103576	2238
103576	2314
103576	2329
106844	2249
106844	2257
106844	2277
106844	2314
106844	2325
106844	2326
106844	2350
106844	2363
107086	2239
107086	2254
107086	2265
107086	2286
107086	2288
107086	2296
107086	2425
107086	2457
107086	3225
107155	2304
107155	2314
107155	2318
110238	2239
110238	2265
110238	2426
110510	2242
110510	2252
110510	2253
110510	2257
110510	2258
110510	2259
110510	2262
110510	2264
110510	2265
110510	2266
110510	2267
110510	2269
110510	2274
110510	2277
110510	2279
110510	2280
110510	2281
110510	2286
110510	2299
110510	2304
110510	2363
110545	2312
110545	2318
110545	2325
110545	2327
111058	2295
111058	2309
111058	2313
111058	2357
111058	2363
111058	2397
111058	2416
111290	2211
111290	2216
111290	2218
111290	2219
111290	2222
111290	2223
111290	2231
111290	2234
111290	2239
111290	2243
111290	2254
111290	2256
111290	2257
111290	2259
111290	2260
111290	2263
111290	2265
111290	2266
111290	2267
111290	2269
111290	2272
111290	2274
111290	2275
111290	2276
111290	2277
111290	2280
111290	2284
111290	2285
111290	2287
111290	2288
111290	2289
111290	2292
111290	2293
111290	2294
111290	2295
111290	2301
111290	2303
111290	2304
112430	2288
112430	2304
112430	2312
112430	2313
112430	2314
112430	2318
112430	2325
112430	2326
112430	2334
112430	2337
112430	2346
112430	2351
112430	2363
112430	2385
113007	2238
113007	2262
113007	2318
113007	2360
113173	2241
113173	2249
113173	2252
113173	2277
113173	2355
113173	2363
113217	2229
113217	2230
113217	2231
113217	2234
113217	2236
113217	2239
113217	2242
113217	2243
113217	2248
113217	2249
113217	2252
113217	2256
113217	2258
113217	2260
113217	2261
113217	2263
113217	2277
113217	2284
113217	2286
113217	2308
113217	2312
113217	2326
113217	2339
114161	2231
114161	2249
114161	2256
114161	2262
114161	2270
114161	2275
114161	2290
114161	2304
114161	2305
114161	2308
114161	2311
114161	2326
114161	2346
114908	2240
114908	2253
114908	2256
114908	2259
114908	2268
114908	2275
114908	2282
114908	2303
114908	2312
114908	2313
114908	2314
114908	2318
114908	2326
114908	2343
114908	2351
114908	2355
114908	2360
114908	2363
114908	2385
114908	2410
116322	2242
116322	2249
116322	2254
116322	2265
116322	2268
116322	2311
118125	2239
118125	2257
118125	2258
118125	2286
118125	2337
118125	2339
118125	2351
118125	2380
118320	2325
118476	2249
118476	2268
118476	2305
118476	2312
118476	2314
118476	2318
118476	2326
118476	2344
118476	2350
118476	2360
118476	2363
118476	2410
118522	2238
118522	2242
118522	2249
118522	2252
118522	2255
118522	2256
118522	2257
118522	2262
118522	2270
118522	2271
118522	2273
118522	2277
118522	2282
118522	2283
118522	2284
118522	2288
118522	2291
118522	2292
118522	2295
118522	2296
118522	2298
118522	2299
118522	2303
118522	2304
118522	2305
118522	2308
118522	2311
118522	2313
118522	2314
118522	2315
118522	2321
118522	2322
118522	2325
118522	2326
118522	2329
118522	2332
118522	2337
118522	2339
118522	2342
118522	2346
118522	2350
118522	2363
118522	2407
118522	2505
121103	2257
121103	2268
121103	2306
121103	2313
121103	2318
121103	2326
121103	2338
121103	2911
124345	2255
124345	2304
124345	2325
124345	2342
126485	2268
126485	2275
126485	2277
126485	2304
126485	2305
126485	2306
126485	2312
126485	2313
126485	2332
126485	2355
126485	2363
126485	2366
126485	2403
126485	2405
126606	2277
126606	2290
126606	2308
126606	2309
126606	2314
126606	2318
126606	2321
126606	2346
126606	2367
126606	2372
126606	2375
126623	2255
126623	2272
126623	2280
126623	2317
126623	2320
126623	2358
126623	2426
127739	2215
127739	2227
127739	2233
127739	2262
127739	2286
127739	2288
127739	2296
127739	2298
127739	2309
127739	2314
127739	2321
127739	2351
127739	2363
127771	2249
127771	2269
127771	2304
127771	2308
127771	2312
127771	2326
127771	2331
127771	2340
127771	2342
127771	2344
127771	3152
129511	2219
129511	2276
129511	2304
130091	2233
130091	2237
130091	2240
130091	2241
130091	2249
130091	2269
130091	2313
130091	2326
130091	2343
130091	2354
130091	2362
130091	2367
130091	2388
130091	2391
130091	2395
130099	2253
130099	2312
130316	2215
130316	2231
130316	2233
130316	2235
130316	2240
130316	2249
130316	2265
130316	2268
130316	2269
130316	2270
130316	2277
130316	2282
130316	2287
130316	2300
130316	2304
130316	2305
130316	2306
130316	2311
130316	2319
130316	2322
130316	2326
130316	2331
130316	2344
130316	2351
130316	2385
130316	2390
130316	2448
130316	2469
130838	2212
130838	2215
130838	2275
130838	2277
130838	2279
130838	2282
130838	2290
130838	2297
130838	2298
130838	2300
130838	2301
130838	2302
130838	2304
130838	2306
130838	2307
130838	2311
130838	2315
130838	2322
130838	2330
130838	2331
130838	2336
130838	2339
130838	2340
130838	2344
131285	2240
131285	2241
131285	2249
131285	2254
131285	2286
131285	2304
131285	2318
131285	2326
131285	2331
131285	2346
131532	2241
131532	2288
131532	2314
131532	2318
131532	2363
131532	2423
131594	2313
131594	2322
131594	2363
132423	2248
132423	2249
132423	2251
132423	2252
132423	2253
132423	2254
132423	2257
132423	2258
132423	2259
132423	2260
132423	2262
132423	2263
132423	2264
132423	2265
132423	2266
132423	2267
132423	2269
132423	2271
132423	2272
132423	2273
132423	2274
132423	2278
132423	2279
132423	2280
132423	2282
132423	2283
132423	2284
132423	2285
132423	2304
132423	2321
132423	2329
132423	2346
132423	2351
132423	2364
132423	2385
132423	2412
132423	2639
132740	2240
132740	2241
132740	2249
132740	2264
132740	2268
132740	2270
132740	2271
132740	2275
132740	2287
132740	2299
132740	2302
132740	2309
132740	2310
132740	2313
132740	2315
132740	2318
132740	2322
132740	2326
132740	2328
132740	2329
132740	2331
132740	2332
132740	2334
132740	2344
132740	2346
132740	2356
132740	2360
132740	2363
132740	2364
132740	2367
132740	2368
132740	2372
132740	2375
132740	2376
132740	2378
132740	2379
132740	2385
132740	2388
132740	2393
132740	2398
132740	2403
132740	2405
132740	2406
132740	2409
132740	2411
132740	2416
132740	2418
132740	2422
132740	2423
132740	2431
132740	2439
132740	2447
132740	2452
132740	2477
132740	2481
132740	2515
133195	2249
133195	2288
133195	2291
133195	2299
133195	2350
133195	2363
133195	2385
133378	2206
133378	2208
133378	2212
133378	2216
133378	2217
133378	2224
133378	2227
133378	2231
133378	2232
133378	2238
133378	2242
133378	2243
133378	2244
133378	2247
133378	2248
133378	2252
133378	2253
133378	2254
133378	2256
133378	2257
133378	2258
133378	2259
133378	2261
133378	2262
133378	2263
133378	2264
133378	2265
133378	2266
133378	2267
133378	2268
133378	2270
133378	2271
133378	2272
133378	2278
133378	2280
133378	2285
133378	2288
133378	2291
133378	2292
133378	2295
133378	2312
133378	2459
133512	2350
133746	2213
133746	2219
133746	2220
133746	2221
133746	2240
133746	2259
133746	2264
133746	2268
133746	2269
133746	2277
133746	2279
133746	2297
133746	2335
133746	2349
133788	2304
133788	2385
136252	2238
136252	2249
136252	2311
136953	2232
136953	2240
136953	2242
136953	2243
136953	2244
136953	2245
136953	2247
136953	2248
136953	2251
136953	2253
136953	2258
136953	2260
136953	2262
136953	2263
136953	2264
136953	2268
136953	2270
136953	2271
136953	2277
136953	2278
136953	2283
136953	2294
136953	2297
136953	2299
136953	2300
136953	2302
136953	2303
136953	2304
136953	2307
136953	2308
136953	2311
136953	2314
137467	2213
137467	2252
137467	2269
137467	2293
137467	2311
137467	2313
137467	2314
137467	2339
137467	2349
137467	2363
137467	2390
137467	2410
137467	2674
137467	2914
137467	2920
137504	2238
137504	2256
137504	2266
137504	2268
137504	2277
137504	2286
137504	2304
137504	2306
137504	2363
138950	2231
138950	2238
138950	2249
138950	2255
138950	2256
138950	2268
138950	2286
138950	2304
138950	2305
138950	2312
138950	2313
138950	2317
138950	2326
138950	2327
138950	2346
138950	2363
138950	2385
138950	2410
139033	2304
139033	2312
139033	2362
139033	2363
139033	2377
139033	2385
139033	2410
139650	2304
139650	2337
139650	2496
141168	2313
141168	2360
141168	2371
141168	2400
144296	2223
144296	2224
144296	2227
144296	2236
144296	2238
144296	2242
144296	2243
144296	2244
144296	2251
144296	2253
144296	2254
144296	2260
144296	2263
144296	2265
144296	2266
144296	2267
144296	2273
144296	2277
144296	2278
144296	2283
144296	2284
144296	2287
144296	2288
144296	2289
144296	2294
144296	2297
144296	2299
144296	2301
144296	2302
144296	2303
144459	2261
144459	2280
144459	2318
144459	2340
144913	2293
144913	2338
144913	2339
144913	2358
144913	2366
145460	2363
145460	2385
147848	2243
147848	2264
147848	2283
147848	2300
147848	2307
147848	2331
147848	2344
147848	2348
147848	3195
147939	2249
147939	2268
147939	2275
147939	2304
147939	2306
147939	2312
147939	2326
147939	2448
147939	2515
148237	2298
148237	2304
148237	2329
148237	2363
148237	2385
148293	2249
148293	2313
148293	2314
148293	2346
149516	2238
151016	2255
151016	2308
151685	2207
151685	2208
151685	2210
151685	2217
151685	2218
151685	2223
151685	2224
151685	2231
151685	2234
151685	2238
151685	2240
151685	2241
151685	2242
151685	2248
151685	2249
151685	2252
151685	2253
151685	2254
151685	2256
151685	2257
151685	2259
151685	2261
151685	2262
151685	2264
151685	2265
151685	2268
151685	2269
151685	2270
151685	2271
151685	2272
151685	2273
151685	2274
151685	2275
151685	2277
151685	2278
151685	2279
151685	2280
151685	2282
151685	2283
151685	2284
151685	2285
151685	2286
151685	2288
151685	2292
151685	2296
151685	2303
151685	2304
151685	2306
151685	2309
151685	2310
151685	2312
151685	2313
151685	2315
151685	2317
151685	2319
151685	2320
151685	2321
151685	2322
151685	2325
151685	2326
151685	2329
151685	2330
151685	2332
151685	2334
151685	2338
151685	2339
151685	2340
151685	2344
151685	2346
151685	2349
151685	2356
151685	2358
151685	2363
151685	2366
151685	2385
151685	2390
151685	2396
151685	2400
151685	2407
151685	2426
151685	2429
151685	2640
152331	2224
152331	2227
152331	2230
152331	2231
152331	2232
152331	2233
152331	2234
152331	2236
152331	2237
152331	2248
152331	2253
152331	2254
152331	2259
152331	2260
152331	2261
152331	2263
152331	2264
152331	2265
152331	2266
152331	2269
152331	2271
152331	2272
152331	2274
152331	2279
154558	2206
154558	2207
154558	2253
154558	2259
154558	2260
154558	2262
154558	2264
154558	2265
154558	2267
154558	2269
154558	2270
154558	2275
154558	2279
154558	2281
154558	2284
154558	2286
154558	2287
154558	2290
154558	2303
155063	2325
155063	2338
155063	2350
158890	2262
158890	2268
158890	2275
158890	2313
158890	2314
158890	2315
158890	2322
158890	2326
158890	2329
158890	2350
158890	2363
159912	2268
159912	2312
159912	2326
160024	2272
160024	2284
160024	2286
160024	2290
160024	2302
160024	2304
160024	2306
160024	2307
160024	2309
160024	2324
160024	2340
160024	2345
160024	2350
160024	2361
160024	2369
160024	2371
160024	2372
160024	2374
160024	2375
161106	2231
161106	2234
161106	2248
161106	2252
161106	2253
161106	2254
161106	2257
161106	2259
161106	2260
161106	2262
161106	2263
161106	2264
161106	2265
161106	2266
161106	2267
161106	2269
161106	2276
161106	2278
161106	2279
161106	2282
161106	2285
161106	2292
161106	2294
161106	2297
161106	2301
161106	2302
161106	2307
161106	2312
161106	2315
161106	2319
161333	2218
161333	2227
161333	2231
161333	2240
161333	2243
161333	2248
161333	2252
161333	2253
161333	2254
161333	2259
161333	2260
161333	2262
161333	2263
161333	2264
161333	2265
161333	2266
161333	2268
161333	2269
161333	2270
161333	2277
161333	2279
161333	2280
161333	2282
161333	2284
161333	2285
161333	2287
161333	2288
161333	2289
161541	2227
161541	2233
161541	2239
161541	2240
161541	2241
161541	2249
161541	2252
161541	2254
161541	2256
161541	2268
161541	2280
161541	2282
161541	2287
161541	2288
161541	2290
161541	2311
161541	2326
163175	2238
163175	2241
163175	2252
163175	2256
163175	2262
163175	2266
163175	2268
163175	2275
163175	2283
163175	2291
163175	2296
163175	2302
163175	2304
163175	2305
163175	2306
163175	2307
163175	2310
163175	2314
163175	2318
163175	2325
163175	2332
163175	2336
163175	2350
163175	2385
163727	2249
163727	2304
163727	2305
163727	2311
163727	2312
163727	2313
163727	2314
163727	2318
163727	2326
163727	2337
163727	2346
163727	2348
163727	2350
163727	2363
163727	2385
163727	2400
163727	2410
164644	2239
164644	2240
164644	2241
164644	2254
164644	2288
164644	2305
164644	2326
164644	2385
165054	2241
165054	2249
165054	2268
165054	2271
165054	2302
165054	2304
165054	2305
165054	2309
165054	2314
165054	2318
165054	2326
165054	2334
165054	2337
165054	2351
165054	2379
165054	2400
165054	2404
165054	2410
165054	2467
167435	2249
167649	2216
167649	2217
167649	2218
167649	2236
167649	2237
167649	2238
167649	2253
167649	2254
167649	2257
167649	2259
167649	2260
167649	2263
167649	2265
167649	2269
167649	2280
167649	2285
167649	2287
167649	2288
167649	2289
167649	2290
167649	2294
167649	2304
167649	2307
167649	2309
169665	2212
169665	2215
169665	2216
169665	2217
169665	2218
169665	2222
169665	2224
169665	2226
169665	2234
169665	2236
169665	2237
169665	2242
169665	2243
169665	2248
169665	2253
169665	2261
169665	2264
169665	2265
169665	2269
169665	2273
169665	2277
169665	2285
169665	2290
169665	2292
172863	2206
172863	2207
172863	2208
172863	2217
172863	2218
172863	2223
172863	2224
172863	2227
172863	2228
172863	2231
172863	2233
172863	2238
172863	2244
172863	2247
172863	2248
172863	2249
172863	2251
172863	2256
172863	2259
172863	2260
172863	2261
172863	2262
172863	2263
172863	2264
172863	2265
172863	2267
172863	2268
172863	2275
172863	2277
172863	2279
172863	2280
172863	2282
172863	2284
172863	2285
172863	2286
172863	2287
172863	2292
172863	2293
172863	2296
172863	2297
172863	2307
172863	2308
172863	2315
172863	2339
175937	2274
175937	2321
175937	2325
175937	2364
176333	2241
176333	2249
176333	2265
176333	2268
176333	2293
176333	2296
176333	2299
176333	2304
176333	2308
176333	2312
176333	2313
176333	2321
176333	2322
176333	2328
176333	2332
176333	2339
176333	2346
176333	2349
176333	2363
176333	2381
176333	2385
176333	2390
176333	2420
176333	2541
178196	2305
178196	2313
178196	2314
178196	2363
178196	2400
182008	2253
182008	2255
182008	2293
182008	2296
182008	2317
182008	2325
182008	2349
182008	2640
182883	2254
182883	2260
182883	2263
182883	2267
182883	2272
182883	2274
182883	2284
182883	2287
182883	2288
182883	2289
182883	2292
182883	2294
182883	2297
182883	2299
182883	2300
182883	2302
182883	2303
182883	2307
182883	2308
182883	2309
182883	2310
182883	2315
182883	2323
182883	2332
182883	2335
182883	2340
182883	2346
184695	2215
184695	2240
184695	2241
184695	2249
184695	2254
184695	2266
184695	2277
184695	2306
184695	2312
184695	2314
184695	2326
184695	2385
185072	2249
185072	2282
185072	2304
185072	2305
185072	2314
185072	2325
185072	2346
185072	2350
185072	2359
185072	2363
185072	2374
185072	2385
185072	2386
185072	2391
187049	2238
187049	2240
187049	2242
187049	2249
187049	2252
187049	2254
187049	2255
187049	2256
187049	2259
187049	2268
187049	2269
187049	2275
187049	2282
187049	2283
187049	2284
187049	2292
187049	2295
187049	2296
187049	2299
187049	2300
187049	2305
187049	2306
187049	2309
187049	2311
187049	2312
187049	2313
187049	2314
187049	2319
187049	2321
187049	2323
187049	2325
187049	2326
187049	2335
187049	2337
187049	2338
187049	2339
187049	2346
187049	2349
187049	2350
187049	2351
187049	2352
187049	2358
187049	2363
187049	2385
187049	2407
187049	2410
187049	2420
187049	2429
187049	2494
188222	2249
188222	2256
188222	2262
188222	2268
188222	2298
188222	2311
188222	2312
188222	2314
188222	2329
188222	2336
188222	2346
188222	2349
188222	2420
188718	2284
188718	2342
188718	2411
188718	2426
188724	2249
188724	2282
188724	2292
188724	2306
188724	2313
188724	2314
188724	2325
188724	2332
188724	2350
188724	2363
188724	2366
188724	2407
188948	2242
188948	2256
188948	2270
188948	2273
188948	2286
188948	2291
188948	2292
188948	2305
188948	2311
188948	2314
188948	2321
188948	2334
188948	2363
188948	2366
189288	2249
189288	2256
189288	2286
189288	2311
189288	2314
189288	2319
189288	2326
189288	2328
189288	2350
189288	2363
189288	2412
189978	2244
189978	2248
189978	2249
189978	2262
189978	2264
189978	2265
189978	2272
189978	2274
189978	2280
189978	2286
189978	2287
189978	2289
189978	2293
189978	2308
191503	2227
191503	2237
191503	2252
191503	2256
191503	2269
191503	2292
191503	2326
191503	2329
191503	2363
191902	2252
191902	2255
191902	2268
191902	2291
191902	2311
191902	2327
191902	2329
191902	2363
191902	2400
192992	2233
192992	2261
192992	2264
192992	2276
192992	2277
192992	2284
192992	2293
192992	2295
192992	2298
192992	2304
194952	2304
194952	2305
194952	2312
194952	2317
194952	2346
194952	2350
198256	2233
198256	2256
198256	2265
198256	2273
198256	2283
198256	2326
198256	2330
198256	2363
198256	2390
198256	2396
199007	2213
199007	2218
199007	2226
199007	2230
199007	2232
199007	2243
199007	2247
199007	2248
199007	2252
199007	2253
199007	2258
199007	2260
199007	2264
199007	2265
199007	2272
199007	2274
199007	2280
199007	2282
199007	2284
199007	2294
199007	2311
199007	2342
199069	2256
199069	2270
199069	2282
199069	2302
199339	2249
199339	2288
199339	2312
200126	2275
200126	2304
200126	2334
200126	2385
200126	2407
200665	2242
200665	2286
200665	2314
200665	2325
201865	2238
201865	2256
201865	2282
201865	2286
201865	2298
201865	2314
201865	2318
201865	2325
201865	2350
201865	2363
203295	2238
203295	2275
203295	2339
203295	2346
203295	2391
203506	2304
203506	2313
203506	2363
203506	2376
204895	2243
204895	2295
204895	2317
204895	2325
204895	2350
206404	2240
206404	2241
206404	2242
206404	2249
206404	2254
206404	2256
206404	2262
206404	2270
206404	2273
206404	2275
206404	2282
206404	2304
206404	2307
206404	2311
206404	2312
206404	2315
206404	2318
206404	2326
206404	2332
206404	2352
206404	2355
206404	2396
206557	2314
206557	2325
208070	2240
208070	2241
208070	2268
208070	2313
208070	2333
208070	2359
208070	2363
208070	2494
208598	2304
208598	2306
208598	2307
208598	2313
209308	2238
209308	2255
209308	2304
209308	2305
209308	2306
209308	2309
209308	2311
209308	2312
209308	2313
209308	2314
209308	2318
209308	2325
209308	2326
209308	2327
209308	2329
209308	2337
209308	2346
209308	2350
209308	2360
209308	2363
209308	2379
209308	2385
209308	2400
209308	2410
209375	2304
209375	2313
211747	2252
211747	2304
211747	2742
211825	2224
211825	2233
211825	2238
211825	2239
211825	2257
211825	2262
211825	2271
211825	2272
211825	2277
211825	2282
211825	2283
211825	2285
211825	2288
211825	2299
211825	2308
211825	2339
211825	2344
213035	2329
214461	2249
214461	2255
214461	2309
214461	2327
214461	2346
214461	2363
215493	2215
215493	2218
215493	2223
215493	2237
215493	2238
215493	2240
215493	2241
215493	2242
215493	2243
215493	2248
215493	2249
215493	2251
215493	2252
215493	2253
215493	2254
215493	2256
215493	2258
215493	2259
215493	2260
215493	2262
215493	2263
215493	2264
215493	2265
215493	2269
215493	2277
215493	2280
215493	2282
215493	2290
215493	2297
215493	2304
215493	2313
215493	2315
215493	2326
215493	2329
215493	2344
215493	2363
216738	2249
216738	2270
216738	2282
216738	2351
216738	2421
217248	2265
217248	2286
217248	2291
217248	2293
217248	2295
217248	2300
217248	2304
217248	2321
217248	2331
217248	2339
217248	2344
217814	2286
217814	2302
217814	2314
217814	2326
217814	2330
217814	2340
217814	2426
219202	2363
219202	2677
219369	2304
219369	2363
219369	2410
219516	2206
219516	2207
219516	2208
219516	2210
219516	2212
219516	2216
219516	2218
219516	2219
219516	2222
219516	2223
219516	2224
219516	2227
219516	2229
219516	2230
219516	2231
219516	2232
219516	2236
219516	2240
219516	2243
219516	2247
219516	2248
219516	2249
219516	2252
219516	2253
219516	2254
219516	2256
219516	2259
219516	2260
219516	2262
219516	2263
219516	2264
219516	2265
219516	2266
219516	2268
219516	2269
219516	2276
219516	2277
219516	2279
219516	2280
219516	2282
219516	2284
219516	2285
219516	2287
219516	2288
219516	2289
219516	2290
219516	2293
219516	2321
219719	2240
219719	2249
219719	2252
219719	2253
219719	2313
219719	2314
219719	2325
219719	2326
219719	2329
219719	2346
219719	2350
219719	2357
219719	2363
219719	2494
221564	2308
221564	2314
221564	2318
221564	2533
221564	2552
221564	3082
221564	3134
221746	2249
221746	2252
221746	2256
221746	2277
221746	2304
221746	2305
221746	2307
221746	2313
221746	2314
221746	2318
221746	2326
221746	2331
221746	2335
221746	2337
221746	2346
221746	2351
221746	2362
221746	2363
221746	2400
222886	2252
222886	2269
222886	2284
222886	2291
222886	2296
222886	2299
222886	2303
222886	2312
222886	2315
222886	2317
222886	2320
222886	2321
222886	2322
222886	2326
222886	2331
222886	2335
222886	2336
222886	2342
222886	2407
222886	2640
224073	2243
224073	2268
224073	2346
224073	2400
224661	2227
224661	2233
224661	2256
224661	2257
224661	2269
224661	2270
224661	2281
224661	2282
224661	2287
224661	2290
224661	2291
224661	2294
224661	2298
224661	2304
224661	2309
224661	2338
224661	2350
224661	2364
224661	2390
224661	2494
225204	2249
225204	2256
225204	2282
225204	2287
225204	2290
225204	2311
226264	2227
226264	2229
226264	2230
226264	2231
226264	2234
226264	2238
226264	2243
226264	2244
226264	2248
226264	2249
226264	2256
226264	2260
226264	2261
226264	2263
226264	2264
226264	2265
226264	2275
226264	2276
226264	2285
226264	2286
226264	2290
226264	2292
226264	2304
226264	2308
226264	2312
226264	2314
226264	2315
226264	2318
226264	2325
226264	2326
226264	2350
226264	2363
227249	2237
227249	2242
227249	2249
227249	2254
227249	2271
227249	2286
227249	2288
227249	2299
227249	2303
227249	2305
227249	2310
227249	2312
227249	2314
227249	2326
228053	2320
228053	2385
230291	2252
230291	2255
230291	2256
230291	2282
230291	2292
230291	2298
230291	2305
230291	2306
230291	2308
230291	2311
230291	2318
230291	2320
230291	2336
230291	2340
230291	2349
230291	2350
230291	2357
230291	2494
231583	2304
231583	2313
231583	2337
231583	2358
231583	2360
231583	2363
232511	2249
232511	2268
232511	2304
232511	2305
232511	2311
232511	2318
232511	2326
232511	2385
233252	2252
233252	2277
233252	2282
233252	2287
233252	2298
233252	2311
233252	2332
233252	2350
233252	2363
233739	2256
233739	2304
233739	2314
233739	2325
233739	2349
233739	2350
233739	2363
236270	2240
236270	2241
236270	2249
236270	2254
236270	2269
236270	2305
236270	2360
236493	2249
236493	2252
236493	2265
236493	2304
236493	2326
236493	2346
236493	2364
236493	2385
237810	2236
237810	2240
237810	2241
237810	2249
237810	2252
237810	2254
237810	2256
237810	2261
237810	2262
237810	2269
237810	2273
237810	2275
237810	2280
237810	2293
237810	2305
237810	2308
237810	2311
237810	2312
237810	2313
237810	2314
237810	2315
237810	2322
237810	2332
237810	2339
237810	2349
237810	2363
237810	2364
237810	2400
240042	2233
240042	2269
240042	2282
240042	2290
240042	2314
240042	2322
240042	2332
240042	2343
240042	2344
240042	2360
240042	2390
240042	2396
240042	2541
240229	2249
240229	2252
240229	2255
240229	2256
240229	2270
240229	2282
240229	2288
240229	2293
240229	2296
240229	2299
240229	2302
240229	2304
240229	2311
240229	2312
240229	2313
240229	2314
240229	2321
240229	2327
240229	2328
240229	2329
240229	2337
240229	2338
240229	2349
240229	2350
240229	2357
240229	2358
240229	2363
240229	2371
240229	2379
240229	2382
240229	2398
240229	2400
240229	2410
240229	2421
240229	2439
240229	2440
240229	2452
240229	2494
240229	2640
240229	3228
241441	2241
241441	2242
241441	2265
242159	2242
242159	2243
242159	2247
242159	2248
242159	2249
242159	2251
242159	2253
242159	2254
242159	2257
242159	2258
242159	2259
242159	2260
242159	2262
242159	2263
242159	2264
242159	2265
242159	2266
242159	2267
242159	2270
242159	2271
242159	2272
242159	2277
242159	2278
242159	2284
242159	2285
242159	2286
242159	2290
242159	2294
242159	2297
242159	2301
242159	2302
242159	2304
242159	2305
242159	2307
242159	2310
242159	2311
242159	2314
242159	2315
242159	2320
242159	2321
242159	2323
242159	2324
242159	2328
242159	2335
242159	2336
242159	2337
242159	2338
242159	2339
242159	2340
242159	2342
242159	2346
242159	2349
242159	2350
242159	2351
242159	2352
242159	2355
242159	2356
242159	2361
242159	2367
242159	2383
242159	2408
242159	2417
242159	2421
242159	2428
242159	2495
242159	2890
243236	2239
243236	2286
243236	2306
243236	2308
243236	2313
243236	2325
243236	2363
243236	2385
246132	2226
246132	2253
246132	2254
246132	2259
246132	2278
246132	2284
246132	2285
246132	2293
246132	2295
246632	2309
246632	2390
246632	2396
246632	2400
248665	2304
248665	2319
248755	2255
248755	2277
251084	2255
251084	2256
251084	2257
251084	2259
251084	2268
251084	2270
251084	2275
251084	2277
251084	2278
251084	2280
251084	2282
251084	2286
251084	2288
251084	2292
251084	2295
251084	2296
251084	2298
251084	2299
251084	2300
251084	2302
251084	2304
251084	2305
251084	2306
251084	2308
251084	2310
251084	2311
251084	2312
251084	2313
251084	2314
251084	2315
251084	2317
251084	2318
251084	2319
251084	2321
251084	2322
251084	2326
251084	2328
251084	2329
251084	2330
251084	2331
251084	2332
251084	2334
251084	2335
251084	2337
251084	2340
251084	2341
251084	2342
251084	2343
251084	2344
251084	2349
251084	2350
251084	2351
251084	2352
251084	2355
251084	2356
251084	2357
251084	2358
251084	2359
251084	2360
251084	2361
251084	2363
251084	2364
251084	2366
251084	2370
251084	2371
251084	2373
251084	2381
251084	2383
251084	2384
251084	2385
251084	2386
251084	2390
251084	2392
251084	2396
251084	2397
251084	2398
251084	2400
251084	2403
251084	2405
251084	2410
251084	2411
251084	2416
251084	2418
251084	2421
251084	2426
251084	2429
251084	2431
251084	2439
251084	2440
251084	2452
251084	2494
251084	2541
251084	2640
251407	2241
251407	2254
251407	2256
251407	2268
251407	2278
251407	2282
251407	2305
251407	2311
251407	2312
251407	2326
251407	2346
251407	2357
251407	2366
251407	2375
251407	2426
251940	2255
251940	2317
251940	2346
251940	2385
252984	2213
252984	2218
252984	2238
252984	2239
252984	2265
252984	2268
252984	2305
252984	2306
252984	2319
252984	2326
252984	2339
252984	2340
252984	2346
252984	2349
252984	2351
252984	2366
252984	2374
252984	2377
252984	2385
252984	2407
254673	2218
254673	2227
254673	2231
254673	2233
254673	2240
254673	2241
254673	2242
254673	2249
254673	2253
254673	2254
254673	2260
254673	2264
254673	2266
254673	2267
254673	2269
254673	2271
254673	2279
254673	2283
254673	2284
254673	2304
254673	2308
254673	2311
254673	2312
254673	2318
254673	2326
254673	2329
254673	2339
254673	2344
254673	2385
254673	2426
255195	2259
255195	2270
255195	2288
255195	2300
255195	2303
255195	2304
255195	2305
255195	2314
255195	2318
255195	2323
255195	2334
255195	2352
255195	2364
255195	2385
255377	2296
255377	2312
255377	2314
255377	2317
255377	2318
255377	2346
255693	2261
255693	2281
255693	2299
255693	2300
255693	2301
255693	2303
255693	2310
255693	2312
255693	2314
255693	2319
255693	2323
255693	2337
255693	2344
255693	2347
255693	2349
255693	2360
255693	2391
255961	2304
255961	2309
255961	2314
255961	2346
255961	2350
256126	2309
256126	2311
256126	2325
256126	2349
258734	2312
258734	2314
258734	2363
258734	2385
258734	2400
258734	2410
259847	2313
259847	2318
259847	2321
259847	2343
259847	2363
259847	2410
259952	2237
259952	2239
259952	2240
259952	2241
259952	2249
259952	2256
259952	2262
259952	2265
259952	2271
259952	2280
259952	2283
259952	2285
259952	2286
259952	2292
259952	2293
259952	2295
259952	2296
259952	2299
259952	2302
259952	2307
259952	2308
259952	2314
259952	2325
259952	2327
259952	2338
259952	2339
259952	2344
259952	2356
259952	2358
259952	2381
259952	2420
259952	2640
261982	2314
261982	2363
261982	2379
262445	2242
262445	2249
262445	2257
262445	2271
262445	2283
262445	2286
262445	2291
262445	2298
262445	2299
262445	2302
262445	2304
262445	2308
262445	2311
262445	2312
262445	2314
262445	2325
262445	2326
262445	2337
262445	2339
262445	2363
262445	2688
262445	2747
262726	2304
262726	2305
262726	2309
262726	2313
262726	2314
262726	2326
262726	2329
262726	2333
262726	2343
262726	2346
262726	2363
262726	2400
262726	3140
263454	2304
263454	2337
263856	2264
263856	2265
263856	2266
263856	2267
263856	2269
263856	2270
263856	2271
263856	2272
263856	2274
263856	2275
263856	2276
263856	2277
263856	2279
263856	2280
263856	2281
263856	2282
263856	2284
263856	2285
263856	2286
263856	2287
263856	2290
263856	2291
263856	2292
263856	2294
263856	2295
263856	2297
263856	2298
263856	2299
263856	2300
263856	2302
263856	2303
263856	2304
263856	2305
263856	2306
263856	2307
263856	2308
263856	2311
263856	2312
263856	2315
263856	2318
263856	2321
263856	2322
263856	2329
263856	2330
263856	2331
263856	2332
263856	2335
263856	2336
263856	2338
263856	2339
263856	2340
263856	2344
263856	2346
263856	2347
263856	2351
263856	2364
263856	2385
264025	2238
264025	2249
264025	2256
264025	2275
264025	2304
264025	2312
264025	2318
264025	2346
264090	2278
264090	2288
264090	2291
264090	2303
264090	2311
264090	2342
264135	2255
264135	2257
264135	2259
264135	2262
264135	2270
264135	2275
264135	2278
264135	2280
264135	2288
264135	2292
264135	2295
264135	2298
264135	2299
264135	2300
264135	2302
264135	2303
264135	2304
264135	2305
264135	2306
264135	2309
264135	2310
264135	2311
264135	2314
264135	2315
264135	2317
264135	2318
264135	2319
264135	2321
264135	2322
264135	2325
264135	2329
264135	2331
264135	2332
264135	2334
264135	2335
264135	2336
264135	2338
264135	2340
264135	2342
264135	2344
264135	2346
264135	2349
264135	2350
264135	2351
264135	2355
264135	2358
264135	2363
264135	2364
264135	2366
264135	2385
264135	2390
264135	2396
264135	2407
264135	2420
264135	2426
264135	2640
264490	2249
264490	2252
264490	2254
264490	2256
264490	2261
264490	2269
264490	2282
264490	2291
264490	2293
264490	2308
264490	2312
264490	2339
266031	2304
266031	2313
266031	2314
266031	2325
266031	2363
266031	2377
266356	2273
266356	2348
266356	2364
266837	2239
266837	2240
266837	2241
266837	2249
266837	2254
266837	2304
266837	2305
266837	2313
266837	2314
266837	2326
266837	2330
266837	2337
266837	2363
266837	2400
266837	2410
267590	2215
267590	2240
267590	2241
267590	2266
267590	2304
267590	2305
267590	2309
267590	2312
267590	2314
267590	2326
267590	2346
267783	2238
267783	2239
267783	2265
267783	2317
268762	2213
268762	2215
268762	2239
268762	2254
268762	2256
268762	2267
268762	2268
268762	2296
268762	2311
268762	2312
268762	2350
268762	2385
268762	2639
268891	2304
268891	2313
268891	2314
268891	2329
268891	2363
268891	2400
268891	2410
268991	2249
268991	2304
268991	2312
268991	2313
268991	2314
268991	2363
268991	2410
269720	2238
269720	2241
269720	2303
269720	2304
269720	2305
269720	2306
269720	2309
269720	2312
269720	2315
269720	2318
269720	2326
269720	2330
269720	2332
269720	2350
269720	2364
269720	2385
271089	2350
271089	2640
271966	2265
271966	2291
271966	2293
271966	2296
271966	2308
271966	2336
271966	2350
271976	2255
271976	2268
271976	2304
271976	2310
271976	2311
271976	2312
271976	2321
271976	2326
271976	2350
271976	2363
272179	2231
272179	2264
272179	2270
272179	2287
272179	2290
272179	2292
272179	2293
272179	2311
272179	2315
272179	2326
272179	2339
272179	2344
272179	2349
272179	2350
272805	2215
272805	2260
272805	2312
272805	2337
272805	2351
273258	2231
273258	2235
273258	2265
273258	2268
273258	2293
273691	2239
273691	2240
273691	2241
273691	2249
273691	2252
273691	2265
273691	2270
273691	2286
273691	2296
273691	2306
273691	2311
273691	2312
273691	2318
273691	2335
273691	2339
273691	2344
273691	2346
273691	2349
273691	2350
273691	2385
274161	2277
274161	2306
274161	2346
275246	2256
275246	2269
275246	2273
275246	2292
275246	2314
275246	2416
276034	2238
276034	2255
276034	2262
276034	2300
276034	2305
276034	2311
276034	2314
276034	2326
276034	2340
276034	2346
276034	2362
276034	2363
276034	2385
277439	2326
277439	2350
278559	2240
278559	2242
278559	2256
278559	2264
278559	2269
278559	2270
278559	2280
278559	2282
278559	2286
278559	2297
278559	2299
278559	2302
278559	2307
278559	2311
278559	2314
278559	2315
278559	2318
278559	2319
278559	2322
278559	2328
278559	2331
278559	2333
278559	2335
278559	2337
278559	2340
278559	2344
278559	2352
278559	2359
278559	2361
278559	2364
278559	2367
278559	2371
278559	2372
278559	2381
278559	2382
278559	2396
278559	2414
278559	2494
278559	2515
281734	2262
281734	2264
281734	2265
281734	2266
281734	2269
281734	2270
281734	2275
281734	2276
281734	2279
281734	2280
281734	2282
281734	2284
281734	2286
281734	2290
281734	2293
281734	2295
281734	2297
281734	2300
281734	2349
282486	2305
282486	2314
282486	2337
282486	2350
282486	2400
284565	2240
284565	2241
284565	2242
284565	2249
284565	2254
284565	2257
284565	2304
284565	2305
284565	2306
284565	2313
284565	2314
284565	2318
284565	2337
284565	2363
284565	2385
284565	2410
290703	2319
290703	2321
290703	2329
290703	2346
290703	2350
290703	2364
290977	2233
290977	2241
290977	2249
290977	2255
290977	2256
290977	2268
290977	2269
290977	2279
290977	2286
290977	2296
290977	2299
290977	2304
290977	2305
290977	2312
290977	2314
290977	2325
290977	2326
290977	2327
290977	2329
290977	2334
290977	2337
290977	2338
290977	2349
290977	2350
290977	2363
290977	2385
290977	2386
290977	2400
290977	2410
292663	2238
292663	2239
292663	2240
292663	2249
292663	2252
292663	2254
292663	2255
292663	2265
292663	2288
292663	2291
292663	2294
292663	2299
292663	2302
292663	2305
292663	2307
292663	2309
292663	2311
292663	2312
292663	2315
292663	2318
292663	2322
292663	2326
292663	2339
292663	2346
292663	2351
292663	2366
294461	2325
294461	2329
294461	2333
294461	2343
294461	2350
294461	2363
294461	2379
294461	2383
294461	2410
294461	2412
294461	2494
294461	2515
296242	2233
296242	2282
296242	2306
296242	2315
296242	2342
296242	2411
296244	2238
296244	2252
296244	2302
296244	2314
296244	2322
296244	2344
296244	2346
296244	2363
297061	2241
297061	2249
297061	2266
297061	2268
297061	2303
297061	2307
297061	2332
297623	2249
297623	2268
297623	2271
297623	2329
298825	2241
298825	2249
298825	2256
298825	2295
298825	2309
298825	2363
298825	2385
299210	2238
299210	2320
299210	2326
299210	2364
299884	2255
299884	2305
299884	2311
299884	2314
299884	2323
299884	2329
299884	2366
299884	2385
299884	2403
300562	2212
300562	2216
300562	2217
300562	2218
300562	2220
300562	2221
300562	2222
300562	2224
300562	2226
300562	2227
300562	2231
300562	2232
300562	2234
300562	2236
300562	2237
300562	2239
300562	2243
300562	2253
300562	2254
300562	2257
300562	2259
300562	2260
300562	2262
300562	2263
300562	2265
300562	2266
300562	2267
300562	2274
300562	2278
300562	2279
300562	2284
300562	2285
300562	2291
301487	2249
301487	2304
301487	2326
301487	2331
301487	2416
301487	2426
302110	2229
302110	2230
302110	2231
302110	2234
302110	2238
302110	2239
302110	2242
302110	2243
302110	2248
302110	2249
302110	2252
302110	2253
302110	2254
302110	2256
302110	2257
302110	2258
302110	2259
302110	2261
302110	2262
302110	2264
302110	2265
302110	2266
302110	2270
302110	2273
302110	2275
302110	2277
302110	2278
302110	2279
302110	2280
302110	2281
302110	2282
302110	2284
302110	2286
302110	2288
302110	2289
302110	2290
302110	2293
302110	2295
302110	2305
302110	2312
302110	2314
302110	2363
302110	2393
302110	2426
302110	3031
302488	2252
302488	2264
302488	2272
302488	2279
302488	2280
302488	2288
302488	2297
302488	2311
302645	2215
302645	2231
302645	2238
302645	2269
302645	2275
302645	2304
302645	2306
302645	2309
302645	2322
302645	2326
302645	2363
302645	2641
303269	2211
303269	2215
303269	2221
303269	2227
303269	2233
303269	2237
303269	2240
303269	2241
303269	2242
303269	2249
303269	2252
303269	2253
303269	2254
303269	2256
303269	2257
303269	2261
303269	2266
303269	2268
303269	2273
303269	2278
303269	2285
303269	2287
303269	2290
303269	2291
303269	2294
303269	2298
303269	2312
303269	2314
303269	2329
303269	2336
303269	2346
303269	2364
303269	2385
305182	2236
305182	2252
305182	2255
305182	2265
305182	2268
305182	2279
306282	2242
306282	2252
306282	2269
306282	2270
306282	2271
306282	2275
306282	2277
306282	2295
306282	2297
306282	2298
306282	2302
306282	2304
306282	2309
306282	2310
306282	2314
306282	2321
306282	2322
306282	2326
306282	2329
306282	2332
306282	2333
306282	2339
306282	2344
306282	2346
306282	2350
306282	2357
306282	2358
306282	2360
306282	2363
306282	2366
306282	2371
306282	2381
306282	2385
306282	2390
306282	2396
306282	2400
306282	2410
306282	2411
306282	2418
306282	2420
306282	2426
306282	2640
306688	2238
306688	2240
306688	2241
306688	2242
306688	2249
306688	2254
306688	2256
306688	2268
306688	2273
306688	2275
306688	2277
306688	2282
306688	2286
306688	2287
306688	2291
306688	2304
306688	2305
306688	2308
306688	2311
306688	2312
306688	2313
306688	2317
306688	2318
306688	2326
306688	2329
306688	2346
306688	2350
306688	2363
306688	2385
306688	2400
306688	2410
307201	2234
307201	2254
307201	2256
307201	2258
307201	2259
307201	2260
307201	2262
307201	2264
307201	2266
307201	2267
307201	2269
307201	2270
307201	2271
307201	2276
307201	2280
307201	2281
307201	2285
307201	2290
307201	2297
307201	2302
307201	2304
307201	2307
307201	2313
307201	2314
307201	2315
307201	2320
307201	2322
307201	2323
307706	2255
307706	2257
307706	2264
307706	2286
307706	2292
307706	2305
307706	2306
307706	2307
307706	2313
307706	2314
307706	2326
307706	2346
307706	2410
308453	2230
308453	2231
308453	2232
308453	2234
308453	2242
308453	2243
308453	2247
308453	2251
308453	2253
308453	2254
308453	2257
308453	2259
308453	2287
308453	2290
308453	2292
308453	2293
308453	2295
308453	2297
308453	2298
308453	2299
308453	2300
308453	2301
308453	2302
308453	2303
308453	2304
308453	2308
308453	2315
308834	2211
308834	2212
308834	2215
308834	2216
308834	2217
308834	2218
308834	2219
308834	2220
308834	2222
308834	2223
308834	2224
308834	2226
308834	2228
308834	2229
308834	2230
308834	2231
308834	2234
308834	2238
308834	2241
308834	2242
308834	2243
308834	2244
308834	2248
308834	2249
308834	2251
308834	2252
308834	2253
308834	2257
308834	2258
308834	2259
308834	2260
308834	2262
308834	2263
308834	2265
308834	2266
308834	2267
308834	2269
308834	2275
308834	2276
308834	2277
308834	2279
308834	2280
308834	2282
308834	2284
308834	2287
308834	2288
308834	2295
308834	2344
309162	2304
309162	2313
309162	2314
309162	2321
309162	2327
309162	2337
309162	2346
309162	2350
309162	2363
309162	2386
309162	2400
309162	2410
309162	2411
309926	2238
309926	2286
309926	2295
309926	2308
309926	2309
309926	2311
309926	2314
309926	2315
309926	2319
309926	2322
309926	2325
309926	2326
309926	2342
309926	2350
309926	2363
309926	2364
309926	2400
309926	2426
310354	2206
310354	2207
310354	2208
310354	2210
310354	2211
310354	2212
310354	2215
310354	2216
310354	2218
310354	2223
310354	2224
310354	2227
310354	2230
310354	2231
310354	2233
310354	2234
310354	2236
310354	2238
310354	2239
310354	2240
310354	2243
310354	2248
310354	2249
310354	2251
310354	2252
310354	2253
310354	2256
310354	2257
310354	2259
310354	2260
310354	2261
310354	2262
310354	2263
310354	2264
310354	2265
310354	2266
310354	2267
310354	2269
310354	2271
310354	2272
310354	2274
310354	2275
310354	2276
310354	2277
310354	2279
310354	2280
310354	2282
310354	2283
310354	2284
310354	2285
310354	2287
310354	2288
310354	2289
310354	2292
310354	2293
310354	2294
310354	2295
310354	2297
310354	2298
310354	2299
310354	2300
310354	2302
310354	2303
310354	2304
310354	2306
310354	2312
310354	2315
310354	2321
310354	2326
310354	2329
310354	2364
310354	2366
310354	2390
310461	2350
310499	2255
310499	2292
310499	2312
310499	2326
310499	2385
312108	2304
312108	2311
312108	2314
312108	2315
312108	2328
312108	2344
312497	2223
312497	2224
312497	2226
312497	2227
312497	2228
312497	2229
312497	2230
312497	2231
312497	2232
312497	2233
312497	2234
312497	2238
312497	2241
312497	2243
312497	2247
312497	2248
312497	2249
312497	2251
312497	2252
312497	2253
312497	2258
312497	2259
312497	2260
312497	2261
312497	2263
312497	2264
312497	2265
312497	2267
312497	2271
312497	2272
312497	2273
312497	2274
312497	2276
312497	2277
312497	2278
312497	2279
312497	2280
312497	2282
312497	2283
312497	2284
312497	2287
312497	2289
312497	2303
312497	2311
312497	2312
312497	2315
312497	2317
312497	2321
312497	2367
312497	2385
312497	2407
313893	2288
313893	2298
313893	2326
313893	2336
313893	2337
313893	2341
313893	2350
313893	2361
314302	2252
314302	2311
315749	2239
315749	2240
315749	2241
315749	2249
315749	2268
315749	2278
315749	2295
315749	2308
315749	2311
315749	2312
315749	2314
315749	2318
315749	2326
315749	2329
315749	2348
315749	2385
315749	2410
315749	2426
315749	2444
316528	2268
316528	2299
316528	2300
316528	2390
316528	2407
318503	2215
318503	2224
318503	2231
318503	2233
318503	2237
318503	2238
318503	2240
318503	2241
318503	2242
318503	2252
318503	2261
318503	2264
318503	2265
318503	2266
318503	2268
318503	2269
318503	2271
318503	2278
318503	2282
318503	2283
318503	2287
318503	2293
318503	2297
318503	2298
318503	2299
318503	2302
318503	2304
318503	2305
318503	2308
318503	2309
318503	2310
318503	2312
318503	2313
318503	2314
318503	2318
318503	2319
318503	2320
318503	2323
318503	2325
318503	2326
318503	2328
318503	2329
318503	2334
318503	2337
318503	2339
318503	2342
318503	2346
318503	2350
318503	2351
318503	2355
318503	2356
318503	2360
318503	2363
318503	2366
318503	2370
318503	2381
318503	2390
318503	2400
318503	2403
318503	2410
318503	2411
318503	2420
318503	2421
318503	2429
318503	2440
318503	2452
318503	2494
318518	2241
318518	2249
318518	2254
318518	2304
318518	2312
318518	2313
318518	2314
318518	2321
318518	2325
318518	2326
318518	2338
318518	2363
318518	2378
318518	2385
318518	2410
318518	2426
318993	2255
318993	2256
318993	2268
318993	2270
318993	2275
318993	2282
318993	2292
318993	2293
318993	2303
318993	2304
318993	2305
318993	2306
318993	2307
318993	2309
318993	2311
318993	2312
318993	2313
318993	2315
318993	2326
318993	2328
318993	2331
318993	2332
318993	2339
318993	2340
318993	2344
318993	2346
318993	2349
318993	2350
318993	2352
318993	2355
318993	2357
318993	2360
318993	2363
318993	2364
318993	2373
318993	2385
318993	2390
318993	2396
318993	2397
318993	2400
318993	2402
318993	2407
318993	2411
318993	2420
318993	2421
318993	2425
318993	2483
318993	2541
319194	2227
319194	2233
319194	2254
319194	2304
319194	2640
320537	2206
320537	2207
320537	2208
320537	2210
320537	2211
320537	2212
320537	2216
320537	2218
320537	2219
320537	2220
320537	2223
320537	2224
320537	2226
320537	2230
320537	2231
320537	2233
320537	2234
320537	2236
320537	2239
320537	2240
320537	2242
321036	2226
321036	2240
321036	2241
321036	2249
321036	2268
321036	2304
321036	2306
321036	2312
321036	2326
321036	2363
321235	2255
321235	2278
321235	2282
321235	2298
321235	2311
321235	2332
321235	2363
321235	2385
321346	2307
321348	2256
321348	2268
321348	2304
321348	2305
321348	2306
321348	2308
321348	2312
321348	2313
321348	2314
321348	2319
321348	2363
321348	2857
321491	2296
321491	2304
321491	2317
321491	2363
321491	2385
322216	2236
322216	2252
322216	2264
322216	2265
322216	2266
322216	2271
322216	2272
322216	2273
322216	2274
322216	2279
322216	2281
322216	2282
322216	2284
322216	2285
322216	2286
322216	2290
322216	2293
322216	2294
322216	2297
322216	2299
322216	2301
322216	2305
322216	2306
322216	2307
322216	2308
322216	2344
322216	2346
322216	2349
322465	2240
322465	2247
322465	2249
322465	2252
322465	2260
322465	2261
322465	2262
322465	2264
322465	2265
322465	2267
322465	2271
322465	2276
322465	2282
322531	2215
322531	2217
322531	2218
322531	2221
322531	2222
322531	2223
322531	2237
322531	2240
322531	2241
322531	2247
322531	2254
322531	2256
322531	2261
322531	2262
322531	2263
322531	2265
322531	2270
322531	2271
322531	2272
322531	2275
322531	2285
322531	2287
322531	2321
322531	2327
322531	2329
322531	2335
322531	2336
322531	2351
322531	2385
322531	2407
324280	2249
324280	2253
324280	2318
324280	2334
324280	2337
324280	2363
325823	2233
325823	2249
325823	2282
325823	2305
325823	2311
325823	2321
325823	2344
325823	2346
325823	2363
325823	2379
326002	2314
326002	2318
326002	2363
326002	2885
326768	2317
326768	2349
326768	2360
326768	2382
326915	2305
326915	2312
326915	2325
326915	2385
326915	2412
327130	2249
327130	2252
327130	2256
327130	2257
327130	2259
327130	2262
327130	2269
327130	2270
327130	2277
327130	2282
327130	2288
327130	2299
327130	2302
327130	2304
327130	2305
327130	2306
327130	2308
327130	2311
327130	2312
327130	2315
327130	2318
327130	2322
327130	2326
327130	2329
327130	2331
327130	2332
327130	2334
327130	2335
327130	2346
327130	2351
327130	2364
327130	2366
327130	2385
327130	2390
327130	2407
327999	2282
327999	2313
327999	2346
329126	2268
329126	2326
329126	2337
329126	2355
329126	3232
330387	2249
330387	2256
330387	2275
330387	2292
330387	2304
330387	2326
330387	2445
330407	2215
330407	2227
330407	2233
330407	2241
330407	2249
330407	2253
330407	2256
330407	2264
330407	2266
330407	2268
330407	2270
330407	2271
330407	2273
330407	2275
330407	2277
330407	2282
330407	2297
330407	2304
330407	2306
330407	2309
330407	2310
330407	2312
330407	2314
330407	2326
330407	2333
330407	2335
330407	2346
330407	2350
330407	2351
330407	2355
330407	2357
330407	2363
330407	2382
330407	2397
332101	2255
332101	2304
332101	2305
332101	2312
332101	2314
332101	2363
332204	2269
332204	2270
332204	2332
332204	2351
332204	2363
332204	2396
332346	2265
332346	2269
332346	2280
334571	2215
334571	2238
334571	2255
334571	2286
334571	2296
334571	2311
334705	2241
334705	2267
334998	2334
